pred_basic
0.06450621116391325
0.015597664869625901
0.022982931149987253
0.007065965030195532
0.011241043308258657
0.006605947590594619
0.023204557841659576
0.16590848504569708
0.10231160510997549
0.023078106583417603
0.008079634877823127
0.19003381277402837
0.11194499258939833
0.043738516417056054
0.028302074988894328
0.015223853770389746
0.7689324791812828
0.006205033975541748
0.05170623802517527
0.03943613506471471
0.00412909153062007
0.036284196851336624
0.0070384368086153625
0.016682430174644342
0.8738798990463362
0.08352007119237974
0.0016371541065698637
0.01766104267076088
0.028422335230154847
0.023430281818538585
0.06652792107929331
0.1395431266397786
0.013839214345712045
0.12154474317435725
0.026326040793049017
0.10543616303888231
0.0075878006801362845
0.05697381949288988
0.32111749577537985
0.37662835018213064
0.007182063750144725
0.002506449929414835
0.01702164349924077
0.006232188759971066
0.1733964832246837
0.14417440802734202
0.006050796581577441
0.042596739753482805
0.3427822006767267
0.03567033625488033
0.024282088205850795
0.06812967904058854
0.027951271790940636
0.036177307884314946
0.013237037287446561
0.831795892832693
0.02757688935507697
0.002518664851369329
0.9488809063231338
0.2652741181089954
0.09356011495487859
0.0027959701155285477
0.17290490719864102
0.059987310098454524
0.0017046119959220035
0.0018675760644121357
0.01622430817728966
0.9828550319618294
0.901149137953637
0.030225345270263004
0.023846519117640005
0.012548562260198778
0.16347693149683312
0.08038099189833565
0.006791892145234778
0.01888271490550695
0.009583115611845945
0.011832241022090066
0.0280902551043306
0.005952057364057073
0.016885448368074926
0.9427210637322965
0.03525676786019032
0.017400116994512424
0.03979280250580779
0.9798750164918637
0.01874794309278315
0.9772865302841107
0.014923922630353494
0.054906833665555016
0.1489126618547745
0.04135372677541958
0.008876218039882078
0.03614586985237403
0.18447606918594847
0.003552109322734068
0.023790665815611012
0.03429511653447119
0.8581409597512685
0.019780636616168034
0.014319838261583189
0.10532602660155602
0.011121773316859035
0.0018956277451064952
0.22655823247379991
0.014028689578958187
0.014918696236143517
0.8550079311399564
0.007832689533810416
0.04840852542426928
0.01123111720616773
0.13536216464686004
0.005368435789225243
0.034327919790391695
0.9468314754379262
0.008733970422891629
0.12315463895485734
0.0029872890844186337
0.013606249823550921
0.029717382127715304
0.9167912190374417
0.969430625749396
0.01681152605372693
0.05208080508246187
0.9501542559436776
0.0028545638825987225
0.960482570074324
0.05058486657398249
0.002359475921360267
0.9663098564675382
0.07848177979993726
0.015833987374220912
0.02550773130266791
0.06740515060565061
0.06944425755215448
0.02645378156550417
0.17715710652348413
0.992340218733024
0.017082950142514455
0.022659529686688728
0.03214406033313878
0.008818520806566567
0.9622250268629556
0.008663711146830795
0.017762896224306303
0.05147414249337945
0.044522900250110346
0.013466632006344032
0.07242241946050643
0.060406907393849595
0.012737232593248042
0.18157259118594493
0.013015614816729795
0.05281985475231595
0.1121957213189631
0.09578958800570837
0.011135602587371795
0.0016016921210349835
0.037259716827156245
0.020266600586325092
0.01490544665553206
0.01183918953808974
0.021324824697466303
0.9715516927158041
0.002434718011006659
0.03509527772543791
0.07537444016147467
0.0102896367706198
0.037499892799504456
0.019826457156732622
0.03179828573866593
0.09403507026090427
0.007462969991464124
0.14182982128738633
0.012775298336601817
0.021414687325832203
0.025730175683212092
0.013743534667409602
0.03852347365140641
0.018584312216837404
0.012918854759071707
0.03282231896396266
0.017933993841400413
0.06208038068952831
0.0597853686329427
0.040916010571071665
0.03049588319410271
0.05074913555549622
0.03163972147711306
0.021661576947767363
0.02167315727764375
0.061572870331663455
0.014068185682375877
0.03505415216598968
0.9371224895993251
0.13425704123346102
0.015871893022637855
0.03712213190557937
0.02736520804449532
0.1529995165547026
0.0074392578793286675
0.030228740189198366
0.05481520115923875
0.005892730620760562
0.013164531324893189
0.016423691337736922
0.001878371122041744
0.22214039756804735
0.02293144657455962
0.04025254136117015
0.10054695823120709
0.086207351100391
0.041901015296695945
0.8295546066309353
0.04630287901027158
0.03796048379832641
0.010342055334909447
0.042995958033371175
0.02451390635450225
0.004813380295034912
0.07340560480719867
0.9172227241797628
0.01705100674842489
0.012874797857719828
0.9880640825553128
0.017615395982040954
0.21258339793883285
0.07103989870322826
0.006186308701541724
0.016958126965085783
0.038830979805073294
0.0043610589696396794
0.03425759830737386
0.1864190552958935
0.01601006544886905
0.2866308538266424
0.03277964559781092
0.02135554330626583
0.03465321782862033
0.03856218841365139
0.01613774518926527
0.8936705894821064
0.12447664859733282
0.001851622192074016
0.1743827758962185
0.03239153276855977
0.9672553994435644
0.06345393740167203
0.0012485595882051408
0.24365622743324367
0.006326832695986468
0.012484022360807976
0.08597833781812861
0.028895400631719904
0.015168519881055222
0.12994983514882935
0.008155220162208241
0.045640851400284024
0.00278095376434217
0.009127283724594816
0.005470587562382097
0.08804765573011736
0.007496792897467972
0.017306351854669402
0.002827625883846165
0.020218524411824427
0.029884526241937603
0.08764296193887637
0.03372863704452375
0.016015576017728867
0.05027173383795683
0.04390960820732376
0.016188991789131572
0.14660789768554414
0.009505100109585864
0.02140270066219074
0.9303173670876103
0.03110783130406038
0.02236850064471216
0.03648087001014065
0.015373932839386133
0.08533766938040697
0.9269250132953971
0.023478765090881946
0.9938596695792459
0.009587165907126534
0.03364267606053833
0.005648167833049558
0.060152932645954005
0.001912165028940992
0.010476696102630773
0.005277428732474033
0.012617992231792465
0.026332687761660905
0.012391749164357979
0.005362165304765629
0.17803962029075804
0.028358460385505293
0.13731222566703083
0.9765791420188648
0.0013647792835209127
0.00902875893876943
0.01716794770476662
0.005373464888042143
0.06268973521575866
0.008997636329682278
0.007514236056120529
0.02054017608134108
0.02093422746338208
0.025747304000840177
0.6209316732220459
0.9857255888017296
0.017602163886993406
0.06509323531662933
0.015676852549683824
0.04561918305094213
0.02019533947782653
0.0016904328277427693
0.041513427488697935
0.007416914050084023
0.347775311969886
0.009402334437722754
0.007262065240118707
0.005435613786309352
0.008316843147226933
0.04338829286758651
0.02041637156320461
0.044625984416460825
0.08483700745395045
0.024942403636335094
0.017070142841105876
0.10858696808485693
0.0047887283193531974
0.0034445943736322827
0.04371338564596966
0.05158781256862579
0.011517895722612515
0.015083573693204797
0.004237131729271934
0.3730545523315347
0.0016962138868814724
0.04156322333569676
0.08515436821633252
0.03263036566582727
0.0199622996496702
0.9950748516068292
0.9814356803738745
0.21372030197909442
0.02034747902022478
0.01724607645932886
0.023013972552672513
0.20142235076886886
0.004704767769793125
0.0021326086844955278
0.011363107780718413
0.8132320968777695
0.04042831939990098
0.05146691277653044
0.00713802961584653
0.1816588532750086
0.10769792469291754
0.016280361208750777
0.9772005548755617
0.01897043336999848
0.022898635524105725
0.030214818538087954
0.02146693626733291
0.08804832079810095
0.0015836251088800699
0.03402853585789634
0.010078902397404752
0.023458068139762804
0.08541231644718567
0.010026505338214958
0.0013750671935838638
0.044075770444141016
0.04415167605451534
0.01832134160726636
0.13917868948913767
0.012499007104101055
0.017528465755750077
0.013629377702284642
0.01514491164313313
0.006378223650371497
0.03514615959940972
0.02592991955443612
0.02295589304373096
0.015171357980150398
0.0009695378107552805
0.027172361827526845
0.018837726958289253
0.06827753915616454
0.03335600510426779
0.04318298864029673
0.928563300616602
0.052912579342721054
0.9860717150686331
0.08076251856465276
0.04031337308659167
0.02626172406309904
0.9405328031154542
0.011297835634500744
0.01812503587073494
0.002891112668783917
0.03440413010034477
0.016003102618859615
0.0028977276330385718
0.17162680320891074
0.05051917333267172
0.09099933038355995
0.1522776750130358
0.044898501053207085
0.02218348595118401
0.0234044909071811
0.057404575329285806
0.01271209287495375
0.11445734327450448
0.9191947253834127
0.0023568450076373528
0.010249017130418264
0.0064075373416474625
0.01588292253624908
0.010361966530863777
0.027144395756221202
0.9550490698244543
0.007629355166424078
0.011123270478772429
0.10785288812876001
0.012761287878790892
0.025542975154573655
0.0158153190663146
0.014038557978236154
0.023171299522511516
0.12420364201411063
0.9428611311198277
0.025214298313131787
0.022790078838399598
0.04913727604052612
0.030309510417256925
0.0075866676442408205
0.007788654879821189
0.03659707175829962
0.9839319878406231
0.1856346621712654
0.03418941389798295
0.03210349255251358
0.019410865679419333
0.04862917763344192
0.024291094589411557
0.015243073010997145
0.1766823187907532
0.010494582759428618
0.045954158167636386
0.0018942547443399555
0.01820201545098462
0.016562137407645155
0.005811422649109472
0.03649199639256414
0.020184153592346394
0.023015319517375024
0.15742001968923797
0.9784889659276512
0.04793905847370245
0.005632438615509208
0.019934990426157765
0.007416106609169337
0.04999597522290684
0.6807938610337804
0.04272311546648881
0.006853244249526817
0.04210689518399729
0.8811707041714618
0.03876798395192651
0.02361728822401914
0.06181760470990086
0.011069654995796603
0.12258918288507936
0.030840800164829804
0.019425210513529884
0.12966080646174552
0.05360770685165765
0.01284692243052016
0.03409186017997733
0.0016172823583998559
0.024788376528936434
0.022199128398244745
0.00984669334469871
0.004212318899547344
0.010047066685924456
0.031064324608346332
0.9724816397734437
0.0014503669762869842
0.02059740965726936
0.15947086364492855
0.025337027577036646
0.003459826573681867
0.15154373064708887
0.29435007948624226
0.019169446648829667
0.2869727977086082
0.018459352196001276
0.029722994927164344
0.0028649308557928276
0.014386398003993817
0.07781850358965436
0.018043492084702663
0.023647602268556504
0.9949046807295082
0.9810524402725423
0.038690319779550245
0.9391673419608422
0.037382227660643
0.03697480528344912
0.0030252519487513345
0.08383886975538453
0.03294331858045345
0.14329108368881463
0.053018235350629155
0.09793211218883771
0.9820879947002835
0.05885631434162513
0.013441904852740485
0.035653602073129766
0.02670251562836148
0.023771869235530343
0.9801866356616552
0.13651143381977623
0.9708609692201381
0.06948236400473971
0.06444924051222022
0.22158375421158694
0.08793479088582082
0.2844197946222699
0.03640194589282712
0.25208841461421333
0.012612418178554378
0.0007916550098005306
0.10841811608245416
0.017223313939346493
0.029893284963063836
0.8641323731681805
0.011913287062108001
0.5429971099695741
0.05827987733238035
0.03604629493755789
0.0235256548548773
0.002443206251737218
0.04405306090766726
0.012487240964083546
0.04417490514521391
0.14147609770419045
0.06654242406053372
0.024383657408795785
0.057583221302172916
0.004612943645122138
0.002314272549266805
0.9226490663972169
0.0070308002723529885
0.06486954172033717
0.001863820520273557
0.00469600665063327
0.9245035348301951
0.04892128831262836
0.010766737848422607
0.012104790673471845
0.14917191090724857
0.9575308272668354
0.9654687257560707
0.019357797649766362
0.031376291967085634
0.014333980535510387
0.013757287352615976
0.007065658577409238
0.4220363352489012
0.017747327454741182
0.02478783508584186
0.008206960952639206
0.017614560811008543
0.03829720141053148
0.019086499813872494
0.029669376955019488
0.13311821735683665
0.14266025659262863
0.007144016191423423
0.05262101073965178
0.03260778880635397
0.0033334964955987418
0.03703159887244863
0.0020026292238730075
0.025779947467953226
0.04151203412410077
0.010142126751509715
0.062318979248766886
0.021034265920421912
0.0007906229446624134
0.00927934423073635
0.008172876992725248
0.048796685735333384
0.015768042971137906
0.001922637403002087
0.022558209038152293
0.04273249942313858
0.02815944790915577
0.9293640540318912
0.03829318569347812
0.0031420741277923135
0.0016650214785917513
0.021830754325136557
0.006821423873010612
0.9674673791806687
0.005830825985360542
0.009116035216016444
0.004933198065975271
0.9543419385935408
0.03521701294731359
0.019820501895931698
0.02192539371058613
0.985023950611275
0.003932610719699644
0.06397137972061731
0.013238026848571734
0.12526890378176514
0.011696342654633695
0.03075857995587105
0.006238437165892877
0.008690208370880985
0.030642272903928645
0.011780621326432605
0.022268073932090123
0.012190517841617066
0.0011767201291218285
0.02210895764053482
0.2504189367264423
0.978689775705641
0.038534100886628966
0.024725987922721057
0.06960021301130252
0.0026303743512242355
0.01726377491615525
0.03454200165197154
0.013186201100376367
0.04234132801668873
0.024477752965073325
0.0036273141565889904
0.009293450230189345
0.01137691087096349
0.006337169190612695
0.009411649671345265
0.009303169093381638
0.02301257015322147
0.0022566480987265924
0.030928681487597653
0.9881318813944671
0.01871056941523744
0.014606764073482617
0.3332717857423258
0.04217122938013712
0.8623659995641804
0.005849276429428991
0.025098911654147328
0.0390512932718682
0.013813667047260659
0.0021655268778829192
0.22630100704391806
0.035066095278148884
0.005263269714287778
0.014656820817926543
0.0343630518242387
0.23169831686497389
0.018777779752240265
0.07441469090913107
0.008329423177835985
0.0035070932683430433
0.017710241791426502
0.002845388837246971
0.011559448077777408
0.01603100549483685
0.0123301866474515
0.0029113505347601967
0.02489427047119167
0.994703640794632
0.03300202216330115
0.045497813649548524
0.084582205781277
0.0196513890028432
0.007842669567939832
0.07943542006876533
0.015181579112991126
0.07358330224519087
0.0738386335444008
0.019594757249481447
0.07307614827301538
0.1625884040842975
0.013786825692684104
0.004465373868909218
0.9663780015989715
0.12293287763158722
0.022281828279117222
0.10217453606135665
0.028997381615779878
0.9635163590842571
0.013607531325376053
0.010689534439817091
0.06382922935702201
0.9563063008044403
0.04677899408858412
0.025535975905983062
0.015220476091298901
0.008295488440522327
0.0028719992864393593
0.02700124240832942
0.0242000452564611
0.1402242362904516
0.004526537021563925
0.12584266244835587
0.1085585965842961
0.04049548110800464
0.03543529120988955
0.015894212805273367
0.0038644249725971035
0.02527676974051999
0.0639000620995331
0.015366160299721985
0.02559153939232625
0.24354167814427463
0.9464858764093576
0.025663092568139787
0.12394794609073434
0.0565089881229675
0.1234867721129723
0.01615307523613277
0.02361007956157396
0.006298314982234638
0.9747218571818368
0.019268518273275057
0.9338759614833979
0.07814723885524805
0.06618400363091144
0.024352957279875204
0.7127980340652874
0.9687103170821291
0.9706442147355073
0.031490675413913614
0.025359981608090162
0.9802953323877552
0.06090438974708473
0.010999055566236406
0.047418819959049764
0.030414938181946214
0.015121207418591517
0.02203984422877545
0.03653088699665234
0.7748795603413813
0.9482764338363768
0.01551610123616842
0.12939475265930706
0.0568598127490146
0.03449539225451716
0.022557376747296166
0.0035136499713434377
0.21517888435841986
0.012832071223766657
0.025066418216537007
0.01305828847751944
0.13949854982763255
0.02943080810119711
0.04301053387076365
0.24152343641731133
0.05661685373894855
0.9768206389292713
0.005527320407698835
0.013829931043099045
0.04356835605799814
0.10930684577560289
0.01978771746216345
0.9649880497144571
0.02596300808807508
0.01216360991009664
0.08539586322151561
0.028062147083288542
0.005414584381259221
0.020661709582668383
0.0299153410330397
0.0009145014594071635
0.0739172147645661
0.023705022611612912
0.23377742597067422
0.04994582708982852
0.008421118227531806
0.03327829826392415
0.33219362512465994
0.0030896274460425533
0.9113804372910357
0.017216961510333462
0.07514689191347244
0.06068466816370181
0.024940888425036774
0.004927164219326438
0.013423846373499176
0.053584616839496044
0.015254368303238428
0.9866345164828467
0.011403140355862396
0.053175077523178974
0.06572009259626531
0.9561329378852015
0.15551229598362704
0.036782994206461396
0.08465184130560648
0.026632526286547595
0.0928937728795776
0.022688750940997406
0.05058044890766309
0.09350228684559776
0.0026255756829605317
0.08289247674619393
0.005783041584548318
0.01862747698079592
0.0225019902707994
0.1220366107527911
0.02631136084617831
0.026860304406307604
0.4216563114464822
0.9340123715781479
0.007823435770271999
0.9842799709252474
0.3888660154535063
0.14490564688477262
0.01820470731763541
0.0016654632153149601
0.14772438982098232
0.005251435496329923
0.05843557204472288
0.13622558725626527
0.016549878873812585
0.04692195645019979
0.06236373501071732
0.2736699725018137
0.02826600976951976
0.027217173067664517
0.05574778296512172
0.03210770980108617
0.03844791314049632
0.01315853939434721
0.0024520600302106238
0.0016220550121142222
0.006179454187654079
0.03178573073203805
0.07085441118533956
0.7795163124134593
0.005516511507922951
0.015451980439189618
0.013803068041319304
0.005799701281791328
0.46236306598874455
0.014435361241415331
0.018180361019005054
0.00353744800508845
0.0057799999501300485
0.02395065614740852
0.006145920777095659
0.005020605737385297
0.2122708618548961
0.20227546390334514
0.02933014262519927
0.015179647423929288
0.012010032646553412
0.05283744394378956
0.06963218398355378
0.20404887763316265
0.03111989173827759
0.4527387024932372
0.006753751010231678
0.035409880695345175
0.0027627236299765257
0.018656616397817728
0.03066301603046222
0.8323510279902516
0.018565314868126286
0.05994162550252233
0.0021030600407358343
0.002610523105009888
0.01712241060132648
0.04280914470414125
0.02340560686519028
0.007929571835589566
0.005766075935910302
0.004949652827347267
0.04872914027772945
0.2546619148264689
0.004299838477779519
0.01794146959011889
0.08006806078745347
0.002077690900108636
0.07612237516204176
0.03770440051895807
0.04404260282086719
0.10569538182009765
0.021098857732338952
0.4092525374430674
0.05286305552061603
0.1793047682943387
0.01355617296229811
0.9882188895846451
0.015928382564527117
0.02808389783752057
0.026819646265121556
0.02364966923516237
0.02790497788990874
0.2603583470431655
0.05733540278896576
0.942440417074687
0.12542176523187176
0.03094175262052159
0.21776634105452947
0.017110373954949284
0.04383962712386044
0.00796180535309212
0.010476541622210697
0.0010050859018763446
0.11395008445443272
0.008575115838915343
0.009724307416655009
0.008132727289433858
0.10818982743937162
0.35864246463376176
0.018006738070102942
0.03676373397353675
0.03753998095181347
0.021314901381851586
0.03467368581595317
0.1012102917023879
0.03757131534697856
0.1528394753890207
0.009555523684613787
0.059407410924661626
0.04340158735436783
0.9169161632211196
0.012628665379254236
0.009048930884808851
0.06531407257257843
0.023882373825108688
0.01967816159169638
0.0025944700618682473
0.008462896587959874
0.01712064841593239
0.026352421844362997
0.018023273485826212
0.0711136014955396
0.0020992428869174933
0.021070129877122857
0.023338870904578615
0.0517256230039354
0.12245661739007296
0.0030796801055504573
0.06143493731928738
0.1303253073834572
0.024837565947128135
0.011370001469573966
0.019502084485201198
0.8978377608213677
0.020332016796746847
0.0589531728183972
0.013518190188769078
0.9902700660147117
0.10845540976441904
0.005847063587169492
0.2184258245363887
0.011911321306060681
0.039851518321217014
0.06811959367463384
0.021534750582961393
0.06268115724204287
0.04525048108004791
0.00852860924198927
0.010339120416607528
0.024132568460766182
0.02520202186541243
0.06531282946657674
0.016685844901600546
0.02648519555611261
0.11524589564049358
0.027680096982908603
0.9668433286433609
0.008734830322595626
0.007440430898276467
0.07958277082031813
0.2107074737595519
0.024236078250876158
0.014550111012466971
0.030284539689371802
0.9744984662428452
0.8884478990359147
0.9145496035357851
0.012320823484199116
0.015485785543076164
0.028493044143685378
0.03937144294355936
0.027828871075269202
0.015681576545337566
0.06956831511233413
0.0033713604614377993
0.005624474475758963
0.09748859777490637
0.038240249297691827
0.027985451097131957
0.0030819300968336068
0.38587305641346437
0.05308222653736149
0.9527765943381666
0.015385043338629887
0.014843226844310095
0.03627278996787014
0.03608984365168433
0.005948059987156424
0.06247414718982951
0.06061081508147323
0.9655295729238427
0.4214656223864552
0.07678173886539799
0.028821771300563532
0.016099580258561313
0.021293516665235233
0.9441022708259293
0.1079018060690051
0.11847666351207455
0.024910337997793595
0.1126528411678467
0.20036120883998967
0.009554855025818381
0.02267059187008204
0.004085128136516778
0.011036597511774937
0.9159500162718258
0.11161179408563716
0.01829284609513586
0.01991170864875886
0.018696291847096192
0.15192209716101024
0.0583912545592448
0.15785993301452578
0.06447324019285722
0.009256862665149477
0.0038003581499787935
0.8877190410172618
0.2629750508233969
0.1861862137167634
0.9883792453693815
0.04552010682126216
0.008518705406521608
0.11816610818506608
0.03266941703059299
0.015671754526338257
0.0065922263261018275
0.12129005638104903
0.017661451747151814
0.8208585369070815
0.9311792778727888
0.019817223898792292
0.005800189411458557
0.0009520771162669573
0.9116849628269753
0.015471353870998447
0.027361215250441617
0.1326733130826075
0.12704488256286803
0.03929733369561001
0.0014865844240775008
0.008202098256161389
0.0019178855608233132
0.05055841527517111
0.9561268890025951
0.013679746040891923
0.928581920302847
0.03167380459797807
0.015679807749645804
0.08743343604959872
0.06016695526226115
0.060304829027079274
0.03216676221685658
0.0017249543538591058
0.009988590263034312
0.018508468549262636
0.022581467186875332
0.0607231433135726
0.026259636738607293
0.008718051440511522
0.0034078762607615744
0.9679386210741887
0.9435816653208579
0.04727181287414498
0.9493385306461777
0.029708675301077302
0.08452250620122198
0.04727734677872845
0.021934128618602732
0.9707104684129936
0.02161833614396415
0.024468238597024093
0.02293144657455962
0.018674802648412016
0.004921996218653507
0.048314537205632335
0.019048777182319163
0.08839322026034963
0.06049349945315847
0.00497168891961284
0.0029911172126537004
0.009263811190339522
0.029392934189980697
0.056470008331354966
0.02389554277295151
0.04447432297093827
0.054269267669341335
0.019434853514400607
0.005619379138519192
0.016382572887360034
0.023934699070599183
0.0054310055344416654
0.02018868911496218
0.025367558140127644
0.03731478832134479
0.011598537242265602
0.05638205916432432
0.031094949125215907
0.9608613303416572
0.018869905872046813
0.990965169554904
0.02991664845822051
0.0723588275989661
0.0011485978018902405
0.05880918536341751
0.03475945176593784
0.9754983338204989
0.011058744269218377
0.25142695676668053
0.9588678107279597
0.03908694383665627
0.07071308802822718
0.9894856760697792
0.005378706969566911
0.03008351205872261
0.0200071840164905
0.9489868531282278
0.011768681408925749
0.010835819163643465
0.8322179631322827
0.03773105793750135
0.01227850288312896
0.01571362258849586
0.009681133029605457
0.018902060964103636
0.06286094676374776
0.09422758758455754
0.04839536086768371
0.005255894559563522
0.08586698680303027
0.0033110004613946097
0.0469477872415884
0.002220788280769753
0.9922736815984854
0.9508264725535726
0.005279681092768812
0.020121678131994104
0.003765696125439792
0.027890541153052752
0.055718467694369056
0.05995573549869687
0.007284879076066003
0.0024132469443584217
0.015957564880195202
0.026678828244693458
0.02593417570419964
0.012616904723813646
0.02927357900188901
0.08190939944650373
0.020877391774569105
0.017797432769124714
0.02999537840157623
0.034607461878045066
0.08136589218862615
0.009859088613707793
0.0113057739537101
0.07047056217996307
0.04008209026329431
0.9828199382985265
0.017058399237511547
0.033340580320832584
0.011205453037397067
0.9915432522045682
0.3174244000872655
0.022249169241325525
0.09655891241881011
0.09348101784310357
0.001319429613282359
0.06506916288923266
0.1553098733924092
0.013756575101396707
0.2121387440273502
0.01797483351053934
0.017599385215327706
0.00820991028322605
0.15923121324672085
0.008353870112958827
0.008901787476168141
0.013365429777554729
0.024580406068750556
0.021051491298583313
0.21646952074596104
0.008729246611261144
0.007400714043545374
0.0385130077031262
0.9454527427856407
0.030705936616106936
0.020051922193729983
0.023723436361824474
0.02656089412345656
0.033136178437946515
0.025774105892443923
0.005075880415647169
0.0008168472446855018
0.04108985188406984
0.03368477142086064
0.02651105519208183
0.9806934923618744
0.0012157583220206278
0.9756967951861858
0.022937429616665388
0.009482387850972234
0.16002306512982234
0.007576117550512525
0.05890802727466666
0.05548658975838493
0.012187043351399423
0.05443160888207161
0.10812426201250012
0.02781892960204575
0.0031157142603068866
0.006254901569030384
0.06794912242989082
0.020622091690606043
0.07689969469224772
0.013943124323815205
0.002611634493308419
0.05049826908661191
0.08028113958419952
0.01264372694590824
0.04140373266275348
0.04395828721194669
0.0038686773507327823
0.07293270379841488
0.03722885660750533
0.9695157620780117
0.03788264373132346
0.009032733824292509
0.015133155955603779
0.08665431381267975
0.03928197024186342
0.0108000727463478
0.07510825215323419
0.016166967253624747
0.06342676102045804
0.004615666775039119
0.04715184677988755
0.06977969404644645
0.054670846891343924
0.007854106213949528
0.9866658736127876
0.11722034822275791
0.026546267331129383
0.09278545588091532
0.19610612288058907
0.0346322776389924
0.9574884596696875
0.0035988677212082047
0.03190857554130312
0.02079377715197762
0.006872343008367764
0.9439813662364854
0.030071742423670344
0.19526980570614041
0.0027653356802875974
0.0021892139346948486
0.3988344142578548
0.03476207439133982
0.9307277437141183
0.9755660183055064
0.009864731727237614
0.011926525469421587
0.022768095765177965
0.004481112507812183
0.08177089985142381
0.04905870520500412
0.019609134440320947
0.004713897527014668
0.9896246771016814
0.43102123597781544
0.028834040848595536
0.007375767770804287
0.00600072431097846
0.03575779400901093
0.0333518251295433
0.042551177669317576
0.004013262138790091
0.44362894544833165
0.03809165527318579
0.024813191648898586
0.9742259960547269
0.9300994282029823
0.04989263096640253
0.975440028774528
0.0025718014231355946
0.06934725603534185
0.26067831019165355
0.014236871607727877
0.024866038916498613
0.00986262052279418
0.9104457004117653
0.012750534917758828
0.010777707563910253
0.9294270416845395
0.06559164561630888
0.8559791239065994
0.003303279893692974
0.01814393338832218
0.043962056124544846
0.06993989677755055
0.02690492802830049
0.016698595501838078
0.0016808799331463366
0.04526143641119561
0.03044485564419588
0.0033598042427399875
0.011090816436084528
0.6455272161305062
0.04205451982866953
0.9370057907002601
0.04924028051468825
0.02654527836745158
0.013194680060616753
0.0018518096668339171
0.02494926125250464
0.04250076620041651
0.9734044482883273
0.022218781581314222
0.02654936741135222
0.011887808185431229
0.04942431942438453
0.32117388936731006
0.014891616914379934
0.009116268007042088
0.10439388539975362
0.04603447084949983
0.030643502193681182
0.0921812589855279
0.9753555811933954
0.0053177199315143165
0.9971914897749632
0.06919238516798962
0.04813082852037168
0.0020645784550908748
0.04553270610521856
0.028442354982558007
0.018149555913837115
0.027055966576385614
0.017608875756838196
0.2093898883238177
0.010264349920443411
0.02067358450764652
0.05462639289753994
0.017483492029590462
0.04494269376411744
0.027438541846220688
0.000985020820360258
0.0063692678916193604
0.035931088057011125
0.00921757236808155
0.9015452658703261
0.013072146664879792
0.07152050594125388
0.01565181449582967
0.013028324788517402
0.040591673475847835
0.04559695158562512
0.39714168011873296
0.12463184489681048
0.03186800233733919
0.016455384510882614
0.03810593310518001
0.98761239286117
0.02213877208065657
0.005671858897872116
0.174312194707438
0.002393893487425801
0.005895074811040189
0.17533943987658773
0.006716636144962119
0.08947850772232344
0.0015777338251718937
0.880102858470244
0.015505822646584502
0.11727813019609303
0.02102148186292032
0.0014788837871499956
0.045340252362649096
0.02425468732850652
0.001667108353727067
0.009069702416490808
0.09636987597293355
0.011559965798541533
0.0064699969388774285
0.012469899040276613
0.014962576467433809
0.29761772889546134
0.21628240353737765
0.008645592962028527
0.011613065089674105
0.0014181888948856837
0.9610323166836229
0.02036577897330885
0.009480221567765944
0.0681569399800822
0.05492672294035548
0.08370193364314507
0.0723193343401922
0.053937614499976354
0.2736273476761206
0.06136364249563936
0.031748515048360654
0.004519609023761611
0.01649156607359656
0.12515961961055802
0.02912372024514144
0.021880213871956426
0.016466257912949745
0.04057314139483527
0.045535211751395584
0.021572707616693856
0.03440902863453272
0.025853093698969456
0.05645832143218872
0.010032244271711488
0.9807733353131468
0.030850850501525796
0.023143774115627503
0.014959902125548664
0.9677988823522891
0.059941722927889074
0.0833239449041111
0.02911782938077243
0.0022907978575547514
0.0037769206081371427
0.9835347410607885
0.01635294251043748
0.06280485137174859
0.2587356662339015
0.014715651013462155
0.9783483250750098
0.03634435046661809
0.024878932551503495
0.06926935804557316
0.06769253026043223
0.09642441409004043
0.08394086138021908
0.007713305770636396
0.10542876493798167
0.004489812265490205
0.002203973648546216
0.00953503458826795
0.011463658925486082
0.00865382317285319
0.9680971285978106
0.023633892163016132
0.10031123370297598
0.004212858516656363
0.09884339008779142
0.004076258322853081
0.006813195373833714
0.10605464004281467
0.04510742300824655
0.007891054315664349
0.013436284079365233
0.03556391913817738
0.030166152119826456
0.052030675711457725
0.28289380550101867
0.02908439138657239
0.009197373600606235
0.9114829941498093
0.007485287200422397
0.043953628548100775
0.014378638421605345
0.02998160708127737
0.9923901350848374
0.00473613668933458
0.006042145516957729
0.040563789174521185
0.03491346536946167
0.9540108665413685
0.9606754789540126
0.01648833498430191
0.00473888831796795
0.001544782575537529
0.011621840567297998
0.01109917768933265
0.0454338595004158
0.11042991051122768
0.0332672610975709
0.02269901888633248
0.018393829287936796
0.1639732573252614
0.09638039741969305
0.9873781241022282
0.03990707721174917
0.03709009140073953
0.01617613566564314
0.9733305567996848
0.0400774423446238
0.9804269610627717
0.12453312399131321
0.06320857699304591
0.023449660358997433
0.013944517704324925
0.02483614555830157
0.22765585841234579
0.012864237869778269
0.3541258234249372
0.015524068715498022
0.0105980257828046
0.0031013403931449096
0.9912655989024403
0.008265926485592408
0.18373190299668157
0.05445552574973897
0.01427710882508501
0.02098709221819876
0.03357323684055976
0.968066834315478
0.034991542912515466
0.028574907630304992
0.029687022211076865
0.011821318027513288
0.13832696756712323
0.05118816685751767
0.9476699387031372
0.06628895313799281
0.02378759113471834
0.0180155327335078
0.04490391129565802
0.01637053660059008
0.013259530388434368
0.9668068161567674
0.004322579089888583
0.1815088079408431
0.009774409446361062
0.005533442160896491
0.16052612424061297
0.007578254558695457
0.03455459008957502
0.13735093596978412
0.020915100810502966
0.14313969865193144
0.010084496829925902
0.31217196498221716
0.03802867800922834
0.05210051395657156
0.2057660556837229
0.04221064026146774
0.39389506226258053
0.00804911210498936
0.043370164013260874
0.011187926382864198
0.9523315401283855
0.03175341830761831
0.01876842647122622
0.012958079274850461
0.9637945703953302
0.00864142820291664
0.043192436849447444
0.06351953009717694
0.0026897876848623547
0.018868973478751327
0.020413245409192586
0.03679615218321675
0.009074493166125469
0.02432554456505877
0.19578718942662063
0.011564899662899447
0.029480912240429372
0.012150879670714106
0.1202532883762955
0.018642147740280203
0.014900656839810985
0.01885161754270324
0.00907543848220826
0.10090990818258638
0.0016898962932793585
0.08139771152708065
0.009743585616662866
0.02512057366745535
0.22063592580525943
0.03806496208966948
0.12179192706121421
0.011430650006726646
0.024900531804447373
0.00871192629259151
0.9833920213445615
0.0217906508893245
0.025345345036682627
0.028601613335563065
0.0012680833412171786
0.9906878502790706
0.03352751018942962
0.0546564652225664
0.9778073233331183
0.012637872030535366
0.01820444649757858
0.0331107189961438
0.11286457678629065
0.10578960149296468
0.016512822726226034
0.15205064681279226
0.0678616004017602
0.002137556725472122
0.9422486701537747
0.07119666020657874
0.00623933273464579
0.1802977802270443
0.004564203548124293
0.011335067681226252
0.13636440196000632
0.019658801310936388
0.03107900663460226
0.1142536608846492
0.92244933200313
0.050567085994371076
0.026587165846822493
0.02652734519532726
0.02885134511344466
0.002474668158343464
0.015928864839268118
0.13784598853658966
0.04516676970791577
0.005215446515893967
0.021374338975619692
0.002492586180470793
0.08196341633239065
0.005243213056296945
0.9352856158178696
0.25144475954772266
0.046140870981061045
0.04494758907690305
0.012765387439185153
0.0320166860926061
0.0037472150881942123
0.0016646447383440552
0.007794718906716927
0.0073945969970474305
0.0026462888560849374
0.9562922208828105
0.015704610908143225
0.0065727978421171555
0.05816754572423277
0.011495864918098985
0.24048184119293642
0.027839587888504193
0.9921399009833987
0.22023383901395358
0.00712342150881513
0.04054420370609914
0.013223477834167994
0.0017773802678027117
0.007776783630425939
0.03054923611350609
0.025878258855948372
0.020908347801149633
0.04245151987863387
0.054187589157320394
0.21722063746065318
0.016112721371199547
0.13048403110564719
0.04264694933743661
0.004226599587276917
0.07734627183125109
0.03008203801440634
0.013470112814665964
0.07987798488106874
0.001643929905227095
0.018834580003168403
0.010817856265813393
0.008401589272905987
0.06081627217734976
0.44502977403095534
0.022111760608505386
0.020344299010245644
0.02409791432295837
0.02135471193985254
0.03806146285770186
0.08410979959340724
0.01015776739915657
0.09041431999576865
0.02160786489499811
0.012162193559430108
0.013536102048397206
0.02180681900697659
0.26274484952605076
0.9831463404781374
0.9731237553212263
0.6853771097447595
0.0014356858749912404
0.9839608167825835
0.002987089312678892
0.024314854539277727
0.02013887778386028
0.012053151175282507
0.017607700847293236
0.9219921872104488
0.004175353973085593
0.013436008302462164
0.05876788213793047
0.1045702737715451
0.015959173057836094
0.023538085800864736
0.007837806284550216
0.06484663678637463
0.158250082073961
0.05900137466346314
0.02289238548076065
0.02189652548022219
0.04426469690233456
0.027119407607033262
0.02518932152795026
0.022615492477289226
0.024542332017302607
0.7461805219304419
0.9573497966723628
0.11905394448610111
0.009663888645967678
0.022245570353208503
0.013012160787508609
0.21372019510012308
0.02827099527285417
0.0659290633076559
0.03966520578093658
0.9855944518557659
0.018258806064252696
0.025669572559305277
0.11715734295145425
0.0499450082777382
0.9917877775297904
0.028042462110841673
0.03304406992816819
0.07917557664967546
0.0038676293907150667
0.013714762492256661
0.06434734255868628
0.014694334958475169
0.942310544170854
0.017367275266336524
0.00161334156946456
0.9595512718050233
0.11289156879495561
0.017975006885789593
0.009109883099071845
0.023593326968879273
0.010540864599534367
0.9651404639310592
0.15935327871729335
0.06444209985135575
0.01383510897494355
0.021201438849726424
0.010196879427014981
0.01893187436389291
0.0048209620112919
0.03317306039045406
0.051432195584615495
0.9716347054002229
0.9823705435844667
0.017835746703377293
0.008084981224867928
0.012254455621579044
0.0016881361044151003
0.40939375842076875
0.012226881467380546
0.010307087306959662
0.002372023950265271
0.0034095470519631727
0.004521533204185154
0.9901700511574367
0.231667848236315
0.006136702909080832
0.9895344043892206
0.035772827767207034
0.10232196327356669
0.05611171509696282
0.059944102093173225
0.46396724734168926
0.010967108269519486
0.02710241384644783
0.01372275179852505
0.007395472021729688
0.013207799017388264
0.039087325284068365
0.8737967341433247
0.04257160151341151
0.9837878057971318
0.0052303524634527004
0.011224925103696895
0.009117083502795652
0.13027362740955287
0.009493976521400308
0.0132258480500855
0.004244558174520705
0.01800382249266613
0.4867538291214659
0.929660689459845
0.05502756961161138
0.006892307378710118
0.9944269453542075
0.004101701714829196
0.11018655082099937
0.036105384318008506
0.02170290980066994
0.12869095714781606
0.9494512520407196
0.0017097097075814951
0.018539602301727492
0.9470120790308273
0.013965822341807382
0.05368904699467867
0.018778659122326614
0.21554686293831574
0.0599562581930683
0.007754797730252301
0.014938921646745817
0.9148858085232745
0.9743845316295087
0.012730445448741098
0.859280820305632
0.2131510351506321
0.23435904250695858
0.050535593957788096
0.01446370214402221
0.7075272563320117
0.019769256176429623
0.026788733056250038
0.08915642825564413
0.05924223995605262
0.09323782059870736
0.956384105101897
0.05294326715518058
0.05362366603477626
0.1575765038174548
0.9874014379943764
0.020940058808289107
0.003201382230725028
0.010413394608732194
0.010610289731747467
0.21591136591855006
0.02645680097853449
0.016110850835710795
0.10098267400065229
0.05278381333438872
0.2506242529486518
0.03446967093019015
0.9324850131602497
0.006731460224592309
0.04102557030256322
0.04528204268103911
0.019660851189882665
0.020512732959206668
0.009398882758578368
0.19078778089838638
0.006138141129404194
0.005425416311628866
0.09391801375214469
0.04813969679499719
0.0036673738318725615
0.19139284138667592
0.9779012264877639
0.10376530958613078
0.27520499699103995
0.02125508968170466
0.06495595983944433
0.9333158942562263
0.01759321795046838
0.989505815418515
0.0034778538863337433
0.19709338334429785
0.9756571100409127
0.9461648848111862
0.0027752562053797963
0.00219779616616292
0.009143607786656972
0.044571722194530386
0.011919240209703535
0.37547258965096864
0.0062165325243452065
0.01658904294691581
0.031868630934928886
0.0032866491558585106
0.05017448087212588
0.06199058606435465
0.004775901786756249
0.01811747624322958
0.9931604760919109
0.013688079670647514
0.028928213603153168
0.007381734514369654
0.014118010674534229
0.031528974441385756
0.1785088656214076
0.025475467828132124
0.09999600498178321
0.00610024374164202
0.013909632489184311
0.04316817595243874
0.0230305657551956
0.019184753809682483
0.11857168777118852
0.01686875880798005
0.014480255584020664
0.008370563689322798
0.02394276510790024
0.018253358076538686
0.9395918633774415
0.012644199484176475
0.046982427683568195
0.031073581190834282
0.036876559657169426
0.12019811778111954
0.030700788988128468
0.8495599725225863
0.5111253586896295
0.014268127031664751
0.05994985803844426
0.08004686040366643
0.9805448058001023
0.03499806155186912
0.023024435179067805
0.007444547805010094
0.03062328551131822
0.013659015094600293
0.008824936529337878
0.9710109248898225
0.15212170391186716
0.0535851139282243
0.008329900697460011
0.04060661085139745
0.11921555331831747
0.951828474513204
0.9716029008867565
0.9759958052506594
0.013431789147439354
0.018113230101142453
0.03505772932999717
0.05032291450583413
0.02644817755736915
0.012305466515522372
0.03536889999721491
0.0053792408097678105
0.12580216910293573
0.037017970233200394
0.020114116921514213
0.01676355545418613
0.017502917712667366
0.11026163872027253
0.06147229854990294
0.008844315744938437
0.017760357532282875
0.01929752811603968
0.08515000843987976
0.06284793792205677
0.013252887331118407
0.23582009368146603
0.10943442333690453
0.03322282131600663
0.01563363203298806
0.01766748052076766
0.04806642092709283
0.01256496964795832
0.2674215457473865
0.009178466339251895
0.3132822476290934
0.014675213851820253
0.25357790102764693
0.009734585243103451
0.017906573195386598
0.023529546332550475
0.14822689362838679
0.9391878329691622
0.09741381767674236
0.7581315796569736
0.13039781731541872
0.15165938990846603
0.012814861026824867
0.038087682042169585
0.02974196837761652
0.46748500449087477
0.04968411422206421
0.03812391969077294
0.0063187470937055325
0.007242778582567495
0.0029650248924526913
0.18573996294474174
0.009809270135081226
0.006276579807394227
0.3306897870887746
0.003543018227883624
0.09514253786581067
0.06931918727234848
0.008348956588536512
0.016442123212446733
0.027814889651288907
0.025933923761525653
0.01797318553066445
0.03479367562049674
0.043635650640769075
0.9693398129634565
0.023275037891574
0.08475262595701606
0.01855564555454129
0.006343608555354808
0.033758826362354534
0.02950483324624899
0.026280136796230247
0.00822308193515705
0.9710876013147474
0.02227745725799644
0.9305779352118376
0.18797418257757265
0.9648749102210894
0.02280973565392826
0.023838183110331524
0.9818584763504632
0.006431455034859035
0.0174210011303701
0.9331717617364191
0.0032403173472155653
0.022124961475147274
0.05847004922701204
0.0725786108315468
0.055189183479654756
0.984026880866771
0.05122434569878831
0.02629480512383696
0.06536926365913572
0.23905948562702495
0.12032662249897301
0.012436876793532342
0.006439254851574575
0.017283702959927125
0.8907664992884767
0.018672561295170382
0.005291263069999617
0.007532917919076985
0.00872930061374152
0.024393595752157663
0.004316950760916783
0.13502439719307913
0.027679007040131397
0.014525648564275075
0.008612997775596258
0.9697435887659142
0.30730048036715174
0.07235342061101195
0.037422752337086314
0.00352467336566998
0.015927359293134578
0.021601999766503267
0.038458039764650544
0.9737651756394218
0.02353398252326505
0.015265628803387613
0.0680344684514374
0.08567331271089533
0.023274945456183263
0.024706227764315865
0.05556006390815554
0.02233667815374781
0.016279930812269416
0.025096666823262156
0.032233543329090494
0.14225114702625202
0.033912387081184
0.0015332381165510597
0.009178150854326519
0.030237247214561874
0.03643848189873066
0.04605741880147242
0.9854055871989731
0.01115103233091953
0.010366654422150085
0.010924905477927642
0.01926924306986453
0.03027648312394016
0.948591745882703
0.013532520893136212
0.03467056912258598
0.03697347596721849
0.037559837812998535
0.07164144660058551
0.11243621559333156
0.03788977249512338
0.008364287076462744
0.05216846815116538
0.019809388102144183
0.16951378645687848
0.023874413202173504
0.9172804341204011
0.019382399963210208
0.026934943285261047
0.019994001470275084
0.007491497007716156
0.048393623220965055
0.05149409158025912
0.005408582756164423
0.0020183627566433
0.019793696420398
0.002564221779591168
0.2703114379724786
0.010152565326479186
0.9640183507707514
0.10499740204704783
0.03402649442080462
0.03083986959977376
0.0027392916630215865
0.04893767024456502
0.1284390615627898
0.9830323542300906
0.012106163450223757
0.04032023077841986
0.0030712221577713764
0.9362465492979286
0.9665573260396595
0.004842704541010666
0.008316419101213845
0.0515530420766513
0.030801259752468276
0.0624224380830187
0.3485216444379074
0.03577300124383498
0.01996885012679014
0.044038021404787554
0.0080030340059432
0.11346690561892746
0.0013018259114249656
0.08514309143062196
0.01385603644520721
0.07107958285461848
0.15968927153861567
0.07613049749208878
0.9738694637542606
0.06719653312873194
0.9785435875225965
0.12867329745401263
0.01844047911824685
0.04770411415637435
0.002920000790991756
0.09931383710871694
0.06789060712210157
0.001076017320058759
0.03410933846398045
0.016135441973801675
0.9652861396097019
0.02748186675835819
0.0013970141066194314
0.9705783057627931
0.06261963575956038
0.005883300273562031
0.02825817123209967
0.9690021215835769
0.021984853992533842
0.011440249091531894
0.05578747236708397
0.004136722198996502
0.3019757004928473
0.1956367264301977
0.0779720849473555
0.00384707960753174
0.029613737028748095
0.0342416420532777
0.019551325723134203
0.009640194118236498
0.008074946281532653
0.0009116274364587127
0.020118551903068518
0.08932800931721421
0.06577242780467171
0.008295398263576972
0.06906428680209417
0.00997570348711388
0.005930673366508672
0.02252155292786719
0.0027380303897041915
0.024434734048236567
0.011538265302500801
0.006428917155204553
0.10641029040774791
0.013171565280898533
0.034121820948876544
0.00682964243556447
0.01162018871789072
0.02373080856601594
0.003143079827151933
0.3904185764146491
0.9838015763597961
0.07979098082355872
0.8930381582159179
0.010840848534484174
0.6896651687846259
0.008030405568656489
0.014570661961008789
0.22291373478718246
0.03269641249359731
0.971053071949269
0.019221555362577226
0.4594333254487104
0.015475848751719602
0.011991474752135918
0.01607639902278248
0.011954887860504321
0.0017376405405375554
0.933207853047008
0.06407252861656747
0.07324750960808675
0.04969586504067535
0.011491575324211753
0.17134983924418096
0.0016312273302662027
0.020345968079843523
0.15249990219576184
0.0007485377408532602
0.9681962284573755
0.00871523041888088
0.017546894396785404
0.020547696871837245
0.6047698039223351
0.3635163738571805
0.030302819226170685
0.9329266447995641
0.03750472247025213
0.954856336961787
0.002980282257281159
0.9888040854412871
0.02495341450346526
0.055004924504253705
0.2308123649649816
0.9859005614019897
0.026115346369758565
0.016206195829621076
0.023963509621378606
0.9364669794043798
0.0017092326058657068
0.9935122849269576
0.0072958103841286644
0.9562703210745015
0.09101638211871675
0.045920754340986115
0.0771060489600978
0.9858844502436545
0.019247644295080017
0.781342207857866
0.017219982347106946
0.11697499739801498
0.0027231104847233486
0.0018243914240350086
0.02674075255407799
0.021050254197956638
0.011275153473719102
0.016762585691842854
0.9867284842809813
0.14918619694358448
0.009279573010302335
0.028288325270682542
0.021785950780870762
0.03362726226707636
0.25258624136350244
0.007580300202084406
0.06859131745071002
0.05075821666911362
0.016013357268664916
0.015910305746261785
0.9803787729343643
0.11609199642423713
0.1256440935477249
0.023273316197280392
0.005707479644350685
0.016482735161270627
0.01753545235103066
0.008335867342459825
0.008512743707326676
0.9721909382915396
0.009077593311635332
0.9816937095425957
0.006485510616317225
0.9877754385758216
0.017900377468094843
0.02881508425184288
0.007524495943798508
0.07023067173359236
0.06876950727001424
0.01789473100808033
0.017365371594186906
0.017731707657939477
0.3243190661522387
0.001283929306496411
0.008507135709065722
0.016346447559726203
0.006557703084383481
0.02071704459438657
0.009261071658111108
0.016813009977935292
0.9348562383264543
0.01980106741454295
0.42682036620498287
0.3413125905202691
0.015488697387662578
0.005209180845556873
0.02391598788193334
0.023089253151494266
0.9625712305111059
0.05256235117726562
0.01956692535200093
0.006983723618922187
0.03546712505803533
0.05649184711249882
0.055005687833155084
0.047603642096504445
0.01631354451465691
0.02941840065752388
0.9339726463057135
0.023386747111667227
0.0109242112310013
0.01806443271452835
0.10150432883788969
0.9711788784343077
0.24833202020604314
0.9891439640511019
0.02609916008441806
0.0014252970670893983
0.05061663549978809
0.01921505802603053
0.35382765469436617
0.6854490407069953
0.04514635623881829
0.016694284273421945
0.057036315086485205
0.0242660269267944
0.04016907468989734
0.025121008559129774
0.908299971304222
0.014493075301224337
0.05329788555567806
0.9592744025238056
0.1079042587990094
0.024500389658620305
0.0038652270479171014
0.01678100379583096
0.05365661277919347
0.9786329595212014
0.9302606034250452
0.008609820759188565
0.06702303219985058
0.03864685752296436
0.026030395326210626
0.01303442047410607
0.013939437776756908
0.049675836509001724
0.058213257779358235
0.2304644745362155
0.028355023376774646
0.3326840156834105
0.9901800266405812
0.036091966377178306
0.01854846375103625
0.05327926922285
0.07610172191843177
0.16534608583364033
0.012600897970986083
0.08378239183057327
0.04526110676049225
0.13147991204832193
0.05245598556954528
0.05340754913639218
0.1691056934171256
0.10116472405347454
0.9875633404730144
0.010489811098190973
0.09750223983571739
0.024770485666940366
0.953431875304676
0.12989122169312742
0.049868842479422554
0.012452378492607894
0.03841734835085774
0.0071742561848402355
0.013017134810113778
0.012003395950912134
0.09664367422018254
0.008271694721054271
0.032535666428638144
0.05872606868449421
0.0161920999935093
0.03317554703125308
0.011507904493050967
0.24204856271273556
0.13971672034733598
0.0244622517076483
0.9342342226942715
0.013225643271879164
0.011384122328040765
0.05967328389383315
0.8751959087538758
0.09413330462117303
0.0612372061711805
0.05781411922352043
0.010765941378430772
0.018901699547644455
0.1459721980931913
0.03324066534855502
0.1387406560238005
0.009361381888173627
0.9152635530050919
0.008427057414060916
0.2622214402639212
0.01917810823657325
0.23424933871623674
0.02179270124610783
0.97187623798514
0.0027889489921841598
0.9788969632764181
0.00641163651682834
0.027837815444918493
0.007109120748346575
0.9425141128179432
0.04761221042754388
0.05333982979145677
0.009579193817432231
0.006006293148627335
0.1589022066605023
0.006500859760425573
0.0021657946268528365
0.0066567157616333845
0.01134160124644086
0.012101866623508768
0.06735500629713098
0.9829422407825981
0.07292434077895851
0.027775073936759917
0.05217611223752007
0.2079658082994858
0.044672343220632134
0.010664955980175661
0.08969310133613367
0.04412532400404278
0.09408889964730041
0.11627506721943694
0.04345662745417259
0.2570370767155382
0.004264818860491513
0.006945976075746357
0.01039987463073913
0.04554419888794546
0.038527772010173586
0.02035590839878756
0.06667777214095312
0.02988033880265351
0.02161701703773743
0.06392007237452643
0.24031601857902216
0.08933168775070605
0.010570586508570496
0.16882650967554721
0.011162983463018555
0.627922549322512
0.01643559682913416
0.015908166283985326
0.0078108669152332335
0.10888529785595344
0.039501066510112336
0.008027544481704828
0.03970749574749504
0.9813395392529723
0.05955261212985437
0.017769217856263914
0.009434051031558312
0.00858431383800704
0.06231634939608053
0.011757443605116094
0.014614815327781309
0.012199892890067635
0.019877999414091147
0.001255609737328138
0.014064451643255683
0.0847417697100259
0.9329493472448586
0.05188659544492049
0.04054420299506934
0.3962733637101524
0.022231452877719226
0.024311032304501025
0.021898179754494027
0.021855705671844475
0.02606408441564813
0.015987174719950037
0.01067809209631152
0.010550236876031684
0.039880126988761824
0.11802209085604018
0.11911172871319789
0.9831198496728334
0.015755278624263784
0.014550128955894862
0.036400892227650666
0.007168046241192351
0.008563747562312886
0.014244102487839218
0.017366376274421842
0.017402496702042865
0.011926525469421587
0.005263903692749205
0.002431804252094997
0.00899842400272715
0.007424812377604802
0.09374765200257115
0.008496538729917995
0.002352607633250574
0.05502384330371793
0.007541982564411136
0.03400588138882488
0.016671409005557313
0.0016055610856667473
0.10884590199074921
0.008725752178968883
0.05972656907254944
0.013055699972033003
0.8662484355771188
0.0013907721238538273
0.9391056777661654
0.03256680887760439
0.9936543796441364
0.03363912693481337
0.03559752743283147
0.01242483448929476
0.021893680703724296
0.9888672238709556
0.01985284451865867
0.011152775068139616
0.022179394849276807
0.018162637856894273
0.012582852898150126
0.019199448629765622
0.01339313797987619
0.033982212836605775
0.9967155904743792
0.02507668470755525
0.023300610873216675
0.24916910723819452
0.14506098435732323
0.009023934139168069
0.023158443037665368
0.007903404079823111
0.0032803496089215214
0.19285111468475385
0.12786087054535922
0.015775100947082187
0.05267518623337033
0.061301524202368944
0.699250151092387
0.19604477587215707
0.010587148452846468
0.0057608928828243935
0.022083365415018912
0.06211611678621722
0.03317574286538647
0.9135987626207125
0.24332454736494805
0.3736950268977851
0.036064111357960935
0.0198651223537495
0.020557685707394573
0.00878154405992621
0.010770411065600786
0.010486543827455199
0.022253606980428827
0.09974144611742598
0.017238858481790322
0.04497903973647434
0.9439778482787484
0.027204937284284254
0.002097347713096743
0.06654702374102939
0.16218579949854708
0.5174596462362765
0.8859360189476869
0.894255074951162
0.0040519356921683855
0.01717914984231362
0.10799981633387705
0.01176009932354688
0.44121186869391077
0.26058783380724143
0.04750326470407944
0.08187533387812498
0.7334587968475703
0.03856003186900111
0.08318791784598902
0.04833867220590339
0.01148092357186417
0.040563877475845306
0.00157410117446051
0.03743917110829943
0.011850399079734224
0.17552983765189198
0.052264777330257174
0.016438896699401007
0.15949689307924048
0.004966930465600151
0.009825832836582706
0.017477386724557793
0.9683195540926153
0.048722007611168176
0.1171948459883574
0.03704523292470184
0.8486584331552306
0.002987881044483274
0.986551269380043
0.09751803392627913
0.0012782603459748198
0.03908380425815561
0.9258607698719188
0.05272894511223538
0.16244410474986332
0.9711742965245032
0.00854309473227886
0.0034398617908990643
0.11424234052480357
0.003917420024122133
0.9643182945224332
0.08994593202399798
0.0017980190034304051
0.01142919894124848
0.029878084314430606
0.019055773978189125
0.03613502271199156
0.017984962236770277
0.011064198682492846
0.01867854766205816
0.14977408391832242
0.08859518591620465
0.0013018063110338558
0.0011432751527088135
0.016660783464213978
0.974399681177474
0.0024980244919653185
0.01855119862702729
0.12553042492956895
0.00593673832361368
0.03502551413741488
0.02332046309144402
0.03377056166168869
0.022938048052037623
0.028379614175512605
0.0412896132986934
0.062483927953268084
0.07673753293684962
0.27774157703535657
0.9418418120724574
0.006416920212440835
0.01710608524583114
0.055754290374132834
0.0016542992387533536
0.030204471734354754
0.03672076756786608
0.02205997429186482
0.06700404579897994
0.007032336277321167
0.029192696372650973
0.03427629221583262
0.03099962361570388
0.022822701971604072
0.9690950970975071
0.5084269565052897
0.08129738942991922
0.04474418743700263
0.006100530985514186
0.3721839670634849
0.042530579861295506
0.003678325453877445
0.15646016824405892
0.008773780186837369
0.05925622748411111
0.012970288555150538
0.038239817190459914
0.017444926693141728
0.12237176245541366
0.0048466601788442944
0.09373672785488257
0.04702326017167336
0.03628841119234991
0.05417153909661733
0.011420792845455652
0.021525347800234435
0.002392763188378694
0.026396251426519808
0.9887292058544938
0.016760847105707105
0.014985809054373418
0.022159116301820107
0.011840164987770244
0.05739639234603033
0.043739387644785965
0.026977422460817895
0.028791551409275307
0.0009787907206673984
0.2522172393481578
0.013708910543282965
0.0026609444016137363
0.9727036301776849
0.1632946475067044
0.22616431193876935
0.022274392488905302
0.010391279978507249
0.022070681915261577
0.3259792128324183
0.2474290639160953
0.08213120490820741
0.9623833372013809
0.02317524730665826
0.003483422447534296
0.04826214120612639
0.004289659688237568
0.8669174675837423
0.10374530689083619
0.0010271807069093671
0.01340710644310751
0.04547121665726108
0.029024395208410037
0.02501222036318595
0.004898187206411514
0.028242672251028767
0.0066971207145176265
0.033878067751115605
0.04230139658636377
0.02987131035176197
0.002273955754489364
0.022513177998981043
0.11279957175941259
0.11967472578461721
0.09167624308739773
0.033812214283750475
0.027660913802529243
0.014861890406344683
0.31722965096314554
0.007906952972279632
0.9602728909125329
0.04165696364986994
0.19048213444543707
0.007853244388354759
0.9913337974190968
0.4273933716903262
0.24223224544055066
0.09889693434008671
0.029484718631589968
0.08105564952556008
0.025337796160438925
0.9813943472901692
0.939354395256123
0.036947015381911835
0.006778067989425362
0.01273811098063597
0.00821417208587578
0.015219048702981514
0.044108841809476156
0.011553641033630256
0.08569239639251482
0.28222728029916405
0.9518933424827731
0.18218248928820815
0.03947550143115179
0.007601362147540056
0.01208510308000447
0.0033927374685343197
0.006906005066728474
0.0416858157813083
0.0019757105701461533
0.2101989477724389
0.0030563909716056162
0.016764926062676544
0.04040032891792091
0.04120832695118907
0.0041393782410339645
0.05850548457295128
0.2183015353376066
0.9523963177423319
0.9523735129486375
0.14827210026639234
0.032007669531138636
0.11047576109602315
0.2840091397075119
0.1042474772898365
0.030818074699881765
0.018486264026202993
0.02255717208653708
0.1613419183334897
0.007553628174484522
0.04737034465849514
0.04478949832299687
0.0100493112953501
0.036096880725536955
0.055886712718072426
0.03179527741886368
0.024848711428629645
0.017002013310390897
0.0022946596644626994
0.020903622680927835
0.0021405768138498915
0.9601378440841442
0.07175124385610818
0.07332642914693137
0.0598710834132445
0.04262440353323784
0.009581792862396613
0.09132856609475297
0.2992870474414077
0.02969392096187335
0.338801429192634
0.055467834660490795
0.008030241629039994
0.011773506621613937
0.026081561346458382
0.0144258826168809
0.04132905961222169
0.9372982693744565
0.001760114006829507
0.07722199177956797
0.03229655473322044
0.10024233191064426
0.9829624789482098
0.2789280008124947
0.1962429994109772
0.016991245180600197
0.0065498554659055176
0.022234252434427077
0.02772001134243711
0.8696826818426251
0.02483442357049316
0.13666980082196065
0.031990756293547765
0.07145280573779647
0.07501353734699363
0.0029477700660939013
0.020834479009752924
0.98805925998208
0.030804874207133865
0.025151362368762017
0.00819880922103594
0.15014924674007024
0.05443951107806356
0.034934794024010035
0.054680223935722645
0.010396020875592374
0.9831700929408189
0.9845283627445487
0.027555008186794034
0.02357363469968718
0.02968287430607169
0.11836676024339056
0.043866142700272205
0.006095284143950701
0.037212783524257685
0.0293223568783799
0.05175391336070419
0.01299793443909034
0.0018462207623513264
0.02117607974972345
0.011188051319406757
0.17490589752048932
0.05240061410334077
0.05921443585046488
0.03283103621536437
0.008318955320250683
0.11331191585476239
0.024610492720580704
0.03333480242548524
0.09963970496849672
0.9783992582265697
0.01964207394474872
0.15070890559801056
0.954556703833976
0.06745695071006409
0.5514311972814934
0.06641101071170986
0.0795704698608327
0.9887358602255018
0.9525871419799296
0.1855139729155711
0.07637404438604181
0.019837962996917365
0.02831973627993084
0.07383182943372174
0.033671576132215164
0.05126896538723824
0.016491591733609576
0.05119972189847067
0.057268608561099464
0.014501864909395257
0.08835916770727424
0.043707358800934834
0.005997525376021328
0.0466630534360054
0.05324090444276819
0.0014597448107269548
0.010310522791566308
0.018217235423415853
0.050541391317839954
0.2921555031554202
0.00473517357207978
0.38589085116103444
0.9833079631261404
0.9359071739989412
0.006741175178424244
0.029457046650461376
0.9864537910400137
0.9560815274996783
0.9713115075233864
0.11846417591350979
0.042655253641851174
0.05450445997430114
0.059302352495738085
0.39992223792538134
0.9556364944971869
0.01669921293452208
0.004289760210156194
0.02728311452799631
0.01578446953594035
0.21766158041146058
0.0015221400912902906
0.08407475110191885
0.958370553455054
0.03645919326348302
0.0026160536926852426
0.037827497090926296
0.9567730832079889
0.012729296290678272
0.032258219316030415
0.026999118514702877
0.989384266444749
0.9722909709751076
0.018324849253362946
0.004603017594194661
0.09123539882893908
0.048293246807665544
0.07266031690069721
0.02244523404740533
0.008397251348551389
0.004570737635565844
0.04157534458427766
0.9968932605733255
0.025264903430672468
0.039594270902071405
0.9927742658097172
0.053121406996542074
0.016380688596779647
0.014249056085838895
0.01544992722555639
0.03220080315274507
0.07270181108612796
0.004947586235027638
0.06917962003850521
0.11851261112539915
0.004111727345263447
0.005425798156779744
0.034436196852248746
0.0028100948319280186
0.008164657627544786
0.02038601151474601
0.7681221301074859
0.688066104904583
0.9685217815165656
0.9240465524515358
0.04321523752605132
0.008836380349330632
0.9969927327039805
0.06309262609132565
0.06219640473434213
0.9149354712022866
0.026187102748443897
0.04791919229500105
0.0094067490310799
0.022637767231474353
0.2019454976445246
0.018279404221331338
0.01364273331858557
0.22349175986968747
0.008564813640127691
0.007189680150351904
0.019608916882719398
0.014666390647107324
0.010027986558289315
0.05094239797135187
0.020551363208096342
0.07403416440906951
0.02190495919218716
0.8982343665514093
0.0771839494064877
0.021714647696084183
0.022218539373870333
0.02175898324430738
0.014945416570878377
0.02640956570019104
0.026336666775221503
0.021323641096584543
0.10626028848012445
0.016433145639549368
0.015719080586464568
0.005067500969919013
0.02320041596258041
0.009440244352210967
0.9199155439344201
0.006493059777418165
0.16085819899054243
0.014756575016920074
0.2480242201127601
0.021674922748213577
0.04221976777776027
0.9297737075101522
0.09267251189723032
0.07190178604742134
0.9644139711475626
0.0020060560795544303
0.05658999384002525
0.028712392041668765
0.018114429036400675
0.07626549635837389
0.9805401475515936
0.005460841124377695
0.02488422307273987
0.007821311779343096
0.026131107268958093
0.027727741890886237
0.03589867651195766
0.004921527450940427
0.016628824619554797
0.08452625382782462
0.01896758205480113
0.011320868973320236
0.20679996370324458
0.02783295019039856
0.01049589402016801
0.0470970489540385
0.013329521731002188
0.017264599780316154
0.04167101941724458
0.9101438353017947
0.03532680160148235
0.08666784597685732
0.03910602278158481
0.3651129631647768
0.13972569403420568
0.06553182660154551
0.021973728651580645
0.26632644815196455
0.021397516122357952
0.27725841245657223
0.016492532504909646
0.042825517046690124
0.24443204108795152
0.016676564139634146
0.0347215453554911
0.08203474113042317
0.055040343493327815
0.022120592672730637
0.008803028207338323
0.07890276493222427
0.017452727842955706
0.00858454991028811
0.275801158041666
0.005785064302641232
0.05205914647542952
0.028445373744668316
0.046700254042750695
0.07460281029362387
0.9167621142747289
0.1139104754622976
0.00547877467019505
0.02978411426046863
0.09006134390845578
0.27342526359892866
0.016708545364083602
0.9729467858398078
0.0200545497432358
0.013122773473233755
0.002252441505315541
0.006040880871622249
0.45252203903695937
0.05843587897135857
0.039561610110840674
0.016611931085597515
0.030561898922447157
0.04417448678318649
0.019997346854390006
0.9381790157540018
0.0352130409205642
0.022163933417561305
0.039743448439776397
0.800553834838925
0.028940554439842503
0.05854908045640012
0.9373567223846453
0.09104537582140566
0.9730073373571868
0.06052732068288837
0.06339240785996102
0.9749917113470811
0.042930680092199705
0.009275777913751688
0.011211840085220871
0.0008469534553611498
0.03209940805485743
0.02247407338157616
0.04978070854250844
0.3877939055845347
0.0015691772045711412
0.006163298264271277
0.02137905237157526
0.056510324980720006
0.3956052939957276
0.11282761496658214
0.004222404372821616
0.08265541416387145
0.09659793237530238
0.010911048829961663
0.02798375686258345
0.8706479433983728
0.004239568004574566
0.0997346825820824
0.05666974258439923
0.0374486914787264
0.036344191896203214
0.3955188069260784
0.019856606912425363
0.0012362960618457015
0.07872415594859118
0.04154659597798548
0.05189785044047772
0.05612698759795341
0.0025703750135385884
0.014574187242933646
0.007486284633770843
0.019270479493453556
0.012734272217484756
0.014608455603815497
0.0014838063089005196
0.9764713789056265
0.052765711743099186
0.042639461813041186
0.053801284997508525
0.0720771681071776
0.018279032821988412
0.006477754178637473
0.02492872319098771
0.004829672060514072
0.011981445063430763
0.20460236758839553
0.008974005141049872
0.04899732202022448
0.05128740095224892
0.977713861815503
0.0025444270548103313
0.026496102218597703
0.002647120726555326
0.012404504812328463
0.026306985113984268
0.014080501938992133
0.014874111304038488
0.03244484059074786
0.04536196810984666
0.39014234570247996
0.10072976700237508
0.024393627227202716
0.04272527629746104
0.03025705184911808
0.028852564952344093
0.08563839021901076
0.052448927716748826
0.08529068868430509
0.27010873074823477
0.025696972385224705
0.018596384420579204
0.016322247501447902
0.01199531272231372
0.13372293181046396
0.05834589948323136
0.11619426946729561
0.07121074629896434
0.025671787912928207
0.9679277409780236
0.04171626501181155
0.11259280865272482
0.9780391769830109
0.0738117371915868
0.01623542118429302
0.18240099069710694
0.04939293312171787
0.0032770746875887095
0.011233238814816499
0.9794783719526194
0.015072105740212588
0.004033369424521549
0.028510269067206218
0.04969375260296681
0.1299837187593889
0.03251624024841346
0.9747253075585248
0.08805076396116931
0.03343316940913559
0.966634799281101
0.0037616145263393154
0.01329119121479704
0.06092522596899144
0.042413435798595446
0.02221800673687152
0.003638802082097668
0.0034932428016597942
0.03447838091846846
0.031407853744030254
0.9847811439915286
0.9545194290787681
0.019870863141845614
0.10558919684189332
0.02583488950097006
0.9656893986006752
0.01566937125919405
0.6231027437414726
0.03237966149056808
0.0648808537125813
0.008573080795161298
0.056504462188554795
0.012521774615139876
0.5101138072403308
0.02395977146174455
0.9808360270281691
0.9417878882050058
0.08980253840305048
0.007264030766040905
0.0052268078409397805
0.9631480959160249
0.0048752738321450675
0.10246437802893722
0.01813523138260976
0.00586451722249323
0.007019932833639843
0.060914297320723225
0.024713278813554587
0.002806713363845798
0.013833797618875992
0.054345674723399656
0.00967588524012311
0.05914908961208337
0.0015959459620597998
0.02040660183792439
0.011680419199626146
0.9741448270795652
0.040564261639860016
0.017608734952870308
0.9897340455789447
0.054830793605166066
0.8661051919390544
0.012996746802443934
0.006215134650761247
0.026561927085423948
0.03554452379719751
0.13919944176970542
0.022127076522972963
0.04889418653838603
0.023142857508072774
0.3687930600100954
0.0027222860335585613
0.08019352647899142
0.3237170621079426
0.06073057660203839
0.01258406287837129
0.015139861506318537
0.009357041916904583
0.8507310032129525
0.0023120677880903847
0.057780621391961835
0.9241374656275148
0.034902215041187276
0.11226261729768115
0.004812415101816542
0.011572682990950732
0.05511807221811265
0.9682908307400486
0.032819605009446376
0.026264692102251574
0.0012598949268292443
0.9697057476000076
0.01897257586318532
0.003912512879858261
0.03888083012436903
0.030785229647671962
0.05144915467120476
0.12186047248503927
0.01800666326390309
0.006615787956848191
0.010712516797423244
0.014912186631367019
0.00951073566191206
0.010780610874114253
0.09211314669258437
0.9782679174232891
0.00770953560362529
0.061930224668874816
0.06857957121866745
0.033191221697112784
0.561750770322054
0.14118872382142475
0.017375163646844063
0.015974638560618384
0.014143277363128266
0.06918470113837429
0.01135463322699798
0.10045187393493182
0.11735866460635624
0.012399275686787605
0.017416638294255018
0.008349167922457058
0.04471194354997439
0.9326456863782028
0.9734212673915453
0.08444015818004008
0.00401054333769498
0.03676486423293448
0.0874622979070527
0.015610385861750876
0.04490105336095144
0.001441867827495112
0.8673648918570557
0.01894416022122207
0.1088616686556856
0.07658255782512641
0.006372515680361902
0.016309982799826563
0.007834584398832821
0.01720820609596129
0.02059156842429501
0.9767711312186994
0.02135081749857323
0.04060392278288278
0.9551450795081292
0.04051399088749478
0.02719669218471095
0.024369286998118533
0.009320479097114035
0.018597633239163195
0.02955016825771463
0.0870303917223802
0.06353608085622116
0.012123754964047221
0.001450494118123315
0.013807754456246255
0.16758315650461358
0.052545928893011365
0.990109011664328
0.013237547675949786
0.013165902165119495
0.5206214351061069
0.962594430577946
0.9798082976615926
0.007386374779022062
0.012896879515706797
0.00562760103352275
0.01511399387676136
0.037180745550084084
0.9566244470244586
0.06647869845577348
0.0014991282429268958
0.043177089295549774
0.2802685305315771
0.4212085591669486
0.03878484415419019
0.038149826423426764
0.9743255418585643
0.8524939417560514
0.01151871658055013
0.006855259450141876
0.08550408608361994
0.016532152552159222
0.005147196760361041
0.04405412409646921
0.005688899947542592
0.018028612340449016
0.03795310978835266
0.19162163139886143
0.019085350317023325
0.017100202823066245
0.9879802253315099
0.02539782015656095
0.050542145099682106
0.0288339224847286
0.014220451377232171
0.007277897887527603
0.02442440373663988
0.02507049715357204
0.9471916478423957
0.03641108493696221
0.025061658596144412
0.06309366856118699
0.061730289696699386
0.0429642082671296
0.20223578555113994
0.012392741740456558
0.03681530627660593
0.25041808288729583
0.04982408067423453
0.013433871488485776
0.004589662318993964
0.0141560882321434
0.022721739897326763
0.9556907889094078
0.12719566049770598
0.06714865266965127
0.00788199558997999
0.0043339963573733094
0.0010749049011037168
0.011918196687161755
0.18050447478034823
0.0019562529605385817
0.05590500948416492
0.2177850207584983
0.010827775360677711
0.20134844163364404
0.018883498973788666
0.015366058588751052
0.0018607490576125583
0.02796836137099988
0.021850125833501915
0.022545746592103077
0.041544419702012156
0.9159733488686949
0.05591665518751541
0.022236176839458235
0.026278411222475068
0.01767136641441118
0.0009258893131176332
0.17001191357035855
0.004052562434525688
0.042580081675764124
0.06249890058909797
0.02656228622931515
0.004491150798395164
0.017518891252304887
0.03164354254526336
0.001575180777547327
0.10483784478417495
0.9519980817477273
0.023289760115635178
0.9552890617314047
0.026593080857717506
0.008288398287003113
0.06994830128446876
0.017982943253965048
0.013777083792956899
0.02509536727116831
0.012886369215940875
0.36015060799072224
0.03306576859308064
0.0060025843808283455
0.02379445138319739
0.015326872384313689
0.002818975986509967
0.025946454799190357
0.03596669999835978
0.04054568833142642
0.015931868002872263
0.5231847347649388
0.053318315740354144
0.011661531675303186
0.029261462813260686
0.0259625245825112
0.02165866395419278
0.0491173269293717
0.05992513161256939
0.07042925949028124
0.013864878903800806
0.0028805463068355616
0.08687536271331041
0.014338922659965498
0.05198666540764357
0.004983174769216177
0.01873643798856447
0.9778056517577816
0.0134723112733095
0.1881344199202019
0.021901567845136232
0.014300324909529864
0.2053437746153945
0.0302350545818515
0.033239324428136374
0.02117932887689908
0.02099608719322242
0.045939740575281586
0.08008481848622277
0.021452337576282635
0.01892357409274361
0.010761051696291551
0.0011999887152703938
0.01285905839211869
0.011527770341627325
0.0028005777449624366
0.9969775853909415
0.011333824354904976
0.9847870421180287
0.9687543695354868
0.010270344068767888
0.04226567494680017
0.01194094068924281
0.0020316410524009944
0.0015049281551601976
0.004862716725832096
0.02418676720633497
0.01047010641126149
0.022674665254311065
0.008580459116639122
0.004596151788589232
0.0033992018656181103
0.01098524794646996
0.0034634796877918202
0.0033908236093993026
0.009171068020176549
0.012303336881678431
0.01820404476317666
0.00874964107121424
0.0666040005894264
0.13566898908809738
0.2573469799862938
0.034881465204369695
0.9625356512280537
0.05832171323682371
0.034049294539087
0.007779421908729435
0.0019321975330759307
0.014358056335126483
0.006407699341493649
0.05640388604093267
0.04152644187659547
0.13182416863328628
0.013768826281722043
0.013995045682847679
0.007900127749457553
0.0009189772099160638
0.04344526649587048
0.14792120818338356
0.007832636564609259
0.013432133406595896
0.037722746990191354
0.10534114763036519
0.12079417529672073
0.014240856496473041
0.06410375203990272
0.018690820230565054
0.004806762863432597
0.3780814737826926
0.006606442613700132
0.17914205568813343
0.004924096701132339
0.006746695033631407
0.029497479264938984
0.09595457140343529
0.9488725602174092
0.012953718413340691
0.015256843501711139
0.0516492658582152
0.005565725944614272
0.004697561935318733
0.9834748014789725
0.12841700852390003
0.05712315063743957
0.008201593210150484
0.12472590957874206
0.01086265055164051
0.16786846385636195
0.01641728320498832
0.0022187620061554954
0.9759973384770801
0.07057078195203774
0.02074788971632992
0.9200408778172356
0.029409170227614953
0.023722679861377122
0.013228197824320432
0.07454895928022305
0.0016422509519519622
0.021149180400079275
0.007574036936801694
0.027959007636617454
0.031102949871354556
0.9603571148517444
0.028942663115002598
0.04756838489025873
0.02213529227668244
0.04861995954506952
0.014718612497792272
0.3409602357646148
0.009371954004039767
0.0015676953728249363
0.00809666760254312
0.006683658908530374
0.18681975278646548
0.019336182928943818
0.01787460498491578
0.006053743082634122
0.028720037417496277
0.016360214673156213
0.018501172400094367
0.07910267383873126
0.04576338343145597
0.011452973622669772
0.9704543630318722
0.011337200814426759
0.05792688069226151
0.0710737686565625
0.029494913523949156
0.010880324104939203
0.040768134855650534
0.9388270135265608
0.006884223573405313
0.01545178779997715
0.015750845807820452
0.007437677400318855
0.018667174673265813
0.0038156617953845075
0.0019026373085283637
0.038468538595989525
0.043151939164389745
0.007720887003145195
0.015768042971137906
0.00900284949431279
0.07069225687889738
0.13411422839896442
0.07135081600629045
0.9849572529670173
0.015865004573583336
0.04142667186715405
0.009863261430074247
0.13495016761081063
0.07575350584755125
0.0033949867978775674
0.014190229782593912
0.05138776376814198
0.026882913494091047
0.06879291218389007
0.1358789375601326
0.11966939984756605
0.0022507459492230406
0.14268986863053013
0.07385361475321134
0.1135929022130271
0.9388629518083886
0.11957238737553774
0.108062529351382
0.06507551501382297
0.021663815488990393
0.0033559547495325484
0.006013205379490742
0.0284399817323557
0.013021601705706185
0.008959411571973401
0.22300942976506968
0.0159531238290387
0.02396214835779736
0.0066423799180936665
0.03165311454042938
0.0743378905093469
0.014920020434266079
0.026552165664701963
0.03016051719696854
0.003589587230695565
0.028435646501895055
0.36887078511928295
0.030437097921878292
0.0024635439952025457
0.6051306973675382
0.017687585023168927
0.013128537148962964
0.003982397979421731
0.9745589436075912
0.030658991009249372
0.017975310337495578
0.028545203940013506
0.022408443597044563
0.021890242039868904
0.007930681706401512
0.029612075838983058
0.005991824681986433
0.004729253168444578
0.004335386001678439
0.003943149543415442
0.003319756683305527
0.23468508890631823
0.06997565837898495
0.008410514373058784
0.024024058893152463
0.026030486504198442
0.9858136411834278
0.019465122814807972
0.028463840941752337
0.011203057844749401
0.002418140401187177
0.007472738462486943
0.010820235883870887
0.014842962494299075
0.05368213752168249
0.0010167147089750821
0.004204685306734589
0.0016682643996267447
0.02236849356206433
0.010256653610681996
0.9831934860328834
0.013494783247911295
0.1983652697713518
0.03477007119688507
0.004316660767906532
0.11511795582661834
0.04921106435153614
0.008913132475045106
0.03210436758443724
0.0034564292024987908
0.9661986184613894
0.01193918099477905
0.04560646495071691
0.052515961812581696
0.9717293404634556
0.034569895080164205
0.01340251737464075
0.013604775703660685
0.13559677223235184
0.024777369394007216
0.025038401751052847
0.019260766584784123
0.014313904023604709
0.0031664052772551977
0.26236711929372786
0.030935747535258636
0.0011145267217100615
0.018728508216358044
0.04419695472509467
0.21496007981167883
0.049023433536979244
0.031940818641626643
0.06260204198922202
0.044991546063010535
0.07150683405643307
0.07161316471570231
0.0017012350620309335
0.8004638796796155
0.03269703559785067
0.08291322110837902
0.009685115521689673
0.12905193453508607
0.9843202414652896
0.02638621248096848
0.000834876563347948
0.024742536877601824
0.05713962137172697
0.027263546439552835
0.06225582609036329
0.007789000773983032
0.9671469243807439
0.0034535793424946746
0.03992944017126952
0.0068376335885843255
0.019200511299731726
0.0415726105509282
0.008438111792076186
0.011734712402209687
0.010459908228923794
0.019515619469815858
0.0049898031789870146
0.9886774838012548
0.003139926630908043
0.9628103868923786
0.01347322857407203
0.00890752018403016
0.12701149238044745
0.011054919416070981
0.011518814428385694
0.023856495368090695
0.024291233319747137
0.01828480882763295
0.039676717327542584
0.0005611225407890795
0.012290554171925346
0.09652878132041931
0.11654137710135534
0.0036526826975130694
0.04278312194766192
0.014905099314111556
0.94234748187314
0.0478470774181776
0.9427169679128052
0.010681044335962946
0.027550038275109223
0.03433423660474877
0.36766762179137646
0.002416009827307893
0.12772951811210537
0.9297074863189838
0.0038955531936071958
0.014103940146151211
0.021522421659341696
0.006023630320992023
0.0017539018342618905
0.009377686259745931
0.10472568299535599
0.014091548512532298
0.016439146793137276
0.2661707239349813
0.1706569935906879
0.9750288993368911
0.024548665533883896
0.051878922211094906
0.12854902777914937
0.7809032206285834
0.028359983582425464
0.0025078477851340117
0.9710614295792588
0.018952132711569532
0.002579851998631757
0.19394066276107572
0.0734649055296453
0.001533270814702133
0.9595015592792473
0.029366241476792617
0.10404331960250363
0.0020797149616374306
0.027946700164744695
0.011155740538005275
0.03421624898883016
0.09262574163052335
0.010799180169037102
0.014066474459555294
0.0009975971142671773
0.016798267041243303
0.026197599234478442
0.010706392768620298
0.0904084428854381
0.09097024785465406
0.047681556798114706
0.005744461731398862
0.07746263816996601
0.011810339606936652
0.18739460875006736
0.0025715493310965445
0.8793680038602072
0.02012545096340988
0.031180660320979152
0.18756186556162863
0.06132957600586343
0.015858100998148696
0.04883101230269165
0.01414342573482302
0.01920269384657094
0.03301852734024333
0.9871294484159495
0.018249810030433335
0.012554464828385518
0.026449687589555546
0.09277867410909604
0.0015174868566633513
0.004351224379196088
0.018282368338964038
0.03948144199683922
0.11804821140068168
0.9792166239383912
0.06007709819815918
0.9595464872035213
0.009368796534698656
0.020414808028748132
0.07446304147080514
0.050857491353237534
0.3051289472572015
0.9806809819685601
0.002685597381400662
0.04075598048490328
0.034992183988817385
0.18678414899770204
0.027199960700808924
0.007122697183565385
0.008480246998772336
0.213735636964645
0.12489356816425304
0.05814984245641296
0.06738758055559994
0.0463792936935098
0.004123761532974253
0.03725933550108448
0.05005248848170576
0.014089042437671855
0.03790654621416828
0.005308298349932126
0.026894129421804334
0.09472193712137211
0.2570878504910497
0.05111872812881048
0.021026560203219972
0.7841323524207146
0.9600036935848926
0.013721831136600136
0.035946292385836597
0.021114568048101683
0.008962399282392241
0.013900788488044226
0.021443606294917615
0.03321511890631587
0.021986790572073193
0.9151016439052111
0.011388884332748468
0.03429829902299655
0.017542799630446654
0.03140823467419388
0.12824718658198472
0.02829397116573424
0.02801037608276607
0.0014202157624146324
0.9634671035932719
0.9726457697757157
0.06783592749578131
0.07757739852064897
0.9858354738041957
0.004630206745397224
0.01187490745393309
0.028727706046573372
0.3855593115654496
0.010745450905150064
0.08834262817668362
0.03902279576519306
0.039134148482129746
0.018796197573838304
0.008127341709992944
0.028480126703489494
0.008552337860675455
0.09512154305650672
0.006635538251257344
0.017228891365374085
0.018362675380093996
0.025515795480661355
0.7579613701977829
0.01414372169308372
0.9465371059149912
0.009894806850784399
0.020409307001591426
0.006056728728563069
0.985794963747651
0.03131186435759095
0.984112060048325
0.029752937222886577
0.017680065962471035
0.15699502414513808
0.008808233051683935
0.018152215949954476
0.060343607439356094
0.04511114846942121
0.00367040210592583
0.05542505959742027
0.13030736230669382
0.04865421795676199
0.005008166207943421
0.0007904529357715652
0.007700450205430469
0.0016727765474476698
0.007842927944135278
0.07612765805361743
0.05886335622436002
0.003740591240429297
0.012504008919276261
0.0016644961963297369
0.1950027759604591
0.00642021664228604
0.03990370613088125
0.002800044747562234
0.9469235412241591
0.013989605871267092
0.0023556770909781556
0.018621704808415504
0.036411165499089085
0.0989541580759727
0.006386191466743119
0.0946081482278091
0.01227545185827359
0.019728698811835914
0.01948151922052405
0.0128147088233165
0.005801592946858753
0.07489404991290877
0.015842285310538686
0.006723653189062402
0.08870340091139249
0.025092187707296893
0.16078972237405836
0.032310974527164624
0.055768918456289306
0.014391442560575618
0.007532554457209961
0.42993855580524065
0.002449966524801722
0.010635972488354987
0.0037144139400647545
0.09798290261765824
0.9066522970675576
0.014991722462742291
0.5229854375199893
0.024099755582520452
0.0033371175532921457
0.009441042540340082
0.06902663370941095
0.016369586740065615
0.020732025566064474
0.03735557687036578
0.0006096815175139
0.4332954446005506
0.01771604278792408
0.0016303581492704707
0.11243809367494817
0.9674654764830128
0.025001568906429076
0.012783091527942797
0.017110499882907037
0.044142541355932784
0.014028903467827649
0.04422474318270083
0.004955663688090351
0.005404149240202804
0.020636486124208674
0.004735883189274672
0.011221155771112793
0.04329425937987177
0.02746770294318357
0.01896683180369282
0.05195468272655488
0.34811083559177003
0.043799789030215905
0.07066800263112703
0.47094474579468365
0.9482355630399091
0.01787257132200886
0.0143828982833379
0.06649337296879279
0.024224442107289478
0.01965161704568812
0.10295155329907511
0.003986028904362144
0.10256219553662642
0.003049170345486924
0.06590616154393386
0.032195630707385715
0.021593758555113658
0.14814427720901555
0.014142245141879062
0.00605219321342414
0.052450195077438325
0.06692413709389777
0.05308607706988997
0.08527442846270329
0.9387181406063541
0.04491918673551394
0.0021647230900931334
0.05841017444316031
0.03201769457660794
0.0027202858276461016
0.019008804746361126
0.01067918024320276
0.019527693562004605
0.00648364407774854
0.03426278685515179
0.22491088517263594
0.056148718571941585
0.006045314802248712
0.007073745249403806
0.0272350237890975
0.16768389908496018
0.7874631864950363
0.034455290217874184
0.0025648725653916525
0.009508809129025547
0.015266276943916933
0.17166716313429015
0.02584806282128884
0.00939858121170588
0.05286984559131099
0.01650173980584043
0.034959680406849845
0.006763889014298145
0.015545768492306615
0.15605681756002446
0.062444418550660026
0.02027513985051186
0.042290108949179055
0.006146233628027629
0.020811049102613634
0.0019212203674766014
0.028961432614031078
0.5893889727610826
0.00579802469709709
0.23100983776729583
0.09061967080527542
0.032240354859800126
0.017903137003786436
0.03611844467471331
0.0181397529523801
0.033188352135319586
0.10263402047906142
0.945975180963075
0.0024702997114371744
0.02003159421526068
0.02742722302670087
0.083624933835095
0.030655847958848372
0.04142700550783438
0.004614912495601328
0.010949390592176528
0.014933554902801646
0.040334768816235066
0.08696689735381613
0.04496522369115946
0.10022034109160206
0.025735404801558427
0.0070588790537644015
0.008581867973680254
0.001542920141192648
0.009699869701528812
0.11624028505689843
0.004453544191575926
0.011355825652307762
0.00375220005711858
0.018543850008644867
0.013278831393970911
0.0408856513290004
0.022069720697419293
0.03610493097159433
0.01838072472012874
0.014422038026651712
0.05197111168292486
0.10063898802316366
0.021596085211029414
0.032710939577671454
0.01664660202618492
0.02288554457937716
0.012495526615216922
0.2277713760496885
0.968914553387182
0.32858721118353523
0.3114375986848557
0.9768149303851681
0.014521275646046146
0.10043502969794522
0.029100980688030815
0.800139990007503
0.06314321295499424
0.03116035822221586
0.05445683768916139
0.03788882489769532
0.005022102915367572
0.027349323636511824
0.016873789764762163
0.009781635059874205
0.11481303670645499
0.005845598074107451
0.09917479458790827
0.17318695227780498
0.34859790420030984
0.05729917740398206
0.1183264742740327
0.017517599894797536
0.019463764077340604
0.00978173912118268
0.937700778995169
0.9284980962052168
0.09215303048339811
0.019936956831833774
0.006279244374369649
0.10733738413261018
0.07835435429186649
0.134721403784118
0.009989862557624395
0.019097702914318216
0.04767268343443529
0.06070269784452452
0.009573094846532883
0.0041822902887656
0.0782074070235277
0.002958879910534231
0.09989549224714314
0.10445910153877089
0.0019147119785934152
0.9352472768904158
0.07613869153568797
0.01280509948815346
0.020464613208987854
0.010476696102630773
0.08389253815251065
0.9507722107235131
0.14730157142537806
0.021368147998690464
0.007188550567773414
0.0010684835228995271
0.0027408573940989707
0.8914033479531428
0.000612339666247302
0.17428821033629296
0.9492670649795115
0.008576974100582616
0.024145131098405492
0.05042065584354226
0.9845266853917187
0.003644978341431897
0.0018687540611426218
0.007873215967740885
0.20099614561159526
0.026678742319176812
0.02821038090477005
0.02293145127267121
0.014625503788461168
0.04433627498506453
0.02151866750282047
0.008958163989230614
0.005883329731894618
0.005010515379577925
0.03676651499656579
0.016573532781730384
0.012366515808808497
0.9676833259266094
0.9697617942967635
0.009701004883802735
0.03637757547223922
0.004264219467612257
0.06504223952408952
0.9890628768370783
0.0145088141335611
0.0216215691296065
0.06746662087096618
0.02817601122875028
0.0366398385802355
0.01988934192431557
0.006785508726479784
0.9781357080268361
0.016463521558373814
0.3226657447070622
0.06781823684832482
0.04770740843997347
0.3846362905998487
0.012816193315333043
0.9893924811462915
0.06185337554653588
0.01088535748934638
0.017300202321120686
0.02003571359343517
0.011099864961857745
0.011510952763247977
0.030177569371599197
0.9792866671601829
0.048702633715239585
0.004498024340119942
0.019479175778861327
0.01244324282635864
0.06571385484668887
0.14241208160095298
0.00757991143489667
0.005219298277121605
0.014621378560042371
0.9593615385926388
0.01739763690630021
0.07148298460735007
0.9569585902435396
0.28988139687637204
0.021617603539843537
0.0267435029637491
0.005053955762026024
0.01279878841995835
0.004014849760616676
0.6685271634951636
0.01745228218602766
0.2849187533891987
0.03912415726353352
0.01789636907684687
0.019453487213902502
0.03645797621118476
0.011978940764228497
0.9942779406326172
0.0498138866552905
0.025619612441565645
0.16299304138610712
0.08126916612626142
0.17738232839543638
0.9873998542052594
0.017902669662377555
0.008128628664946843
0.19473305921140338
0.01595362651539582
0.004136543680552186
0.018579282232864657
0.04364939274709441
0.0334332615047514
0.006866046365763891
0.046925612258577075
0.007080076767195856
0.0019222944253030653
0.007654071773457507
0.029284716895812957
0.9631571161728237
0.02608512351789969
0.029469631127051487
0.10152509651765287
0.10869639225363283
0.017439566613133263
0.16181476751128396
0.9734576231035977
0.11653711420351782
0.030700028609549204
0.025511785620658905
0.00654378524054871
0.1328827050349012
0.024110734113543336
0.18472337992939736
0.023688022450265314
0.008772011617300254
0.14609254564612695
0.012753912298842141
0.19295413902508474
0.07821313437165694
0.008460216727535408
0.06528503327746635
0.05177594592524306
0.020786760022743486
0.013738365487433147
0.2632595920867992
0.02400311499404595
0.007574003103777114
0.00392737047615097
0.026218947428704856
0.029369143437369166
0.07373842866586161
0.1544963910539831
0.04989260134394123
0.6942967527009807
0.09622361219258488
0.01191995153969826
0.00857788555371964
0.023114529158293415
0.08562108495726029
0.026028460437669567
0.022169971789276082
0.09976277538232615
0.004035020618964784
0.03299966534119278
0.03661479503757251
0.04743270292887604
0.020915912480499343
0.004313683003238901
0.008302141050747351
0.003291600267697575
0.020741003665398498
0.982202261254534
0.950530144836863
0.014221827624570341
0.2635573849386945
0.1571741103812736
0.9863750194827923
0.9365302117410723
0.9849324188312746
0.04227810555882514
0.01050954989206439
0.04079564680398228
0.0040471930941560885
0.023872287888607326
0.14949046895327722
0.011864983713619671
0.08176291244327807
0.04606824208470134
0.01633702051017344
0.019355285702505703
0.03462219932924156
0.02278369829470917
0.00606994671950643
0.03817126861106156
0.06815263222288637
0.04003150228263187
0.9140192079650714
0.9626226245877069
0.009209620042012794
0.039941842714670224
0.952213817459072
0.02418761175167959
0.9718350295777732
0.9814239638075981
0.043339546448650304
0.012516424840509828
0.011733415969496097
0.02722715743702538
0.9871871858873047
0.014690904212550083
0.015174859844786927
0.8799214867205232
0.044987787165174056
0.03134255525854708
0.010829800224295989
0.031490675413913614
0.05750905775275877
0.027515449083946285
0.5211627558194144
0.012876798179234344
0.017063799642696484
0.9301190374687556
0.07539753927197294
0.0051641290375227435
0.04178316201916748
0.05394118581762276
0.01524747287662942
0.005873250326520151
0.08547803990458333
0.00417212915706995
0.005369050931187953
0.0033981946122098486
0.06927582901533479
0.0282028170981259
0.07982960917201613
0.34733634047283946
0.11229113506536609
0.011797047587031853
0.0059204484132305306
0.19412330698754415
0.9801910893594271
0.056375236379391076
0.9670622020894707
0.05873591976215801
0.009058999481772322
0.018671215703296103
0.05733395397162979
0.04333604726558221
0.0036838981161236356
0.32184221891756626
0.0018752023195269419
0.008918027256354617
0.02831532362261156
0.016652801228252634
0.3706928044586882
0.0044251337636033936
0.013451946480864672
0.011878396893711847
0.0032049786245825188
0.13816501894595226
0.2052731937399269
0.039279870411547915
0.01691223331029164
0.01180757510349506
0.48774424571001085
0.027825301431702004
0.020387302393823994
0.025560872823152725
0.06332590528926538
0.008568348756239645
0.013011601193037006
0.03400341119625968
0.03290958012499195
0.0017700385085791923
0.00165278193489014
0.02439844779785657
0.9804289358446786
0.06677274985424622
0.002497602575041588
0.030666662693747092
0.059511591199629
0.10488222512665733
0.9332565849731179
0.15386429811357935
0.9783328439217028
0.20213219413270556
0.1224095783507344
0.037889802799954665
0.0305637456284811
0.9472726771152717
0.09669459252545193
0.04281514748302977
0.006271944537352385
0.10075743499087389
0.021740812670249333
0.004415711504389871
0.030172299833792875
0.8902429431748438
0.013861355819558573
0.9867327112961605
0.16217054013125515
0.030086195656332207
0.9733127484319004
0.002304505699026899
0.03549221647790698
0.018597424349083545
0.045308484020242304
0.9184880886539976
0.00964886909921379
0.04930157444080696
0.08037333265535425
0.016077766770385287
0.018577503896907193
0.9739245225690901
0.025038688705008586
0.028814388743382324
0.11408401752745431
0.017769034017140094
0.006494793283846547
0.006750698185094572
0.0153020750154051
0.08068623473426136
0.03682484774756982
0.13908021387784497
0.214693129846161
0.09106085890279705
0.1418478091737596
0.0525941488379676
0.02812104753440371
0.7553962451046455
0.2202578129311817
0.23844915532808245
0.16564463686737602
0.17399872171299643
0.5630439667838497
0.002683873805667778
0.014808932979202872
0.015307049115997964
0.07140676872179659
0.00940511021612879
0.08554765400267525
0.07220603728951246
0.09477116134469128
0.024547646440990264
0.00800331655170287
0.033015434401546515
0.024510645415174528
0.013528146209225489
0.010863244901450865
0.0670660798730053
0.0119537400194508
0.022106117168344052
0.017301506298121296
0.9289799655515995
0.0047876657611817044
0.09599312557138755
0.02688031523040296
0.08238803091829906
0.0965628785940242
0.089523547872863
0.021305748835385687
0.015103501820241038
0.009787376859428425
0.005290901972058734
0.017559832241921414
0.006200349831629478
0.011422488747882474
0.005455364605897106
0.043993201616978256
0.006416657450414417
0.011187125417643178
0.9733930968180373
0.9754937813531346
0.025423730260372302
0.025222933708545395
0.020030274630424415
0.2511984035193015
0.005404526634326008
0.08802553610582006
0.020388962938872986
0.02530101031069002
0.0048887094490822425
0.016364071721554976
0.038237284351147836
0.012966163319213998
0.21124898753309157
0.8890141826348296
0.07025379705485053
0.9847799334642753
0.016257670352932026
0.35436565601520337
0.041599195353241206
0.03362718871489526
0.01158909674221495
0.03631445437001749
0.014601693207030968
0.056125158262104874
0.03042122983240911
0.013201273886167654
0.02357763027736269
0.01586993866870129
0.004837745333604398
0.010295224160484846
0.0020205187201275186
0.01799157243657493
0.10392216887802755
0.00244155548585596
0.07594292470066205
0.007216039621753528
0.039017517293146356
0.01498046101624739
0.02047673576506265
0.01465963860648619
0.017844718273660996
0.02518663533580016
0.01906651555231272
0.39377564476541993
0.9113568792171928
0.11487439091451761
0.1378710554319584
0.14281023020091024
0.03243416190101879
0.9684428173646161
0.04374333358710763
0.02047690304208862
0.038857944273284796
0.029938257978358
0.00921605691811475
0.0019277223499600872
0.08715004640664908
0.013150688261779024
0.06858692454825836
0.027945318349263476
0.012598247413808123
0.11218360380941875
0.008975975259856472
0.04200357857925045
0.09754598249794126
0.026361080128869327
0.10805655166844602
0.019132948510459283
0.03176130963431677
0.0033324203040019746
0.2512585244670601
0.049573454883362934
0.9585679041196341
0.07490546862187682
0.031653336921382474
0.010374374422704497
0.004271321195219881
0.06691642007523002
0.11740348835517472
0.04538237809069534
0.08644763199834442
0.012964772075872193
0.008305916377182823
0.036903013177854986
0.027621093271198462
0.0076956734133384564
0.02326269455537819
0.02001812406465184
0.011122632839866716
0.9446465883023578
0.023176028591018926
0.006291876731488811
0.02743705219627417
0.9551843448871729
0.014185585773762773
0.022054770140580993
0.007698491862264843
0.0014169949655088135
0.04436146852566448
0.015879981389432602
0.052093251993226966
0.026576846819325574
0.012583427559010719
0.009211369183489273
0.039417301466055515
0.008131327862609629
0.0021555815513797515
0.06320068171145957
0.09832818502519979
0.022108467192322595
0.034303794039011806
0.019528926130237174
0.965914693687026
0.019701731461307916
0.13803941229933056
0.08848706675238813
0.019902101351025638
0.020415206404631014
0.12233663015426408
0.006803666168880011
0.08140692654901713
0.05197190053496788
0.03342172459722302
0.20415409909668863
0.013237781107219118
0.015264575804616928
0.18244300254789342
0.05504328963560378
0.00813472949545477
0.011622198911734117
0.014624426509660773
0.9361496018702082
0.002678342086341269
0.06179332321079088
0.010423273484961677
0.016660482610791637
0.007428287070114303
0.0029285588605010722
0.019318485517747116
0.03286348531746908
0.025647051552063545
0.021456533551307534
0.081486199923605
0.06883148554266655
0.09223037762421468
0.9558855924848129
0.10584969259282143
0.006596499886509549
0.04797688839478271
0.006602908588632508
0.11020485332726472
0.05886137785913056
0.0160999350101079
0.887218463468107
0.008097571865463041
0.08125646340371075
0.0035460021869102637
0.03322582022063435
0.008133792125489208
0.0032240468899806824
0.002982775781519493
0.059484496265630786
0.9460710097970979
0.016811672893128772
0.01204501499265893
0.0061585723412872165
0.04109457238853558
0.97277298107026
0.012630625029404981
0.009002602601585741
0.1241104282187619
0.001983383212966368
0.10521268368916904
0.02023455638114722
0.0026838900821204346
0.014857777455282767
0.011534022903253012
0.06395558104500329
0.05706320553840574
0.06448097107648654
0.017732631762784033
0.004371690181390543
0.04785470312372159
0.00773057056836902
0.08522831100025201
0.8112670047146805
0.022436638953478544
0.21383018190780254
0.014335403444815016
0.04061247800925124
0.04071576065183976
0.03236425428136158
0.9775724583574621
0.01565066342247919
0.03662406667766104
0.059162351567189436
0.015899847540157813
0.006435518579664622
0.010196278972844423
0.11612799277000956
0.9335178304389015
0.01954596428634976
0.003280892366437045
0.966008094047302
0.014042481011957058
0.004142945871208108
0.002609849443141066
0.9351137980292722
0.012430668146985598
0.021916471843951596
0.14403720721537566
0.009480264261759788
0.07679422112371254
0.01612255975901277
0.0440468253450462
0.13109651959613838
0.9735988330301073
0.0020181163274321902
0.03985595006784612
0.035527681792254996
0.01627793554993732
0.03784821502375748
0.14192956586770314
0.013481608531296253
0.017818708647070802
0.1114784767394664
0.03206192205290067
0.9766280467388677
0.004093937736774735
0.030403966962155325
0.024868860336028403
0.07424250342494595
0.9329786097048446
0.5213996299564532
0.03145962229545531
0.0033060546806675155
0.00640536683106538
0.03952032805033886
0.02340830473820012
0.7100478108067462
0.06210062695090803
0.0798041432233906
0.03953480217534683
0.0018934674268467405
0.02508241864075719
0.014969311900711109
0.14498324542666804
0.33867887655857903
0.06564092435389186
0.01434410001727462
0.002639602939670371
0.01843140177978218
0.05161363896956656
0.9001020874322849
0.015953791766261778
0.007071911284279597
0.06512628122717909
0.05671766837416735
0.013832296382628435
0.013765282935597518
0.018736431662662437
0.025919175843864998
0.013188245292095757
0.042076516345746294
0.011802065661372957
0.016336539244195057
0.008863765735299301
0.00168001128480344
0.07488082805297909
0.006751998967415837
0.9552654316106619
0.013171901765452545
0.5269066006241967
0.06966908748797215
0.15785535573302703
0.9839221419783571
0.0026191369366276654
0.027111046324912843
0.031027491152244933
0.0030540032795272785
0.023909134691527594
0.03984294420052781
0.12225797382503747
0.0498146852640273
0.03456207912292064
0.03306583706205212
0.9839841916145771
0.072168807646097
0.03793527704355424
0.03634302560749225
0.07023867905139394
0.989071830171671
0.004921603102259888
0.030159142695904723
0.10024957154307275
0.4164775307947562
0.20078022625602926
0.04802019355126604
0.013295579438037873
0.0352149426410928
0.30168082795201256
0.9364077621180528
0.692643621234649
0.0018338750105836266
0.9817437853871763
0.005604086813286811
0.0626782277518119
0.13934822696251764
0.048472746137756324
0.007236965772996792
0.03602017331685922
0.05697838806437613
0.00979518791889256
0.05270467506262914
0.9480315821426212
0.05018402352407967
0.005485776210166088
0.000431055923713745
0.05631441555755977
0.010024585453291478
0.03528740646622643
0.035562119680617295
0.9472700254349429
0.05511134230013789
0.04345437863300697
0.014019975959143395
0.008984141706467533
0.012026192095582557
0.03568418777701019
0.17413369146228927
0.03605011009752035
0.9650170487797822
0.01722870802568851
0.0180564120082964
0.016895117594338153
0.01445785949434807
0.005705125045142517
0.011895091820163371
0.08453351101713617
0.014846464760361376
0.038342818131257304
0.05452740075708812
0.14440472573610083
0.02615519119874963
0.09329945098661362
0.03544621004820255
0.009913906285281255
0.02078108989911028
0.04728676982702189
0.0018983361305729958
0.0026127301272916683
0.0008155221909942623
0.019112246612744615
0.051277254237213875
0.914430105668768
0.007421287245432466
0.019157200129758405
0.10761561279299163
0.03414911744315931
0.01065757841302655
0.002830471644121582
0.004969659322471885
0.004212135770183333
0.9887052485463401
0.050096472299082935
0.019365066433954366
0.0052074324226998635
0.05327990471949848
0.038437652044525296
0.03494715313505807
0.9498066172809048
0.9506253784639894
0.9811393754111228
0.011596286013919944
0.0273812539179618
0.004259655663257025
0.09351076557650788
0.009095344717382362
0.01498584199777306
0.010733901606938982
0.0119851371791481
0.0026592277155737163
0.07378085751222963
0.013655435188737802
0.04270793601934455
0.002529421035829984
0.166010754005466
0.1075907158704386
0.019542844201968747
0.047061907502271585
0.001189836842379395
0.006360752054733375
0.034259536377356035
0.0026788692536252536
0.014421033129001936
0.007985302188096973
0.9512326229597662
0.013904717280849884
0.9401795490827117
0.12399813298423537
0.9481811031564328
0.02085152499713314
0.05780099141181518
0.015052304260758846
0.07001904667898111
0.9801289233409389
0.1212776752018112
0.050775319918689936
0.07547000059531456
0.0035132910362177423
0.023863578146718398
0.022314272068156397
0.031416467784168456
0.1742256968196812
0.9910754132421931
0.02048596440885714
0.009457303063766133
0.002506324931707243
0.2153927666648595
0.013546998297005928
0.049249849611725474
0.004057424744219738
0.015931974705688218
0.03499480387302893
0.0040307971171949335
0.062101962849751245
0.9648151201691619
0.043888260782901894
0.014475423903973134
0.9812671312993476
0.09440260323129629
0.019568953166835146
0.07617171737114231
0.023140789238900204
0.3190408348067604
0.025990690438882035
0.05113019545259217
0.012528867697001173
0.9587579272959194
0.14972573518844853
0.9545540619051432
0.019516411749044796
0.03595447737687006
0.09495994148957468
0.025999465461628683
0.08473534450555237
0.9860235262559559
0.01985554806971202
0.003155139671736138
0.012671891831600984
0.017846960201864052
0.026162644996111685
0.0008845634552703262
0.08933403600347717
0.055117176687615045
0.04423641385588176
0.09065290725857619
0.006205841948147763
0.06121307376770863
0.9371193223379172
0.015891797077726432
0.024406369112229136
0.161576084523946
0.007813104588533808
0.1653325794577539
0.05100823741712057
0.9857962305013981
0.005657596844182834
0.01012332962381224
0.016047828910595245
0.0014612687538370357
0.11121124074396789
0.9537565870551616
0.1027507110968477
0.028566532531329507
0.18683034591470193
0.04789282839713745
0.03132629945093825
0.034327761073877604
0.9386354729696958
0.027679339391001877
0.1541408489135872
0.04366391886483892
0.26928442383895174
0.02802828608809564
0.026690991370425785
0.200757823171442
0.8051210765561394
0.011435300698812418
0.009842530346747114
0.029869399309957044
0.036224377069611215
0.02505752846306562
0.031479117684746524
0.01619593069536902
0.017388772108421234
0.009866021647190255
0.005865739807376231
0.0015664537429678782
0.018100712339656832
0.08367682203879111
0.0007525841747456804
0.04297144934193809
0.00964119276148083
0.3878881325941932
0.06559739642042776
0.015388850598770503
0.0034139464264104098
0.03587778056332966
0.00917228460299432
0.9748160165059514
0.010747319682638165
0.15517169798752684
0.0016559845132609913
0.060917693366332584
0.01983943006775034
0.02286817103370603
0.03660313361233335
0.017988642945968372
0.007567059683918927
0.823585506799242
0.0793016800462894
0.012964248050594493
0.01016358091760989
0.02139066686354929
0.38968735464828486
0.04160380472356182
0.008072727009331204
0.016822552611899844
0.113326770902958
0.009613507537622136
0.026084697237694333
0.02673823003451027
0.09165878338689777
0.019522098894904878
0.07293300792092677
0.22072533553272727
0.016871159563251206
0.010652985179500885
0.12253693681197401
0.010446313625663664
0.9418552926053425
0.09392267066353835
0.07983581782444255
0.014534152886177662
0.014870291999412833
0.03544839087726947
0.022474518035473418
0.10643781803462786
0.0035409596625687162
0.01609447073166786
0.021306179926661867
0.038993081114850475
0.0393820015024165
0.007075584059874683
0.06128336227684485
0.007033940911036397
0.06696134513597306
0.07555979941291838
0.9788936175297471
0.9714075561242412
0.04700937294928187
0.9219793449079843
0.053512715651618956
0.16212312146906202
0.08069866953264902
0.03901415165617532
0.025923942723463114
0.003919990893361689
0.10764952427455161
0.006653998647140076
0.15024911159227583
0.9791277477433583
0.008075526050547309
0.006623136998138494
0.01571134753548127
0.019276509599147736
0.9887892469145253
0.9525679801058675
0.0058318242359065905
0.04750137006810485
0.00901742358151209
0.0062496452262385755
0.02478133190668737
0.07002731531015671
0.1694620660945125
0.9917173763176951
0.016081233757014615
0.10961660933924487
0.06699937492453065
0.9484649095174646
0.023594910071248462
0.02486550548343911
0.008805690862505933
0.062186279823850506
0.030140166810650806
0.019019571437167673
0.9516146094812679
0.005910130816198912
0.24413017009785168
0.009881380263728194
0.026234757355534776
0.009754210995455705
0.038351685620815125
0.002324569798412187
0.018512132664267152
0.24159630462265175
0.0329895071524892
0.008566929360042025
0.892663582925901
0.05084006060569441
0.06902368804228728
0.011579210864534272
0.019947953551487072
0.9902484407433154
0.061277773276655796
0.1721293304773036
0.03740679638350116
0.9414765726048956
0.018808081186932786
0.04918866214269102
0.026067167666666533
0.1767308719007758
0.005571534588529157
0.10168882713945607
0.019667501285896734
0.17897651434795414
0.09213210926642999
0.02974115327243168
0.02027752713223582
0.04098564900410773
0.007068196286066316
0.0943775883109319
0.18926354906272175
0.022140673721407662
0.853536494155254
0.011064896505168582
0.0035104317558544286
0.03680758258162005
0.024966056059890388
0.010061166196652026
0.004910369443399211
0.006450061768301929
0.005846836053935178
0.01351765772291509
0.017914593508428903
0.3095749504490176
0.02488249919308141
0.018999022816565105
0.9435233664291278
0.23357285309971876
0.01350872035478418
0.0959840610229616
0.14503605966776115
0.040217113333855505
0.0025645167700342206
0.9624527308692336
0.32811326841790217
0.006436310245849805
0.9544469929574149
0.03414462591478634
0.027698376035245397
0.02704593797021584
0.008859413534873795
0.001014644146925475
0.9471885980714356
0.018163617916577023
0.06998534169825346
0.015137297153083835
0.22625972492956448
0.037029965108668135
0.03346924200746019
0.9291216651214144
0.015340249744813742
0.01831294112233856
0.03202077246495416
0.076843969464471
0.0030967609703196064
0.044650153903438766
0.07855213893832598
0.08753266571581508
0.03888437978609713
0.011194737942907604
0.014755603554943224
0.06776463737047034
0.02425924775163362
0.014574970659199887
0.03567513455820306
0.0042861694972912
0.00944569341141266
0.9825907612818408
0.014014850553015358
0.05185573659106758
0.06990466313274178
0.9854057535203259
0.04484772228400601
0.020554603979178077
0.0060674236596353955
0.19748822416165188
0.010763196585035533
0.06134537575855207
0.6775517371920129
0.013500782440510636
0.018072210364956147
0.0025971018339536623
0.023038374350768324
0.02901525139737535
0.027150667289791673
0.9642815534246973
0.020764479190773025
0.020001632129924476
0.024311032304501025
0.13539537634983612
0.0030483673831655424
0.05296005629955973
0.04530850064905157
0.06833508078682965
0.014576337227159102
0.09127019818211282
0.9685972548892492
0.010486493252862427
0.010318657853598345
0.1543250181087556
0.14806439549464678
0.06753856593513763
0.02779898039341372
0.06918228536193623
0.027627927335172595
0.9517755483417246
0.04073732352606573
0.017044808995727245
0.01806259467420667
0.1387546243233678
0.03494174270466845
0.9822657290120005
0.0020384967243193236
0.005952401593769483
0.13510259176207448
0.08604316628593363
0.13091957401501556
0.1365921790446559
0.10490278103700847
0.09663991757006037
0.016538539552072906
0.03612324627464655
0.057706800278107484
0.016663269897776046
0.033812378621003926
0.03600510552854175
0.1156063518184679
0.022507632492163192
0.013585000352949902
0.022715461483748554
0.028940403677501225
0.9836285565366933
0.34898154116651603
0.08857087829404588
0.01253595079681843
0.9308867418922475
0.019027923488413676
0.09970745403296012
0.060448186927367455
0.9909103714451594
0.010392532966979756
0.028269442797993358
0.08435105831122269
0.0025584458600743766
0.001366712971653517
0.008213860389866694
0.029101081860969387
0.011685616991970387
0.08699236233918646
0.09975852318253889
0.9706651045109015
0.13525755861433186
0.02727024179709826
0.012677815781489552
0.012943700167645695
0.004472230476579391
0.019271588613934743
0.9491853184788193
0.01789253975732349
0.022816769778855366
0.15559389028270487
0.007285019460441316
0.09540426187507144
0.9791059403666386
0.18726724053550242
0.08190866494908314
0.004475150405043366
0.006002125940335408
0.019953836010469805
0.005251773506577939
0.9869800575923557
0.009834183927458894
0.053597787933381824
0.9785297682176808
0.5804214476188374
0.9791412603741304
0.02396813242007838
0.00235183816743998
0.05531329491325478
0.017989905881802486
0.04659030763699465
0.05522152411141847
0.14598439247785666
0.03664632578621524
0.07775447509015564
0.012865085807907314
0.09540030191562629
0.031664886193138314
0.9861854153966623
0.010826448510874795
0.073112568221505
0.012223439378345195
0.004181465294266332
0.021973728651580645
0.0018954695589404173
0.009292652501573996
0.002733113973681936
0.00946743586106118
0.04109240271961193
0.006221395983166372
0.02539970900626375
0.022084759115425335
0.05602640711710906
0.05119509023520285
0.01820429631591304
0.07805795746149181
0.01693710283969468
0.5081971049059472
0.039876409320631814
0.016829301261338192
0.012294819553086435
0.04262170571352278
0.006962861475237304
0.05272903888178575
0.030587773040804626
0.04604662447345056
0.015465110228127812
0.02363304223996671
0.010852216240607112
0.005324612659170665
0.14792056738494833
0.2361763618426564
0.022559370768138146
0.024800732508097504
0.01972045066073415
0.07036295431848555
0.12377423005478294
0.08828714361998208
0.008345719810139571
0.014099810112200054
0.018129326789308144
0.0923512968806869
0.02556121112750605
0.10052886163767151
0.1352340845116037
0.03971718572048444
0.09739077936085523
0.0811251406942104
0.010145984391351903
0.17765701989122457
0.010639919499027836
0.02761729955341555
0.22002402300553842
0.032288921385593215
0.017195788474090992
0.05410954851013627
0.05502236999597201
0.011007122891250543
0.010485920336966813
0.07376690548274006
0.0027071618760764115
0.024228731165666602
0.009459161250004237
0.27778999164062856
0.0015945208697482492
0.017949152003967055
0.0731033412692112
0.27998887097255637
0.030249651325650103
0.025356515545100773
0.027634645079914272
0.9039112336947417
0.012750700434642406
0.22763905138211132
0.05779636277072498
0.013319379746436918
0.13623484640077677
0.7286822724261742
0.03889035192731709
0.08653637720475237
0.00627045524723946
0.9862398079070652
0.0032553694148920245
0.017086968599871598
0.036303482773966965
0.07020763341469669
0.1712416367307299
0.27979052476230776
0.06448484299142333
0.08398410786859303
0.02363719173666328
0.1287132069999391
0.06896921539581298
0.05778574237646164
0.08382450566799116
0.053169346098020806
0.05685179117398293
0.37854433561087286
0.004975231709125853
0.037408993562289605
0.14155907091919417
0.1752317797995951
0.0893235747351285
0.021689607471188914
0.013055155915118404
0.09679712847200024
0.8225964831360407
0.046709091056810925
0.854422973563136
0.04646858412832932
0.04221883591674535
0.9798724462262393
0.9868255516137422
0.009892973426627125
0.02383144307305196
0.11647737868428727
0.016299715242712
0.18570484267117907
0.009025142258213598
0.03181052062611692
0.3013248970649022
0.006048109200133175
0.022873792264871056
0.06605166507774937
0.0018621616402049752
0.02816386528980354
0.0016126238966371054
0.16359212348175564
0.9169198145064045
0.043256355283048
0.22136318621237297
0.09167692853755566
0.9188271817425324
0.015509643774193777
0.19074834138991667
0.014437864343121267
0.002158379092585813
0.9831746119622037
0.016800125173861657
0.01572484876917098
0.01802177596333601
0.07029190673772592
0.09656078856857664
0.03732980251999436
0.9775403090662196
0.016589968028110684
0.00815602116345827
0.25910675082617146
0.0039788124921806105
0.04416738716418649
0.033912387081184
0.022771090979707146
0.07348136435555923
0.021918242725070262
0.02076463104542795
0.025040718799807512
0.046992657162114225
0.9837087893391341
0.041463394952904395
0.05895242805586002
0.005142273747813667
0.005581999440473891
0.027656584707261653
0.011378487156280464
0.03384502197502724
0.03713777673181933
0.9825349013332867
0.0020610077969986365
0.03769530199986638
0.1421004799205794
0.01872175798987045
0.016723389358469964
0.011317338619799161
0.014677126037866922
0.004579920633046739
0.9755705660269594
0.07263683352001653
0.048051010525932365
0.008175289445956947
0.05889033270973991
0.025810887235302827
0.0647945044084629
0.019514265016800585
0.017435526651479127
0.3216394771331933
0.08770146680392565
0.01569600417959206
0.01750782098462822
0.1611339869510021
0.007243183382402302
0.0043686452682549105
0.09300955969411948
0.9622267573386181
0.012218025743521191
0.06153260801632073
0.018954624681517082
0.9528774344816061
0.9756543223048258
0.6314602374271123
0.04817270482040059
0.12170242886204204
0.030988374492133843
0.004454088147887771
0.0053405971530383475
0.026913278586970863
0.027352236093685527
0.02335475985279459
0.1478700781960135
0.01657423235530684
0.6277465906479449
0.010882496552167893
0.9739175844095528
0.1453255266476977
0.032643410675330546
0.021594454448144056
0.017319669721371538
0.04622906044879748
0.04922056984340037
0.008393804534795919
0.013984852183221291
0.051486336795288794
0.3910059498216886
0.004775187684479391
0.04856294432786434
0.9704426432466421
0.007458595175093425
0.31491761961849557
0.9731475397044986
0.022304913891848924
0.048282459715605464
0.06923089939474039
0.9775450658258241
0.008873297819133388
0.3117160556053696
0.019785408925224013
0.10069232272087675
0.03143075279816001
0.004180233829486215
0.034217505406824465
0.9470677883601993
0.0867023110451479
0.023143079630363113
0.14606869066951558
0.0027265631529989507
0.019342673388365716
0.9447751464297902
0.9629288523223893
0.055026972698984274
0.014626676477314709
0.025972898992629233
0.22152013567146925
0.1777791426357624
0.02957386664368113
0.00484490510619638
0.04508384450576458
0.06753364461426084
0.0027651950326306384
0.014836656521057003
0.011960182996281718
0.11056567985611364
0.3156262813979444
0.02920391426470893
0.055056072745640595
0.03083748127832419
0.0023942373241134718
0.00454038636581365
0.019190946688178286
0.04226464597696824
0.012066428230186927
0.014375549109004881
0.055999611727744474
0.022231445316091128
0.014243860239360187
0.004330666072705044
0.1202414833959882
0.037744253024084795
0.05620237743161963
0.020276919668192454
0.0195333472586007
0.021354689070908935
0.026741123795412776
0.030214445124687458
0.006995917563789524
0.025928988496497343
0.02416962243071064
0.04053239855342831
0.9631913202699162
0.017351313686862747
0.017020780869230673
0.028944028028201365
0.2807326657488791
0.03644107107916545
0.06236058809072916
0.3428657774171551
0.017465938024597075
0.0049205441555937954
0.27468003232769095
0.8604464640499108
0.04824869654193021
0.024861572050537097
0.05677306029224987
0.03531730010042066
0.9371628403607186
0.001525621028618335
0.044553369362471416
0.00953974087238438
0.0030227490131667792
0.9652556808111107
0.028981369017028115
0.044579779436998646
0.017464156753449367
0.0022676271225737284
0.005496450117277801
0.0009577296190122316
0.48186587905692585
0.039497097331265135
0.979709982484719
0.0021214640087724736
0.007813090757988509
0.023426894428818294
0.0017591465925969408
0.45318886474069137
0.016414052556684818
0.24482679278750683
0.039981612074876056
0.011529280325215503
0.026009938466276916
0.024783543004922224
0.018699203234569948
0.0005301752229791027
0.9851175721795308
0.09255046325748795
0.03010980896298153
0.027629429771445845
0.9709098025461563
0.021850079101029037
0.08701504814139023
0.016915227582449583
0.005746979466598815
0.003035151662388175
0.08125447529743743
0.020996741798080643
0.001800804360377431
0.06300823465215963
0.002615520075197958
0.009040143478286345
0.0031013654029405945
0.06359844580570662
0.0019524489733658728
0.14708135643849604
0.19046192220762947
0.028555892329616358
0.000934995845460245
0.1644465536660538
0.01591207013753185
0.08108734534494877
0.05272900692182289
0.030209017297736052
0.15062017987245974
0.03627836649410025
0.014031942331975075
0.032293460854401136
0.0055670103570390405
0.0140914140062579
0.08615763568548698
0.07851123726642141
0.9515381102497495
0.02779187223465773
0.05400702864524402
0.2771618264835296
0.9740869388743407
0.003981009699393199
0.0011903329991995006
0.06498186609665706
0.1409712493826158
0.2336817788359041
0.008920845530499103
0.024525751241994118
0.10587359262747348
0.019167708991146646
0.00451870421422811
0.1325155254056851
0.08668684372997074
0.004481042239345195
0.021205914678431886
0.12076801585797199
0.060026301019300794
0.029599292691803038
0.5824821631807725
0.16946739572481923
0.5168742613538594
0.0336811164297911
0.1670061652536892
0.07299934695146205
0.2897024429709641
0.047303745995509745
0.03149570935625655
0.10101756273768517
0.019158529153708827
0.0075313352280736625
0.11202557434786978
0.01583740515187333
0.03817911892932153
0.02712329057318571
0.02374087032449222
0.0501993134618459
0.0241753568724562
0.01430560887183684
0.9495830334645383
0.04680136119794282
0.002668303818139854
0.010793011889355742
0.013225453539113466
0.10316189482485626
0.0829606502510198
0.004249136788804314
0.8916188277594123
0.8960520374822374
0.016333922087742002
0.08055611691986472
0.0765978920697508
0.050384749888906497
0.044531520462103964
0.04364588090404135
0.0103902115134541
0.03605921434291301
0.003942127959182448
0.012474409383816158
0.9478322478127382
0.007842284422970585
0.06696387198554271
0.01820020564840673
0.009930878986317372
0.10242334539939468
0.07551051546435955
0.06004714992297445
0.22636242371874865
0.030806905519349857
0.14857755120895103
0.023077167516786637
0.0012841645369195077
0.014753859746473794
0.006235651143265773
0.21927585051197473
0.04562575211558474
0.007612156351024905
0.03751976660411262
0.001754473268903224
0.018879978785683614
0.1566997967311501
0.02991947326890713
0.006446193337094961
0.001501510324155204
0.01564764686644173
0.01236119225448678
0.07613663442155359
0.05909945849455937
0.06373191042226511
0.07357781969606736
0.058530132806687486
0.04336164636459137
0.04055673914624251
0.006328573926007288
0.9887353928624633
0.022727557224294235
0.2512942188124379
0.04808953958275781
0.9671616067341182
0.009807680694671828
0.008681947698690837
0.9628852677086212
0.008365691021630102
0.11043836589001423
0.01728552983823928
0.05882137257221188
0.02310532324455458
0.01771824763607863
0.9770710885282436
0.004703002898337973
0.9404641033282155
0.02558058560572933
0.01383733137782666
0.15626331358680956
0.11268511929358395
0.0696658123531991
0.008074023758210988
0.026215716623434523
0.043962142680223346
0.1057645362204453
0.026299495598181184
0.9629364097684293
0.003000953106879419
0.001209168099543234
0.08743582810840825
0.02517149548171455
0.06146990837377744
0.0952698108437323
0.010583737887914932
0.033941967991815335
0.20451219684477
0.029718821593034968
0.06528403236327628
0.00535701894291686
0.050617278849342515
0.22405258203211115
0.07883727569667347
0.01478203290866833
0.0021909090811268934
0.08989243204577302
0.017930001735500363
0.008184700452258392
0.04546962325904617
0.04459992134367146
0.9562984101784597
0.025735312194037085
0.015238828119939558
0.061954117380823556
0.07308936624250872
0.03514143449350122
0.30821268233697346
0.003259047175941842
0.5591458894709768
0.03577721649000359
0.020061903560871033
0.004943444562208372
0.02158036122203146
0.0018446821802015152
0.018743309194315383
0.015547741788449112
0.02644125996244973
0.9039737856650297
0.0028870655604731317
0.24915713217075325
0.9763215448303788
0.929630662643553
0.015634184056772176
0.005582039861980622
0.9627960584331484
0.006617368237240343
0.013186395321137719
0.0048244573894432406
0.014225996171826594
0.0903110038222273
0.0125001144467634
0.9915443764114265
0.12131604235552379
0.0852985138235218
0.006666657764079491
0.0018761285480175334
0.008834198827157407
0.10459242849068766
0.0024911058735624216
0.9603914423595934
0.031340570100916385
0.1640460802411132
0.004251201822145378
0.022601206564534494
0.024555349998704568
0.1684160727165726
0.021480855076557188
0.06651366105793276
0.006855414297632731
0.07424418294644093
0.008600824088100409
0.2823741353900697
0.9666023728534082
0.005691990699085762
0.11707626955319195
0.08402877471375539
0.025481273111527005
0.032019235265897505
0.9881308168341885
0.03534457821238777
0.02203689441433385
0.042171136776715065
0.05922781631427751
0.061200586646041055
0.04199849535489244
0.012118288195748233
0.9810778306668184
0.005786908591728441
0.015070792052821507
0.008808838599825319
0.004794508220236025
0.9186892314430026
0.06602385904323804
0.07678530567623557
0.04511122882111683
0.004637411851566541
0.00224621005054349
0.09526907261515229
0.013599723876111278
0.9731709603418542
0.15654603102705394
0.013748491997426998
0.007160889679287846
0.0193134791324216
0.0005715412991442751
0.020292373338459086
0.9127231287881518
0.019755024735167135
0.03733301934259039
0.02713164953202689
0.9769247117417066
0.011250145309178037
0.0014200449248469302
0.004330789895307131
0.010232719783108761
0.004708992018172566
0.0017719591817546506
0.012221954537662347
0.003288299781754253
0.02078226834796251
0.13290657160863797
0.01784775464241028
0.008740583210561243
0.003230609734295664
0.05544412836392532
0.08816494122894093
0.04209229843054743
0.025801734905350922
0.022095074013287603
0.054584345463480274
0.00680848365361037
0.03266646895387112
0.14712344814822656
0.001976786713653448
0.003139713752049904
0.04559634354530733
0.023851242939260515
0.9578937413598523
0.004434584724581124
0.022444834210147507
0.002575772275392245
0.009681676581025821
0.027755354232623035
0.2781373538462494
0.005651774313240191
0.016054477236677547
0.03175293992400274
0.0018984020051265702
0.15174027416230274
0.02450782683820972
0.010889404043193456
0.042732889650595754
0.419057946767389
0.38007492794765646
0.0870689386038818
0.984149561673433
0.042841225129921334
0.02240682853821604
0.22360964809810785
0.143437747676676
0.20280924518853122
0.009053977167160969
0.012312317694557354
0.03342172459722302
0.008047871517555387
0.02063914775048404
0.0070568350850049085
0.4558561056320404
0.0187435718581468
0.015807172457471364
0.020483620687683113
0.011496039439606838
0.010814163626985179
0.012699947600552635
0.004448680450126794
0.01682120045637487
0.07137326218275841
0.005430753969956018
0.00154453854177041
0.014444008395027979
0.02005311211393007
0.023478039067076795
0.014748846192352534
0.0873582744880786
0.03350668536551895
0.0453834502285454
0.04055512885972177
0.07275238909783967
0.027938991654527706
0.009813711187881656
0.06954356334512166
0.10440050338660262
0.026812756183363887
0.9293870934502757
0.005897563939740685
0.010013283782059988
0.21851738522120723
0.039723891260074994
0.046054422015027255
0.0022600796964897855
0.9849199305245463
0.03223629605437038
0.0061899887080164445
0.07111182471037139
0.01935313598145063
0.09840234715327249
0.1368291612585911
0.002602502681488238
0.021630915767304193
0.057501498088151796
0.029132086698583623
0.0735995304756641
0.004232230393482567
0.004191672063316743
0.03300202216330115
0.002095787594814151
0.026283138827264553
0.7224398534414814
0.04115058935440121
0.0597467459646573
0.021816496771928765
0.9619649866316228
0.046441519542322986
0.012059804362155608
0.06769220076922765
0.018354787426332973
0.029084981517384645
0.12377199052551298
0.015355920181014672
0.09038983862504127
0.028132138066035425
0.023722301387475764
0.34258375318404044
0.015799533737410373
0.0197201236938053
0.04909896453610515
0.0015235532861535472
0.0039033690425481736
0.0065983813410331145
0.05104472985133148
0.03479967443906937
0.07411444375713468
0.11276801034970378
0.0737313146870524
0.08926080833969012
0.013192152550497606
0.009680270396838334
0.01960069890720636
0.05087694923745682
0.87202742319358
0.08866328527049926
0.13108081086645093
0.348088466746377
0.048882233107471154
0.43276963743005475
0.11058671166370318
0.04259279099875361
0.9905370059667298
0.936653639412733
0.00529425875507213
0.03105626793894403
0.9873062947395103
0.037685420699655255
0.022493362795629985
0.03180697276868125
0.015181839596768214
0.12007977780895196
0.00484473268916998
0.011064981335351219
0.010633483841462371
0.9871770839429606
0.03881423510530538
0.004316660767906532
0.10304993161626713
0.06536817611064212
0.014598726264873588
0.042872724134589785
0.03995126892039337
0.02556982006986661
0.044339326573937944
0.0199001977905876
0.03852186826141636
0.005033259771919396
0.003631662719036717
0.017589166005184082
0.005332861656732865
0.01648325477429556
0.05431206006126331
0.0145258964385489
0.014189594328650362
0.02130933923274277
0.14098775274906503
0.017561339676053344
0.003247145303147614
0.058111590962030925
0.953894043955471
0.9853411092604285
0.012969356795187114
0.027210419903954293
0.0070559369314706554
0.027840429400933987
0.7555577097803406
0.014354210736851374
0.11418919562225377
0.005431362827696619
0.10493503893735431
0.9611739433115042
0.007165747110521763
0.023438517195809735
0.08130578445919855
0.18351228210143516
0.2797367751861846
0.00973507057687766
0.06289892113052233
0.021576823604386494
0.7212515136552329
0.2558994460464657
0.020863188138123944
0.013754953465543649
0.9798821159008704
0.008328588414068005
0.017201704147321004
0.006358085953428747
0.09883673316391285
0.014240008387634201
0.07102930250380064
0.02944559442534686
0.010534154745349321
0.015436341653565576
0.008792713535026688
0.04913645634670419
0.027328888603568233
0.9732729668398686
0.1202630563115654
0.017921386391228363
0.961029375016171
0.10959923555294539
0.021266882226035292
0.004485118123982617
0.3886278453310665
0.013785313946332303
0.055615548259295086
0.11252661076628297
0.023975559027371435
0.0169896727424927
0.020103563291801938
0.02963139772381866
0.10570551828987544
0.0035129090283832704
0.013883806158247615
0.34670253803261625
0.027130501612521934
0.08100765618903502
0.00485642691908598
0.2982299359373903
0.1271889505397946
0.013661197994852436
0.003561318616910344
0.12676480987188893
0.06840784403744798
0.011053493350931231
0.03879818542869511
0.9136611722165614
0.03694906672052955
0.11019010965927616
0.00500603340333444
0.12198949963757232
0.0007273559974135739
0.9862013266832688
0.015253260053654516
0.003758602152401426
0.9859737981961775
0.007135436651236933
0.048680677967250986
0.0017686322382852641
0.018468399124547542
0.09189035580238863
0.043493577804242095
0.02424325142488165
0.0238491307974775
0.0649718251308831
0.026451507801602984
0.01886056932796069
0.12893135566941896
0.013808947757524326
0.13409330289323895
0.04978973676744334
0.039942987492433565
0.12259831505035199
0.029001329798551342
0.006514625310767265
0.10120422232488653
0.11403418581668094
0.9815821061424318
0.0020301771391493012
0.020259968842642057
0.025176012706577332
0.019324291003185723
0.004677765678946355
0.007043021387276144
0.0065390520655598285
0.04299916990655482
0.0024882015128413234
0.054739555881925465
0.0020737033217182676
0.05666819557733708
0.9914194903849711
0.0021426392695215657
0.03159697109452824
0.01619639486334728
0.01234632644566656
0.0041999929306138
0.8976126472464045
0.012095117433858311
0.021181108415424078
0.02194547497840712
0.033530487985343874
0.030376637206589393
0.030617063487075234
0.037424500183872486
0.930774460584254
0.058509103084706277
0.022031824426560407
0.9722939224694311
0.010385655501206554
0.020843170666063265
0.0015462823689007424
0.137385074720395
0.018680294781194633
0.013626827607989332
0.0383286488087562
0.9283735536190167
0.03385472821239447
0.008127079648662109
0.03539788945184399
0.9805313917892651
0.006935172958858357
0.9087054409468133
0.02244195850029118
0.011285561351765283
0.016473777153825607
0.017272645114731786
0.008309174979035185
0.019996369887451442
0.019276904935968484
0.0197949839990198
0.08209279135147042
0.02967632681418376
0.10665388425393739
0.2881400557528364
0.006093560590080201
0.0016455697615116666
0.0069807701935452144
0.1520075838500772
0.05761479637594257
0.022412925906013383
0.0791487851073824
0.020730382804480297
0.08275948905349195
0.01009309604833568
0.04501163328340288
0.015812047595866567
0.05372451050701479
0.004771928757741875
0.028731716179083357
0.01810334154859503
0.015601924703802285
0.052699889257038016
0.008927512980819476
0.26371347265263506
0.0024225271122179943
0.06541631765477048
0.09205814098101857
0.014761502334078837
0.03790654539841395
0.031821211357240975
0.059910924428132235
0.04144130144785336
0.0044347098276788875
0.13100750721047186
0.13551705480036233
0.4021904165241049
0.06184594960465576
0.016650847634387515
0.02564034542105264
0.987363420548977
0.019920803942902354
0.108160456499833
0.010610776261561173
0.025385483648730042
0.026738166787385605
0.033533814975900966
0.12684209951507744
0.006165009775516907
0.06367426712921966
0.10670946686047833
0.020967858508830456
0.9851841904333695
0.9881820323685695
0.0055392110496226095
0.010749697723332905
0.031096097574908818
0.060315749618183596
0.9825665131067765
0.013757180208871098
0.028257720387185263
0.019340723284414153
0.9375749283351861
0.06563279475133173
0.022350596090054697
0.03238546688393976
0.9504023472507946
0.013847154410828722
0.8551609226670034
0.023693683347259062
0.017706429182423825
0.01906999758132922
0.014376373094846786
0.006788992756623565
0.017347071450187622
0.024160296875465254
0.011351728896500563
0.021278918876508457
0.01816420285073164
0.036072848128308785
0.9109600158798289
0.0019321975330759307
0.035796634636059206
0.021185439097141493
0.08849623058985988
0.026369313343967603
0.0055258439708742975
0.020802213848660097
0.0010769071853468082
0.9556950223377816
0.053930375078817296
0.06894597946957381
0.8756682585514889
0.02197990861105094
0.008912529706066867
0.1779178966764057
0.040367495747752925
0.08526865358338052
0.006715268637661104
0.16877335350367578
0.9216720740322045
0.08859637300385054
0.03645893318570648
0.04215778267177179
0.012493048895725008
0.03138622173100417
0.18393348147044433
0.07958612387623097
0.029095870901250195
0.008738841164757837
0.10077691201070463
0.08456358842015092
0.012418303302776233
0.07586107752262582
0.006292859673093023
0.10792626677593452
0.020600361327971554
0.2535401807292317
0.03193484031959619
0.10691722909338763
0.31369703215295835
0.013947066916709619
0.10782037557322503
0.008932494928729376
0.012106717277021627
0.007824930028857651
0.03538370323533328
0.024537711062361946
0.05715727934710015
0.021947006058131883
0.013057459620373992
0.029436647893587922
0.032729052886317785
0.026570619055640125
0.011823671848587097
0.052438242964996086
0.10665464949420488
0.022848653224425957
0.018905525415359507
0.9577090488978752
0.01602866646013504
0.9429538354010637
0.9402294615445225
0.05676822160401522
0.03789291984358107
0.0651452647202377
0.9610126470562438
0.9740310384269568
0.07993759514584377
0.959161300663122
0.9913003267275027
0.013579010955839334
0.010537191808007523
0.0055087534255664665
0.013925304926560092
0.009133336526071503
0.013625572997811105
0.9837044307378081
0.021246539917092945
0.05475514611800265
0.046935448916936684
0.0022658199808170383
0.05873743190515686
0.028504468441448473
0.045343011582320666
0.23953137907358069
0.007080341827655747
0.029201574304676764
0.03007060833201763
0.005198119238855725
0.9728167150782385
0.012720162265601125
0.006037209264006027
0.02051888684269964
0.004201266346079059
0.009837094667945651
0.0258371767361276
0.09621559836606595
0.022730870095710533
0.030627157095630693
0.006208120170484459
0.024881223195199878
0.00570977501730847
0.007747342637038166
0.027004211607565932
0.04914655426034509
0.002030023856825494
0.008612249219861978
0.13911804208831846
0.1523645434400056
0.026551478178324324
0.973939392754126
0.025425387098921177
0.02734457957000483
0.010271947891861683
0.02047706931724856
0.4324346101604848
0.04278577001124657
0.9118100683349253
0.02890178599609258
0.0077840220651123814
0.38126062057701343
0.010611006698528212
0.9504334230393987
0.049931919208738414
0.013095627539282385
0.9385675490235024
0.9272179396622935
0.0037140728159368516
0.14982770874151116
0.06367855679653814
0.039116512949006574
0.9220219015261949
0.0022963741678824223
0.04910751559039699
0.003572427549403265
0.003364054236818534
0.012944061903164304
0.016396843134960017
0.09926332954882448
0.026036122387351857
0.0064852168385157675
0.017043685752617742
0.03133572954872677
0.9804195495316349
0.09849241622241109
0.5265869922054106
0.028807542352428116
0.14124519306272917
0.007388356859139013
0.08183812391352145
0.0008096944679068418
0.03105892581966461
0.01185118959950612
0.9369558612226976
0.1156605209171806
0.022589871823736476
0.02774526552692865
0.05092885783888473
0.012043135792688925
0.9127362033383865
0.7753167648997524
0.01773314555863196
0.017443341175356033
0.0168694484094887
0.014559444975792807
0.13556750631582115
0.08989123813373082
0.9817987932087634
0.047757361607409954
0.028520311048745854
0.02529836209907533
0.6906131433325572
0.002208526663358288
0.009473314673142767
0.04566980868453679
0.008829015153595085
0.023633597891111816
0.019937313334202244
0.9673835368431343
0.010171930990161187
0.39247840063592476
0.036913115728285845
0.0017168518842169485
0.12320147742049797
0.04200611895543374
0.0029189533842765404
0.9717363767087815
0.07710483625672185
0.1019229543910857
0.06372480902173981
0.008981171375885734
0.03834406456969899
0.0052698084019437395
0.26512653570730604
0.00534742995841434
0.9638881339026012
0.05958514161684927
0.48751961549025763
0.011816331890957467
0.01093795321036834
0.03624371704243151
0.10070206285061918
0.15827129901423348
0.006073482302668468
0.03122127598152574
0.0042569886097677916
0.5164113374126725
0.025829220036208855
0.016076256624066934
0.031829140680889906
0.03556232039063017
0.023950686735588343
0.9914333179211047
0.029106724877434317
0.010456003571584832
0.1219179551550932
0.028136253382755654
0.03911776797002816
0.9373768139954148
0.06347300851685364
0.01273857306274931
0.067994215779977
0.00726040066970012
0.9537667229830185
0.058594487167199144
0.02489059002178391
0.2555672344016746
0.027691124596953134
0.9539826437268815
0.08981685761915811
0.005937994432336917
0.9696123587133653
0.01761461620150346
0.024845175833768485
0.0191261957291947
0.04521056442851984
0.02393772133458179
0.016662455291387813
0.01489999927713511
0.007832403776343096
0.05983135399994707
0.04841197499539718
0.04637463384040129
0.02939294740604949
0.04603162708982297
0.010293894927249983
0.003278231824046982
0.04218186512703271
0.02580507828229187
0.00258662691018511
0.4808049045144157
0.018134623439159312
0.9895170093035041
0.034616085862332356
0.1510048237906332
0.03428258575193239
0.004680594867483565
0.013233272473891656
0.34148415148630523
0.9370219851135233
0.046205211871133536
0.025929765930364473
0.0803971129111244
0.11488610093469286
0.03196570365569859
0.018427662064106256
0.2880794660525093
0.10366984220349384
0.10122383001362015
0.02110690716886709
0.022123612290430496
0.13807305476233261
0.4249766143415855
0.0041664164163882295
0.06943633626244737
0.015633393708885723
0.026859291675908246
0.010475552545004114
0.03080247905859258
0.13630941864313112
0.0107177207592354
0.012794997623486798
0.013809355601658807
0.15480800150570553
0.01940020101395151
0.010427702324143008
0.009440087258373102
0.033849761927471814
0.009488435603636148
0.004528340415358038
0.008808349108181825
0.11844109361787133
0.9729840642864729
0.03305535193203671
0.09337019969155183
0.024806383811271693
0.02054325469666585
0.01571050736594811
0.0033066349703426722
0.03619363870865297
0.03515766610027683
0.003248862048281877
0.028570117885997802
0.16529313083967276
0.026294494055953854
0.0017805959901328913
0.02900556831255495
0.0045524982341159145
0.0669289304820021
0.07143391941399241
0.05523931162313829
0.08326688581878212
0.03343478881116213
0.11573244859356173
0.9887890172354882
0.023752831046974517
0.021472023214269897
0.02382237671285083
0.050643096705938334
0.07658864115554434
0.007936102805218703
0.02312212973505317
0.006921674729141075
0.014927460903600814
0.004355337326021254
0.01927048795106101
0.005916373931596111
0.008721933848740288
0.08797482024085047
0.0601388165175411
0.9866055799137694
0.03403609847508064
0.006251719463216057
0.0773705044009965
0.05177935577854741
0.02100103197591384
0.010597556568201305
0.010177262566962884
0.004230188311907284
0.9694630346701543
0.037747149770836146
0.010678739918598234
0.01606788561241815
0.01581319593980093
0.058997560553086484
0.009973019341721998
0.08926922056034767
0.01578915322567449
0.013436341001418627
0.030072562395450062
0.06007654486616105
0.09328689746855852
0.0026305694625139817
0.04439517284178308
0.19168848384591963
0.00746544607027307
0.008967247027276323
0.004259655663257025
0.15489296656390117
0.02571444680970556
0.031893162628025246
0.028600477646442635
0.023454770435964636
0.09892818618378785
0.004506555128595352
0.008357645636231923
0.0860272030333571
0.25292114191028714
0.008528699059973395
0.12613459764452245
0.01889003447414004
0.04389806542972218
0.8677121231304722
0.060143446827899676
0.031058062761450428
0.2441965375628274
0.06376679558493151
0.1299868597616368
0.032430719328085146
0.0668182058693282
0.04389626420314183
0.05319861903492958
0.08395085131346479
0.01719028335355128
0.0019336567355565967
0.01780766664298177
0.10034933347852919
0.5026143230569616
0.9702394447190568
0.03157796112582166
0.03194847940300592
0.048490652402887933
0.982170704456507
0.09928224544416103
0.00849165982828356
0.009123661127626677
0.013125477925143476
0.14799898030178232
0.017956623411448432
0.01786322840046481
0.253826707070285
0.14700813899926313
0.02393954571535927
0.05895914184025334
0.056088255759766954
0.06429013853022739
0.0027965825698126707
0.0014385269993366853
0.017906341841010587
0.06489348495709422
0.010638021914143151
0.008573637611868346
0.02620425013876279
0.03495712302407379
0.024731942133386607
0.535901224225927
0.002055443806407748
0.010177005141296217
0.08118444648364875
0.06304572841151954
0.12739149169373742
0.04620054644344903
0.3073038875984207
0.9455898664248482
0.031359508911615416
0.03428886283651932
0.010274382997056415
0.020996928361351478
0.215878820592698
0.04008188811998447
0.010736672029430268
0.019338302517359466
0.01212800784033068
0.04128770172978259
0.9675546412387123
0.009924191531474148
0.02984099864119301
0.006679334821846356
0.06486191874259789
0.015139594382082035
0.016082692826750383
0.13352620201879428
0.093786160038776
0.011332039682833294
0.005814662231191848
0.9755099798652838
0.012024414791357655
0.08687213138618151
0.11403415139706428
0.015155579845414798
0.11418810844011318
0.26720251730937084
0.025930683123886085
0.07407532711828684
0.12273482226376788
0.09735669687826909
0.016021454974003153
0.9442393297063884
0.00717252881932029
0.00651564064917553
0.07299509825134387
0.050049832277660994
0.9720503357173967
0.024159170086347045
0.09408141088641833
0.05764531484486448
0.9812503000143986
0.08333049935439374
0.014214451109270537
0.034952765071671554
0.00497586196659425
0.008285479897184514
0.014920389576658626
0.016254059319185762
0.04396385070073586
0.0084445257718906
0.0018509459209959545
0.0047300775172591444
0.062395339290394834
0.26696848056445033
0.2981359458315288
0.01455046310613073
0.9719021918127626
0.925503875835378
0.06809510946013024
0.016652066595084863
0.03686051609690527
0.04755551838457754
0.004827162579671654
0.471218343680923
0.0030301519959854257
0.001266483229156762
0.021374604419383145
0.9706475491970051
0.9760595107576278
0.011415464983326629
0.12075451186175096
0.010177982093129834
0.04001615969234066
0.047420699463187936
0.01839644104710506
0.014184692320272517
0.00921848563640428
0.07420500511467397
0.957092959308948
0.03796511809719225
0.01198443689926771
0.9399490875205812
0.01821253773293568
0.013267594269395987
0.0020090454353547823
0.09480769002419276
0.016468529397625636
0.1842997633220921
0.0807257294136699
0.032541106771821
0.09604315104937333
0.9972562514093188
0.13301780754777154
0.032869945291930935
0.019092357699484832
0.007484242439311095
0.04611345740991009
0.4244335485658789
0.04517172107197416
0.015593676628768852
0.05102374140922804
0.20502551907328298
0.9967667300955527
0.024490076663491383
0.08523974566119945
0.022191899425505635
0.01933684527655745
0.28592298596327553
0.004001128139797549
0.13319845972158412
0.03142539266480956
0.9846628054098662
0.008553154331589945
0.1168070978785132
0.04519039893737945
0.007121760420201187
0.0020095142872126382
0.0012583677470915289
0.012309899010935665
0.22571622873584948
0.038677968471256985
0.008709062692842806
0.03222702488072992
0.0033143990893769637
0.03756003051877056
0.02884936373378173
0.8742056801617629
0.0655772448579158
0.9853799478955595
0.035056333445061476
0.02829617068079766
0.9079316250758253
0.012056316908722223
0.05168136400089557
0.9842590478981286
0.023737612510234932
0.024940555224421623
0.016157799190587872
0.11208032673909403
0.007418750258149541
0.01338595817582632
0.007948097345663041
0.039681521941400136
0.1206967215289342
0.04354145329127533
0.028435658797824642
0.01896027031076748
0.04167397177555666
0.7224622362684372
0.0426062532439366
0.18756974179136485
0.043989678598325525
0.1262658434924238
0.0015990981099343602
0.07277148426820298
0.010676660153870764
0.059551645591884396
0.033656752486565036
0.09262594828442178
0.020131816020543473
0.14260957306275276
0.9736498298856211
0.9805572659358841
0.23905221399825277
0.057626390706911376
0.014570709178675268
0.06110489085016017
0.024928511681192304
0.004329262282089103
0.006851544902680088
0.004455063760893547
0.16216194635277514
0.9705329260436399
0.0654487012529689
0.36224345455055346
0.0046698232993371575
0.006904749632546448
0.010305018953860268
0.020129622181452315
0.037798906869422534
0.0024383048474947103
0.028337416120045835
0.9771300608646771
0.019998309590343783
0.08995708661213073
0.002251668800396415
0.024946203859922002
0.9241625099054158
0.9572676617605343
0.006210025493980404
0.007504627902677569
0.014530153029441021
0.9815742774611772
0.04771735241403011
0.039281094519308286
0.01940932303001334
0.006803468295826181
0.004212234405904634
0.06325364656228855
0.011300175951048989
0.011719057451404006
0.08023765691492281
0.9834083823374316
0.001998945646416375
0.228179878790248
0.0058832805934565646
0.012558923584288803
0.007669898580425386
0.4841916471923053
0.009325005866139437
0.0021010483484211425
0.14581427826197058
0.086849983373554
0.04106620326707908
0.018361033992736354
0.019616054316906682
0.009572887857782481
0.0022092205257640716
0.01926055920375373
0.9716624890480076
0.06880036212410998
0.011737706143104893
0.014481851100768618
0.006700838818434563
0.03328158190341263
0.0432374544287393
0.10459115903921395
0.009423178827826303
0.03599513773250297
0.9485852233746991
0.011653627996329319
0.9445501051611065
0.06555949612886677
0.022839552705554093
0.026599105078300038
0.012133382296070182
0.011354611222547793
0.004177627938761754
0.014737224919219848
0.006339335061350863
0.3159226399030453
0.08545450633635082
0.007080110961693422
0.09365570629686568
0.972528849222566
0.004458212643037575
0.07481923766287321
0.24424350130973305
0.9845079323631165
0.978206674953612
0.012323443151020463
0.0022271910962684462
0.11655400439021674
0.4108534838309977
0.046830159786152924
0.017624081249285477
0.016072654463648105
0.0678594822946086
0.007218072266489115
0.033960835823529545
0.09621324005272909
0.02915618276720186
0.027403079181959156
0.008334106812183885
0.06537051064085893
0.9314840749366635
0.025959087181899577
0.004808639596968059
0.004456774489070164
0.016710668430994294
0.03710339914310667
0.764520639895974
0.013968306678137463
0.16995491059153794
0.03580486194212539
0.965770936755704
0.014493864246364698
0.9821641480385157
0.01765824007980989
0.9809143052209115
0.00804281411851906
0.9966646280770728
0.048513431934052935
0.005702681026347021
0.9839853202710254
0.08433626594246006
0.12016892678091581
0.2725785126384626
0.15305186982363272
0.06186261628112771
0.17665527503275805
0.020430135215165363
0.5388372424366866
0.36456653419781687
0.022345962796624173
0.9564030315278037
0.02588045131152584
0.25002246280827534
0.03238881345228516
0.009295969947054988
0.010806540378824326
0.02063906871997365
0.5937717342036908
0.2121821348696746
0.04440014903426042
0.025191261668764352
0.0022610733752747906
0.013112907243131819
0.06336344206670051
0.020988610704000002
0.0026540418384520645
0.05973194460322134
0.00828438837064739
0.0010525224835766962
0.04305222152346642
0.9642119537487905
0.025643513041256664
0.9045428690811014
0.01830344357888227
0.0374201753582926
0.02556418572608303
0.0189934278897453
0.10258285685790756
0.13895143997267576
0.08305947993601094
0.002101545045766247
0.019699141157111064
0.006858846753217735
0.9755900520102531
0.017371093914162812
0.0494508568669275
0.9106199308959547
0.022915612946532826
0.16070641342094377
0.03157045799367349
0.047910923739121945
0.05622213334913227
0.2266417610505689
0.004564796089852932
0.006817810040207137
0.041605011247862374
0.04743030716331451
0.09750741357558156
0.07636049149570623
0.004789528855644502
0.015996044506854306
0.06949081828181197
0.007653526504370525
0.025631564031871983
0.0066801334931930485
0.011379548724583119
0.0354542264248777
0.00161745773295978
0.14741395237008448
0.010624012155363063
0.9842405756652414
0.1113980494979668
0.01341507916744742
0.022677434007058322
0.9106260264370301
0.014444097837607086
0.8625663495765146
0.05911477122803168
0.058073689693333645
0.019515424883355836
0.06825459337852505
0.07271444548633052
0.1408436103268055
0.052305761483438906
0.09089229328952826
0.004293602369799655
0.05252833685938074
0.08351927063649894
0.037018524207067874
0.024203635361527854
0.03273531271693848
0.023541252989478866
0.9729866426968262
0.2244177169468572
0.30004859203398826
0.013571735299960322
0.007507710350661312
0.01727878520233473
0.03226110654610158
0.00800361747927116
0.06441051237747644
0.95906515482138
0.15937130153822363
0.020723275857440507
0.018544675654314193
0.03291622778341568
0.10423004119831104
0.01784478279336761
0.01632335015450271
0.0031127145243269147
0.04079584068281773
0.010248651769350695
0.5297479878009164
0.006005551423393079
0.0300944107711886
0.0417592591550468
0.028170914976434883
0.05503945723264298
0.021002900128032555
0.0016315816763147833
0.021276317868085787
0.9789294620513157
0.5037506962995768
0.02148021847564383
0.017933313029410793
0.2798289626190235
0.9897628704559661
0.020144985777959153
0.01827995818543057
0.0033723842957964446
0.007110027876668542
0.011275205437660895
0.0030294250489168325
0.023336258341502065
0.00627128362871426
0.07113627259680584
0.007893596984076358
0.02812386143991623
0.012183945680272004
0.12794722521853258
0.11038505603045223
0.024658905274917934
0.7512692908217816
0.05714564343043154
0.01605700327688209
0.02662257509553611
0.0016341003552007916
0.0049906693432774756
0.002117243255031798
0.0866899532700231
0.007266309272633488
0.025435234487569666
0.060391652990647075
0.19752650720223416
0.020492403418296792
0.030293163808745863
0.2245212537951448
0.047021303211746586
0.39699186898665323
0.03797060181674948
0.1208866229475253
0.06971073252761059
0.047383464594488466
0.029905113489733858
0.9899900252015431
0.03099535218179322
0.09141137594383138
0.006689720225286848
0.024781372242113575
0.025532896190065126
0.14969415818154094
0.023732711646524022
0.008008725831944088
0.041685093800989614
0.01978102585621661
0.213010461587223
0.5395464025973989
0.038196438552201485
0.0030953178435496258
0.020971244626124666
0.03366395580838962
0.02711251061891106
0.9704119604704398
0.0014781833194740881
0.3872660344537939
0.007290902072434664
0.1763605751907317
0.022181735732227738
0.06282994865503896
0.006911464358360743
0.01329928039763759
0.14969075195477086
0.016255995601623215
0.0032597010628935157
0.2935640650614738
0.2192304145355125
0.018674052620985065
0.0854923959771223
0.0022045804598822406
0.016128788846806796
0.05403772653476484
0.0041768235768628904
0.00514148560036867
0.010745301669157324
0.8801092151034153
0.0963780615547376
0.016305388065341778
0.9552082303825766
0.04464882817531608
0.004089129876087184
0.01949741389968474
0.02361361136640504
0.0030534813094578533
0.002993297749417982
0.04497046356913827
0.06568064947126419
0.022286963079003408
0.030336218798226025
0.023696840779279773
0.1022646843289773
0.9659785634068095
0.0103269651137041
0.1386816307259795
0.005289681277177542
0.01622669446774133
0.3669533301553825
0.024194638434503105
0.30277164610877205
0.03487573995710376
0.004095066479892839
0.8853693096221921
0.020200692203650415
0.0378077449976235
0.08483842427109196
0.011967644094239173
0.5322162259811865
0.018974947902904944
0.07739498974473243
0.07318701627130299
0.02477304036592824
0.07761706431888082
0.021899895140425854
0.031239468757128904
0.0897479215662
0.06522057439404268
0.041307185060025
0.19901955640137386
0.9526930994746428
0.005975951750368149
0.00806830025836992
0.284344349941693
0.05002228540065403
0.09684481352024732
0.992599289611328
0.0011478795402370167
0.022757404965118338
0.003505285927655716
0.029131401933435316
0.9726170530325939
0.041077253830560254
0.011751230122253677
0.05847351096048809
0.9775235963170988
0.011193816970053753
0.04495728149501877
0.974672175746546
0.96034091076089
0.11441712830368359
0.01713852355623422
0.08012548210114002
0.002140077853462284
0.9794860096754135
0.9412068680546918
0.9951169123185621
0.10317622596626151
0.053073650271509995
0.3098289910452426
0.9773642944208383
0.11095977434363763
0.02655494600077375
0.04523996232687247
0.003936763130403157
0.006493746934325075
0.09180028711700394
0.0265148382265076
0.06302178698939359
0.0019935400607573013
0.01088535748934638
0.015794570166787755
0.05687902127713602
0.13267723373439613
0.06842830505028066
0.020633788266718595
0.01931733433144468
0.956866021381313
0.9659526145208873
0.0671804458350149
0.01322506575187158
0.005712675563465481
0.00828766897619837
0.013676671120477832
0.006377806249248068
0.7983387452936055
0.005022824095664058
0.008250083979290175
0.006186554443744509
0.030284539689371802
0.0014042345690300283
0.9795743837297961
0.006308636799126239
0.021860589602112405
0.016403514445703444
0.009408262283454863
0.012422904445105834
0.03762595596910435
0.008717981641480466
0.010080424764154154
0.03625737056070541
0.1237434912723243
0.05833708144544841
0.9511548539027266
0.02226705950369382
0.0054208129056729695
0.028443314485905553
0.036915212125325635
0.023005108669361604
0.013414467244080604
0.025707490738041506
0.030235805886049273
0.07734108680721845
0.032899637155014205
0.02106718012196967
0.07172059836262257
0.007210509143769031
0.19355092015208003
0.011435159726636808
0.007119729746917112
0.9810740635737133
0.9618555737050384
0.05625466096584554
0.011673173569816698
0.03132595033684262
0.024799068397143444
0.8708174141928572
0.975994370874229
0.05710375561608384
0.014857672666420556
0.04864067644644605
0.0033480945818340265
0.9941648066309802
0.006424161726432925
0.13295003520543816
0.003933324819363025
0.027456308157966926
0.07691021296705157
0.03337200452598004
0.9917191261827166
0.7721840166916346
0.8215809376697895
0.05332809918216092
0.0525941488379676
0.045472362485042446
0.16546681284255343
0.1264077012420362
0.021401773524487095
0.04483846524152481
0.0177128399805493
0.9860334968809356
0.11564755957432762
0.9749603607601898
0.9684331027347461
0.21614718732540722
0.11394395019194638
0.18457990358184032
0.9566698306586927
0.015822707259342938
0.008545226218540543
0.007730539484577384
0.9785698480864747
0.013021447672458681
0.09079866502954302
0.011098829679312352
0.027578393627091906
0.004507877747210444
0.3038582061146088
0.013408006797033514
0.0783544992774211
0.007533544823931751
0.00968820530949663
0.0309215555282345
0.011872090479476679
0.8154171298500924
0.14473896122853958
0.07877909802367729
0.0016544153760739853
0.10423340777335584
0.0024894936730923073
0.33004725732330736
0.026687768419246773
0.9723133709132382
0.9629361636243449
0.028260006844755527
0.02203564698312113
0.03742958087748364
0.060288090951989975
0.03211993012564522
0.011432658655874587
0.9568103504068524
0.00693157748711974
0.007640232536603464
0.02415272477736088
0.142406169797454
0.014802876207335341
0.008198852829424142
0.019257036048866243
0.0657971909649686
0.02409657325835002
0.00870780625638734
0.9590518361890321
0.02132724317921586
0.5240920975828925
0.04374761521404957
0.05275184990360232
0.05260857311476496
0.05025448946338897
0.0030355662442557037
0.10282044139181674
0.024288370541219437
0.008219845054963842
0.05419657662443736
0.015160992660333801
0.013732094148827343
0.06092791616456079
0.004734767718670461
0.011940893949355283
0.003336812984730535
0.13232969089484092
0.002575997153544357
0.037396843327989454
0.013070928601727061
0.00936185614124475
0.04565070484850488
0.0010852292169264532
0.03525321165085687
0.005909954795311621
0.01074528756650042
0.03467930518679728
0.8314879546269572
0.00942753670743262
0.9902986444838596
0.03708365554578495
0.9593982003327454
0.008431734777644091
0.03815409068913372
0.10822659686899107
0.004299664234368686
0.0313775475670469
0.08707221933666724
0.033768857497041435
0.007541590633779478
0.9677181524725764
0.001026019292897582
0.9590846739048619
0.01009787865507712
0.004834179204153198
0.11476504457298163
0.008784606680220373
0.001748945102148886
0.08904546968199806
0.07253948309745473
0.08157436471208301
0.1304379832664898
0.039004607530457196
0.09146315464288021
0.0026045493986121522
0.01090707351982992
0.9603622670686975
0.4440249976795408
0.044586039779721386
0.016710331909168416
0.004422157021830877
0.9784085346449606
0.005335911923251697
0.04338526338003983
0.0014605899906286828
0.01372383330195017
0.9112686292903803
0.012304470332475585
0.01325079260552036
0.005642219396388395
0.04867366109421373
0.045022471936254194
0.05888176148079744
0.039496282918791495
0.062306204069065035
0.022380074907123765
0.01928617149248992
0.03619302404522711
0.02218348595118401
0.031700663090333266
0.13221300378422626
0.013891739709642865
0.022843155741760972
0.0035220998642946913
0.010637691565194483
0.010375762460390818
0.2721573174618699
0.018085927941948254
0.011854693327342396
0.052124872643428674
0.014719406300533094
0.018962085533298357
0.017671140804271197
0.02483759672715875
0.9350635373769924
0.02395411230558471
0.010107815561116952
0.0463108021566183
0.010955818407717664
0.07714864080190463
0.025133365537881404
0.0661020173453189
0.9809477091810388
0.003665489025596253
0.013334284226479753
0.0010508625651106092
0.2593658286641427
0.9105506558941605
0.0021128219102928415
0.013724278543977219
0.01115201395007995
0.02624253484025254
0.013714537546591883
0.24178774485069188
0.1517092516206693
0.9719984835331554
0.27967240190255394
0.018015241198754937
0.07696585169058387
0.07638171117752574
0.9532752634792199
0.025282112935155702
0.015043255746548299
0.025393686635330315
0.03907157738134869
0.013550251335280084
0.002097119530228096
0.052285649176081174
0.012685901845810558
0.03617743689091967
0.24033734877911575
0.039770512979780806
0.0396470380794263
0.012430240464308559
0.02342465396695956
0.024661166086884567
0.044068381194662644
0.9746978572801916
0.026052456347035617
0.002472087436485532
0.004833349918249609
0.016051979011349166
0.04809300327302587
0.029979231959865297
0.017017053363412582
0.9558238064156381
0.018442299338230002
0.04509731896621311
0.0591550559548339
0.024368758039808456
0.012525103659025977
0.0016579713612375748
0.9548065504371984
0.047867472318414664
0.9612215911095672
0.00543403945449155
0.9490302215668655
0.018936085844363838
0.007976708961431494
0.03955206594232059
0.021839093124683333
0.09046043714418121
0.03228464289152648
0.016033394523604243
0.23798499924186767
0.0046136710378217715
0.021055251951791178
0.22035415817738435
0.0020021013284159525
0.956150598394618
0.742550117552342
0.0187365542618727
0.0024794081914175812
0.05759437445073443
0.029919255700011728
0.054905447728108084
0.35450918205894216
0.11340316434153798
0.13932619489947293
0.19105735163818585
0.14749068498463924
0.045099312762038844
0.027087070386007283
0.008009981722070448
0.9312860280716688
0.0992741547577526
0.2036565841998287
0.03155586706622824
0.9789476137162115
0.0074039943071605606
0.6848463933850155
0.013887981502847127
0.010147092399650748
0.005936555174657947
0.9741524750534952
0.11463753844931841
0.025759451755076018
0.3609424025151309
0.9682858147320575
0.010464902630648056
0.012520452850585426
0.012478945047396292
0.03615170799148112
0.00255505516797332
0.006807465399805238
0.954428582867778
0.12933601246501647
0.03361559586992398
0.12439520808497331
0.029056988561227272
0.027373448919671077
0.02964711624313636
0.0953610357282883
0.07771513856555692
0.03265383471461082
0.012831462636132464
0.0229365107919313
0.0055937406200867335
0.024499250212708927
0.03403194217180759
0.10237705894181996
0.06053617125981019
0.1985222480790119
0.05232667013206791
0.07947500151463498
0.01719418593959184
0.012863181232378834
0.009060740728402957
0.9622434510109628
0.0023815905838845035
0.03823690258176981
0.020212912549716466
0.9381164129331236
0.9869193568087111
0.029941284081373115
0.0572443446181433
0.3323488150939453
0.08294967900419768
0.02641184361444522
0.043567576232201165
0.006562904381401973
0.03246210416479111
0.00980359597971078
0.00953465241823921
0.044400027579823934
0.025400163033223008
0.018986147436688642
0.013315143185766628
0.0025252193916702652
0.0213455385346936
0.23207976788772988
0.3042254187867102
0.02274258837393753
0.05619618296716797
0.04792496311627122
0.0705850626858537
0.000885009031346151
0.017746339384295644
0.021364529323387248
0.005241896767861329
0.004425931688386142
0.09168766290982804
0.0716805731993878
0.0043697291328629005
0.03405470443177765
0.08664423460627052
0.11486821973399032
0.03175143698160031
0.008733714685121458
0.010447567361101463
0.006992519216996901
0.9520836975382476
0.01268301121147115
0.01051235606054343
0.005106761778693453
0.019324716678054302
0.07105441275292307
0.02284793460560641
0.028361287678752994
0.01076969680635961
0.008978067422104578
0.004447644367827197
0.9439402048400565
0.042762260829984765
0.00442491501662306
0.7325503850136308
0.01596672917867327
0.020292733750999253
0.0750381641375386
0.056861634031331175
0.032374570599827325
0.007998150864859409
0.0016271908054996036
0.02242191363737169
0.1370285572151514
0.037657755414923534
0.04420424144320008
0.012253467721837817
0.0181602975399507
0.99044381546897
0.007581579459901362
0.011686417786263064
0.9844679387947413
0.43124104021176596
0.009098977396774394
0.0037411146978415144
0.015948190683732134
0.03280130307008057
0.03239560979389197
0.026476593473266835
0.013257211093779753
0.056491616631837716
0.010246261816164394
0.01994275363514777
0.04817165484760037
0.06237796351622226
0.012116246672771893
0.022509475642280338
0.038035340984340124
0.023156764265581657
0.013927100397948798
0.038094702582839944
0.029221393944452865
0.11737106210888032
0.01911774512023824
0.05994731214139098
0.010845692435129641
0.11682138599941871
0.02340286556463935
0.14710478789526824
0.03268899345403552
0.07926366212041207
0.006043975335100699
0.9577209586594959
0.15515964683889552
0.13943607547438047
0.008279477487463032
0.004312044554593108
0.0075214655915675395
0.06336759058288476
0.08592378716208349
0.2314653069247122
0.09669063302258846
0.10644675917889214
0.058174338614829964
0.0294495343210089
0.02004773457865068
0.02286291637047514
0.014143185751671226
0.9732633557229026
0.0426534858548634
0.07293216159214826
0.04271831017457312
0.9622768186758592
0.13472667356587098
0.002461127266076455
0.008176448792259199
0.003591339727463606
0.034680368768509634
0.1302007174502062
0.004521631229910753
0.04430691180529545
0.04414221453336164
0.0015447706289016616
0.04160852913869097
0.07541408978186799
0.05431483353463428
0.0016176148079298138
0.05864276944206733
0.021470199014468203
0.01900569466197225
0.9567569853760838
0.020187075150252295
0.2380274388115187
0.05983287968933877
0.012304581013326139
0.021308018800434453
0.08215295930448177
0.2774024036981125
0.02391076500535278
0.04786144133870731
0.053425355250551504
0.01396397679455142
0.015123400552449427
0.04111214527549551
0.1012343695642871
0.030045288269476878
0.13219946866275264
0.03570797504503982
0.010659818529972012
0.0304211293344333
0.04468916410742783
0.03891861771606337
0.0028341581323008303
0.028703469989093875
0.008145351353912896
0.012147116373649354
0.03271515222248592
0.010849314344048712
0.016358338652094608
0.03330548062501154
0.06491184476638687
0.07705688671405228
0.23596546109164937
0.008114947086556773
0.8963433614693437
0.024440102244482655
0.013591113008974393
0.011177141877435364
0.0078052558606101045
0.8263752126855928
0.034206724992584904
0.0024939177133274882
0.043783390895853196
0.052790627784879224
0.009919135952103399
0.05627069139600704
0.03217620957888528
0.022011484476882347
0.032051823050103
0.005508318499302312
0.03925600372226965
0.013942728782881138
0.009641380961212602
0.02305850159911644
0.04160774841196551
0.015483211558706002
0.9842877703985844
0.10316189482485626
0.012997476923863386
0.04341476918365888
0.028117225256152133
0.0037957028660800156
0.9791030773207898
0.006481681691704335
0.9851949777276311
0.019698613302653406
0.008351486652285403
0.15609186710323572
0.03972348571068182
0.01841888484503103
0.018727107416857028
0.023104488464159453
0.029549094021303644
0.03393038201496029
0.012197308186185528
0.04224466562073813
0.02220006458512488
0.01584392540777332
0.9122923316453749
0.1403530520529341
0.014670457560878506
0.0046118682175038065
0.02015668539335065
0.0443640845328523
0.9558534785217133
0.9841988728235298
0.01769690292337327
0.006470656180186744
0.23797690488576514
0.00587847467347388
0.02791661691158911
0.003248334585496187
0.14246343357210003
0.14250815951201204
0.02184830690411883
0.0083165769045742
0.008762029055714694
0.009915842008029432
0.0011094562739922625
0.0025696789824317125
0.01760036704971418
0.05346742607738722
0.03269863563200104
0.007710252700480255
0.05218013517260146
0.022511012031084337
0.07511139204803384
0.026930911550807627
0.03897562958797654
0.9420523320048584
0.08915008523957332
0.047668472614017
0.9596376693635846
0.0803045723607459
0.03901238607930614
0.9787021308008284
0.03687101959763968
0.00822156097389285
0.004858190383081396
0.006577578143722905
0.9760350290362079
0.9381408516423627
0.970995496581059
0.9842631380814212
0.0024344118057217506
0.014968626768220812
0.05085082266349225
0.02173429493889781
0.008949671248952008
0.010421079062713305
0.3718366464286998
0.4172081971119143
0.021787862827275184
0.010899263989868938
0.016957668885458715
0.8242517255532001
0.009464192676614983
0.009207334350673972
0.020257827739726873
0.9223681260929983
0.7522731243001339
0.9160382104387784
0.9821489804810211
0.025097622633061974
0.09714622434833298
0.2805541813888078
0.9619981093330753
0.1778416586489619
0.0008346789837332002
0.4299150059560133
0.009051996436913226
0.004850026043342276
0.010346606972156848
0.0066399870316256725
0.022455862096624965
0.9305185549210541
0.0037046532705349647
0.05461725850946543
0.09507231264347271
0.015872369884846967
0.47860964337423667
0.20972177968819017
0.01592211053970231
0.016657025078460876
0.010322562320882633
0.03528013777259464
0.10324608878563651
0.009949936239811623
0.1258382199363897
0.0015623186989778635
0.14806210732668046
0.022657011982849078
0.10566004732425292
0.025201378104374842
0.9589873647151217
0.23203068019197615
0.1260635196862065
0.01987837646366851
0.027271592464956487
0.05092059947729654
0.06953520987393821
0.041366507891213475
0.02667768237098235
0.004115242344727317
0.03245093229649939
0.035534332974807514
0.04398099281114646
0.9593143119311529
0.04394671185445599
0.07887962999988586
0.965249917648651
0.018050048284383516
0.01977028095104617
0.43544172766662087
0.11151845634424207
0.08243457025246145
0.004591954331139197
0.011002781710716258
0.04599004967249851
0.23515058915546116
0.0015089983258076063
0.006934084942143602
0.9836197666967914
0.08220052966206093
0.02008416192218832
0.020378919274035175
0.013075634066847292
0.0054653111934055525
0.047425997664148525
0.008443229456258586
0.1133682809006244
0.08489293942497116
0.06449179061564916
0.0054361753718766784
0.05040807892344316
0.10890400979234115
0.01684843702121094
0.015966964307653774
0.9673992269629677
0.15269663784696352
0.021875858848962915
0.0038964292894547218
0.025770196488241026
0.06234956384313
0.003756938546840482
0.0033831724077704496
0.0014502406665567067
0.9752739174446083
0.0259849579821676
0.6041301465337661
0.1291032060910189
0.009336737737324314
0.02809573464469641
0.02792602343438172
0.06617218474044285
0.04087476517536576
0.005468010274146839
0.25497771348097337
0.11066115602577561
0.8310919433786671
0.02118100676727221
0.012361086243418421
0.04482679898866119
0.06254887820301869
0.009110273560999934
0.9821152574715132
0.019061314540078922
0.14490012528235946
0.029269297170488935
0.006222294747617157
0.017533833045418667
0.010172178399297642
0.91497028394481
0.02400722800575182
0.0010250155525704443
0.008031114539658797
0.009554102005293576
0.1508539599090142
0.9449256624642219
0.0020789373518110307
0.03390823853365433
0.02578608359499561
0.17077597792184035
0.04110795978254352
0.10646032169911794
0.028638547767736344
0.03263521377682276
0.004663977983023545
0.05604672703083303
0.08965229541915391
0.02129740567460195
0.039195739164768435
0.008323328230007244
0.015319772167125835
0.01603100549483685
0.009448365503845035
0.008511295052722193
0.08266490623146933
0.04032818581476427
0.03215543170361295
0.006646815811664802
0.012923666387139265
0.02872024689339664
0.0634203220459227
0.005302478398601277
0.029812494254266856
0.04197703564836374
0.3192921325617809
0.03456826406670821
0.11271308003122522
0.03338583172988716
0.0018264551835587902
0.03940646852739621
0.008255603058793146
0.02927958055016651
0.12325906611144787
0.02283602342574971
0.010279403432102025
0.012971238244149313
0.9816945535846159
0.012216139235906049
0.011404761158583358
0.9852515091292655
0.008569046400981615
0.05590890224063772
0.5145557216786012
0.01385321046888841
0.02864847361444745
0.020376479506037586
0.936609611815007
0.19015735913218854
0.17774680594833583
0.061427718937412695
0.11024651527606108
0.23951159380511255
0.08372196956296128
0.014433528958222377
0.007708614336574393
0.0157245540698156
0.011724939537988891
0.016834467337578672
0.016780099883017874
0.06219321983294507
0.023470407070585737
0.01401829816769009
0.042201342605109125
0.001963009023280267
0.09897433998985693
0.0036023908166056546
0.034048278717178
0.010604254294153223
0.02945022273757012
0.9759448102254205
0.0463354987673257
0.8918050092092211
0.9847207767442067
0.03206121879774298
0.9409384180085056
0.027133547120543857
0.9521591432665558
0.28369476589365866
0.9739059199601626
0.0040847531218548665
0.06490723070166098
0.9308026590720416
0.00904377625993533
0.17418275283121562
0.013431248368601167
0.05560269755880294
0.018541276497686207
0.05736390813690294
0.019852526772537144
0.05960503529376521
0.0024770158320884302
0.03487158353093182
0.05800864922992168
0.007925573596100445
0.005677275318485948
0.0019062478410884552
0.016100575143347624
0.41183051735685666
0.032114149361215795
0.03710671450435567
0.01110998084206797
0.03147733943393413
0.9811006038049652
0.9095411025976938
0.0028117907723027627
0.00711173840384067
0.05485655608250106
0.01331652632683638
0.11987088480594854
0.1484507730598001
0.05352517662702907
0.022928707962404114
0.01770789167440589
0.3974223956368592
0.01033787186493195
0.02984328352066854
0.10215998441664062
0.002042235596752469
0.9893097823954197
0.9597714497832408
0.045576630505568524
0.018893337205754635
0.010245160775311454
0.09595096311550776
0.08835513146994667
0.09418364335072668
0.07248171572094417
0.2740271708823614
0.001952100054553128
0.058801099573971366
0.030530308173579535
0.0010610209320849778
0.009832061671340828
0.006297646079269022
0.017420528166420497
0.04460837876199039
0.009154137091342107
0.9578179057753758
0.0095590492046099
0.14969668391659993
0.9826079569564335
0.020093219566605994
0.2537749230906128
0.09533575057049573
0.0017958860581142194
0.940861902296682
0.922862608219772
0.0293243828869353
0.018281154641778326
0.023699962615676477
0.02510988115910297
0.004327171668941523
0.03510503152533368
0.009119128134868782
0.030837799163841842
0.017316505514364013
0.0010687527576276668
0.9732390905362166
0.017893299050689218
0.007074348406934721
0.09812227215757321
0.02386350367827533
0.042920087942901114
0.022621680139579294
0.9832191638472002
0.012191882614409266
0.01462551624199378
0.013416700078466024
0.051021845303552645
0.9439050996275595
0.2368149220132372
0.010750605271400307
0.11733512149121664
0.08746814311330746
0.024764489879116718
0.024672668887249137
0.07213710235984055
0.20891969366252583
0.04614315345972204
0.020790031499716335
0.08112257890251191
0.9851760454429792
0.019592324669721627
0.035871986711382704
0.024074302029759055
0.03285739152527239
0.014941591754363062
0.014392221786608398
0.01960102415255925
0.2235626482518264
0.021734825323933088
0.9764231133290991
0.10304120581099004
0.006671621452980581
0.25275161206767516
0.005738248965199159
0.06931643600906812
0.023504381334412832
0.13551705480036233
0.029502166890322205
0.01292077696919725
0.019006860106285797
0.11667320573033643
0.06490883374461306
0.0019471015281993453
0.02944870874780916
0.02833010991043765
0.052918117938062094
0.06932420479384876
0.06506332530914125
0.05380487211362818
0.04579029202362397
0.03312361405973741
0.0955773725367736
0.012825623718958762
0.38435226632051955
0.03910086955976532
0.06667858330101811
0.057410761625268016
0.04090661534683014
0.006541789895329026
0.8286910239761208
0.033956513704118084
0.6789953948557239
0.9610372117053795
0.967519991605516
0.060040337470964183
0.013333407675991013
0.005674182112626187
0.0015653174313862651
0.9255394735387276
0.9877128927158092
0.01271099055368522
0.11295874171693482
0.0014254819564162053
0.045937351940165176
0.06817785681691992
0.06050453633021228
0.11022721877305519
0.9627206537275887
0.0037442835849316406
0.05050251844220237
0.9689393827064874
0.030868739093771594
0.017252645205647413
0.4194888276323332
0.8335842323016611
0.3247138158645088
0.014186074899723422
0.13867636327435226
0.005882073666483705
0.9188600912531213
0.35269097141155165
0.13871338924824322
0.020341218849329087
0.10194200958836624
0.9804853991310851
0.005671878295252794
0.003016566464238388
0.8300332906230486
0.03885212646085027
0.011243580855882358
0.03232015706222961
0.09858107900823844
0.25506884558425247
0.12028366136018998
0.9753535069658225
0.2264193380921619
0.08577872700435557
0.06709886668048905
0.9599388976005733
0.16276974131644562
0.05471644668438955
0.023051736286929584
0.03904351787087574
0.04150429485926412
0.053242936331344144
0.04585484348322527
0.930702335223407
0.06506412214812383
0.0022450715518162402
0.01218347120892395
0.014805094932228601
0.0064837670394260844
0.11445523303372027
0.026409421773190073
0.013575099326107806
0.03325927122681977
0.0020550780963270684
0.02877195406552656
0.04284963569396005
0.11558615184255651
0.09723309577230345
0.15322406140720227
0.053541483723978454
0.27625976418797193
0.024994614693600807
0.010957384766448575
0.024187029363291826
0.02721471419126053
0.04575425900095804
0.0017470309678384826
0.9253245640720735
0.012762223249234404
0.004108090363920899
0.9568704350089355
0.029639932633918762
0.1340288343127935
0.42694716741740224
0.7600055413074324
0.03938018834098748
0.03490966890911265
0.11477853488429061
0.002735329952742135
0.023280215816121066
0.03530852752303485
0.008628773145648562
0.0024829994792497532
0.017743731858675622
0.02190032502956312
0.00312665146924582
0.01803409602717912
0.08518527210804358
0.04737032509699497
0.03300202216330115
0.9700928934832956
0.0036761590612454597
0.028918711123237024
0.05094211838139263
0.023165216351619302
0.09182718215671903
0.0942997100222474
0.32406650100684165
0.019257597595620797
0.00827866559862496
0.14285513915800307
0.004315485502215535
0.048440313159706164
0.012157785809022869
0.3775570698542867
0.09469122292439401
0.06525782734276651
0.022123331859680125
0.027196661354411088
0.9933703617907412
0.04965230896786301
0.009317784172998611
0.007172593037270412
0.019258161402442357
0.005627019474383077
0.005037473516760374
0.0071042303826599025
0.9424572602250285
0.06401528884471426
0.09194738340798703
0.9392168366755125
0.014553378641582074
0.9813896648807892
0.01674682231119942
0.046764962066809426
0.01083332974479504
0.04059094018669477
0.3265219176140858
0.03673144974427846
0.021049148437860803
0.005948710359054077
0.009107256444222861
0.026113520731711987
0.0446831857875634
0.02284289449269759
0.00893164832089333
0.0019040212535481615
0.04714198670209199
0.979912181244591
0.10525444630791889
0.1165726444214527
0.06722305665000153
0.03268278513210636
0.9694141977610047
0.02854501027793191
0.034959680406849845
0.0033587784150960953
0.35172667902571325
0.017171414930277556
0.045193273637254644
0.010775588827071636
0.02702084033575358
0.1648313406706289
0.0973937409578533
0.9152610360738529
0.9802196009049856
0.1594195924113642
0.021679470815754786
0.04102462637493563
0.009247044973266587
0.06290106745773553
0.012844671187881384
0.9616553749922917
0.0008695979395024838
0.3893277905046145
0.9207195958551658
0.04039431633670021
0.02172191433524308
0.009773437406470676
0.025987124815628943
0.02034122982526319
0.04876003070918794
0.015591122942203465
0.025162366128991302
0.06618739219561812
0.1381271596432956
0.06403264821944271
0.07562349163903676
0.2712354193275952
0.018086947629788054
0.05047803012089572
0.043673669695583436
0.0686361073352531
0.015188986869941724
0.09787202007291952
0.006032686993541043
0.010151824614620105
0.011253034011562314
0.04538179784683185
0.02629365513436669
0.01695940707161633
0.34804354475216537
0.13633015444499527
0.034974797451287044
0.009224280562503935
0.07677543256540716
0.0513696894195102
0.06050016347580886
0.012009980465844772
0.023227324715295494
0.045943324603303706
0.015404317873713096
0.08693549964078245
0.0616826964551501
0.9850177689585686
0.06976485566810157
0.025808454335543473
0.008964190507725353
0.008473042263291472
0.06043619330820144
0.09489945786711822
0.016856439793343454
0.04869066582091235
0.011691184113399708
0.022211473203355377
0.042400831668754836
0.01066064493961797
0.30273763265630427
0.008237352326479295
0.020848038045213364
0.755389677061595
0.027344067659992647
0.06333170419878285
0.0022039052206393045
0.07219000678654997
0.0008901433423574153
0.951320359137509
0.9434851631545907
0.009688315922018754
0.04357671842574107
0.0032174013934769563
0.950733753091307
0.02282740715913345
0.062145977398575844
0.0756121163160485
0.02598624314821503
0.007145970011223049
0.01187881678043654
0.019915596521058582
0.9882230399664398
0.005592377614134113
0.013031434431691255
0.023509444954318177
0.14889688221463382
0.01202974936206653
0.9810843933787831
0.016975091807403253
0.0018600197980902166
0.28184227800515554
0.09814939163412802
0.011015486792555883
0.04436404171324988
0.015796329095937967
0.04845316991597661
0.002180007420301712
0.020803327961324485
0.974438840784016
0.005179138787393351
0.0445786355160845
0.009083863679757746
0.15460771020506883
0.0984020556924041
0.03287325198851153
0.020357798037303223
0.9560355415142021
0.025744791678188068
0.9840532725583833
0.0673371863016817
0.045958152203610464
0.037574886177734815
0.015404596298976718
0.08892428082671916
0.07035812047228021
0.20774409562967083
0.02417964905003211
0.044403720548344676
0.006191622444418624
0.05632370838874733
0.01233554499977828
0.009388467621322836
0.0402581440590034
0.016671867468946205
0.07369515498793833
0.049283999281991266
0.01223900397105889
0.0207896464374352
0.06154668602008803
0.004331147259846925
0.052105140192290976
0.0317002783676241
0.041380666849180764
0.020214485465563224
0.002396365432706805
0.028482158951162486
0.941877079800383
0.03476628584330717
0.05817718962647153
0.034783642238998796
0.06577854457896097
0.04779072555411897
0.046210085434953044
0.04119264275453474
0.006289597000427288
0.9100891401136473
0.0177765162284536
0.10341831006330582
0.25287015615918246
0.04741257824652859
0.0028476436583237644
0.018005944295090188
0.00764825789668926
0.044944348861703204
0.0177869902055093
0.06898222832605552
0.10584847133518234
0.07561568996826518
0.003475981205921499
0.19839602799591613
0.028075566914675953
0.022340242328740732
0.028645269748229136
0.24078932756525392
0.02185127632597505
0.8917775525917222
0.012099980206089217
0.024817048045216193
0.0109271396250065
0.3498135982334755
0.3752116280846182
0.04876571589177824
0.03793602336034223
0.002917867111624981
0.10185229633289145
0.05741321363517347
0.009066265979643499
0.9257017631759457
0.007390292987931491
0.04738866392716911
0.9913022122026436
0.010350079923427983
0.05094428577494621
0.12858912238978012
0.10536548736915538
0.022218342229766763
0.013533681821740935
0.011642551054601684
0.1118448131547602
0.0030527712999583543
0.024664597661430785
0.05113790164601785
0.026322225319164748
0.07783660080148645
0.048774535393957236
0.951605687296016
0.030826715366358063
0.02803458240006311
0.059640444802741506
0.13198784950196127
0.02646259317092424
0.01832374188255988
0.004788959322370894
0.013822024322462179
0.0022284062238071565
0.18349834299938966
0.03970934433090469
0.008330547493646137
0.016905096253415065
0.8969586201532016
0.007392390884882694
0.09695294906434425
0.018267069651073466
0.00370185816623581
0.06380969856347593
0.10664970335455908
0.05796115902871701
0.02655996027466266
0.0018934640435230403
0.01440064039303165
0.018621423895319084
0.02395398745955452
0.10229464661868219
0.017269729899133245
0.017663708857885818
0.015545406379293499
0.19863950955704665
0.08107211447805175
0.06771526801527371
0.06141538292102627
0.006851429515422262
0.40935079993187096
0.05105142830826854
0.015244440931139516
0.03349732424023611
0.03568214466861969
0.023406702204085923
0.9843363208207182
0.0035972157103132756
0.030564381590476558
0.017746743942736506
0.8679327954368959
0.9643433959655653
0.012349812260439913
0.03112088455013317
0.024371053374445138
0.005649546582641016
0.11514620446964408
0.01846084151977838
0.0014131354220095385
0.12840189005428765
0.08889737287388524
0.009851880876554614
0.030899456170790335
0.005646635325659571
0.013131679777049978
0.12509012831156816
0.029370492481695206
0.9876632163320328
0.02349950064798274
0.011650238193290056
0.020855403632886255
0.01664501965088934
0.10386218867183945
0.02687503725338859
0.028685431888251567
0.3595397202735297
0.37679696666786844
0.028378296991443817
0.08194027792755658
0.055553986358360806
0.5485949016082026
0.14028673227474275
0.021415897638723983
0.11199553852641989
0.06928848210774564
0.012525086479639382
0.059256681017965156
0.035543305698737586
0.015392469467825715
0.0251476899334291
0.007720564357749451
0.006763735329304492
0.04410992039643852
0.0010551796253144307
0.0017008637050812865
0.9609889262190906
0.0038044418175084372
0.9914422021578414
0.0032124188655368122
0.07348734255016964
0.8425752564166524
0.07325515389279665
0.0484508389094416
0.020078353777648415
0.052602330624597994
0.28076417494292344
0.029240930722008552
0.015954964798043685
0.06011841270985242
0.03569131138441449
0.965911477792938
0.03813714344230463
0.018541282338276493
0.9429505400483961
0.004003900374357754
0.013842510358997093
0.0047809644825419235
0.030035742144467196
0.007808031518810063
0.08117405859313194
0.008381269621943771
0.003823004917049027
0.07973751882826545
0.0836411032119511
0.9676071197106884
0.04575930131699856
0.9812066554321704
0.002016941301615667
0.05522558095733489
0.04149979763595051
0.9667177221874599
0.005033936770877253
0.11086879125347157
0.02858894067115302
0.1527115440741577
0.030347330289035204
0.05977794863968659
0.02489665861561842
0.17172303033017702
0.04195958442525595
0.02626596937358914
0.9718279836966295
0.02797874460454301
0.0060051386901863475
0.00889324026822463
0.027172883810384605
0.01907562467020472
0.09861787085232185
0.06443443564249254
0.01568433176217085
0.9799586184743301
0.019573331776795242
0.03366230986704452
0.07799409467078236
0.09066668016401577
0.05458886550465386
0.017637422719034908
0.08096409810349016
0.01016805125634526
0.0525185824282025
0.08518240973151227
0.021966601932454775
0.02002874128678606
0.004093657197442673
0.008170690686674746
0.029065564948643274
0.04032227849422535
0.014690268695752644
0.07121240694993448
0.016354907573735412
0.11477669219433764
0.015239732207194512
0.0043560432027382615
0.018295607068677885
0.021190252950367975
0.012995772195771922
0.023683589508877126
0.05304344296685535
0.36003967300532436
0.09932630517901145
0.22490613184679614
0.005628942019580758
0.03259175121519582
0.01761209549152923
0.10654826246748021
0.012967973201577061
0.010623105569614273
0.013911994964049648
0.9590588668732843
0.015445101093574068
0.011162014797377908
0.009457151877787074
0.00751251531714455
0.0307929168417675
0.20133784264485594
0.1798298687185523
0.007165747110521763
0.040172242350354555
0.9830739703883978
0.15353304103478493
0.04066467319482095
0.044053200442366734
0.025721650897762863
0.015644645077880433
0.9705217084010821
0.07001175063493256
0.018855076274778945
0.016268974848516617
0.005729553420717109
0.9824659396781701
0.9741110870598009
0.0198588661690243
0.1905228196942214
0.2610126014691791
0.012410546647763546
0.012164536349709744
0.10126408225109024
0.044805637676697804
0.021905776084162238
0.04325772151500896
0.003617800716163029
0.9828480536778974
0.08896168556348383
0.03727503492748361
0.9716908136134745
0.031037802396027568
0.015493109633421018
0.34066905094650296
0.04933699286834068
0.9886916980108449
0.018031446769430973
0.14501621901802658
0.0292462266287012
0.036943943014556085
0.15685347806926836
0.007388390539605277
0.8099508879722865
0.08397465138246017
0.001959717872564407
0.04051045634863213
0.01791985115177131
0.010811622569237164
0.015059708144188116
0.004254949242075954
0.014067621428802288
0.01181449534951129
0.0466674596307937
0.22563176819729724
0.07412229791397806
0.16288466071340546
0.029726106192186737
0.02300886189352656
0.9901900920269212
0.10914106316171598
0.02893753054726576
0.03778072271003588
0.9597194773194809
0.0020070389294264118
0.0015991822516492281
0.1824153926075328
0.017659826511420573
0.22850610645780225
0.012171889198488816
0.04376799742743342
0.011822067620963559
0.043095143736708544
0.0022193060359735938
0.12374424537406536
0.04194797226693783
0.0024741378942483272
0.009098857882323041
0.04221906543895911
0.7104821092621294
0.021398199270873865
0.06976953794157037
0.10950506481167151
0.14684672527516882
0.05336901922751151
0.006313318337965018
0.011838083653811686
0.019010717355887295
0.03385385347172407
0.9428672562104252
0.033285611179417016
0.9597722396026994
0.07390345429284804
0.032015312705065954
0.0057288348760591926
0.002246502678871786
0.1265509541358673
0.011358279875455232
0.012013966729578919
0.993321008050891
0.1448163483874093
0.002404868627956342
0.006468668119655309
0.9695302313551879
0.010814852445261655
0.025733193522040267
0.024766389490613397
0.944511379403342
0.06301753010169353
0.015493666154048407
0.0023140096203392887
0.009743007856979687
0.02983886807738371
0.040412877195495064
0.03787356730982001
0.04679579348579549
0.010106048653074337
0.03378408442393266
0.02087686708588319
0.035289736426580266
0.015516102064648974
0.9347773126766599
0.9418971610428636
0.022830437679929608
0.04952086184692516
0.07272705925257218
0.005425664794250608
0.01899060273383335
0.45647144549713214
0.025162305274918365
0.04664192606641674
0.09143979294594412
0.0376062440814488
0.0840980894087912
0.010148861192746368
0.9225891274507925
0.1924301232646508
0.012970201199185962
0.007883614024039667
0.03795247571260953
0.017671095068685982
0.2774609233246955
0.01862413112689584
0.03802225310264338
0.019573942868537725
0.015265886630046192
0.04018790065894327
0.526516501394021
0.014571839887457647
0.9785193628740018
0.009963730808408556
0.05420966824430222
0.00871612437131048
0.11071264954931671
0.017888494854062006
0.015274556537332921
0.13520113130471526
0.2113403265480785
0.009108125096536671
0.02036437027639624
0.023346134522347548
0.038513307821618395
0.017229132085352334
0.026848360440120428
0.03222042520092099
0.03445280057640913
0.0062486520198564745
0.022851107170008926
0.010397008498215477
0.0740596988521226
0.022558851579475504
0.008933007352386632
0.004370640354031799
0.7662937543496482
0.9302887185170678
0.016427363674574674
0.011591467035564032
0.28924192705706697
0.020224457688081864
0.041496550635225456
0.049398241299319266
0.006450248090809169
0.009946238498985974
0.0326659188787097
0.003105504571234558
0.03187121050421828
0.21922245192564516
0.02225591118724812
0.05503381100448299
0.11262868951828309
0.22664185032853684
0.0554840555372597
0.023362401233587005
0.01585614652250988
0.9886820541443492
0.008219591212201205
0.027513504027884474
0.4479819788397881
0.4835290792245795
0.008943100047630615
0.30958584432144926
0.0034835446003031734
0.13927520451797593
0.01642338299843932
0.04668655082410816
0.20577908268672626
0.03641313551286663
0.018292452064661586
0.002096967371474892
0.06594363488784798
0.012721937039465772
0.9469372699085651
0.021548273156843212
0.0030859752523800786
0.20386709548142906
0.11002337826682793
0.04802090529580001
0.034644770096600705
0.028819446055176817
0.008506025942384036
0.04672234327492091
0.032255851969074496
0.0021658229066486255
0.09001738018702528
0.0017785827858484082
0.06646985509156339
0.04729470523994588
0.07287475801585484
0.9068197002264491
0.0022201502205355015
0.018511469465857765
0.0033794725073273035
0.02815937641144354
0.04057511448014795
0.04074005531686156
0.10228112319818894
0.9840145767812165
0.015501107832968809
0.008424906726265436
0.9254859409507927
0.13404252588302426
0.048129321947572745
0.053556070842300976
0.04517938086426588
0.0061370169812893244
0.0393791215732063
0.11485413355065686
0.01705526992821328
0.07966186037966254
0.009712413602642566
0.00949359273556339
0.02106539196068012
0.02769538367909139
0.019638953798480893
0.07383100716070365
0.9904281108241212
0.021658931659365763
0.02268744869428171
0.02165779481061795
0.02614300609789485
0.08340704490855934
0.990807087657864
0.018012308491021343
0.14482794878335564
0.012728735374925039
0.22143545969917694
0.022274313860426952
0.9880425549110519
0.008508597625216106
0.09501084278540356
0.0015882615351348849
0.0036117401883760105
0.043050166776517844
0.12213979989495075
0.023944991736709543
0.016196981584320196
0.964650427288481
0.04283087665599536
0.9277024626245995
0.9321114920779104
0.217704566883393
0.9347000814040629
0.020899094358559512
0.02845566265948957
0.03838182255879749
0.029492001574025758
0.03087326855490906
0.031082352570179043
0.6255350975130323
0.08194829481170587
0.007710140824317895
0.014816118103456689
0.06430256576925603
0.10311083521896416
0.005602686138546116
0.9140166940893566
0.05160235562087761
0.06310546657220917
0.9820229363422304
0.2894511161027391
0.07708890639535367
0.05380670127061969
0.010213224812539048
0.0023732683799650976
0.009839398043076564
0.02026994228150448
0.003144991583226385
0.9289714182702773
0.030873140606332075
0.004011174253358782
0.005953489796185297
0.0336097239926852
0.23766354808082243
0.013182773442014383
0.8029107544850433
0.9645509898122717
0.08311960650319011
0.9491289958133381
0.05421459805794162
0.19760552801265494
0.007135892793277277
0.03717821726660509
0.005340698448349906
0.09441793932026903
0.008669913141095725
0.9642591981317207
0.02888688989637969
0.007758571207466043
0.03989741617396417
0.016204578288499073
0.0015804785797235584
0.058855972842192024
0.9530908089562751
0.024730256903720944
0.04384766298862663
0.033038541039234974
0.9730651331913821
0.04936189085201124
0.0063706675112429525
0.932637826942998
0.05270553307145332
0.0097513159998744
0.015850425404614305
0.2945631504660352
0.3103424962569422
0.004669929715091165
0.039444925789113364
0.08871181343202973
0.609118571410451
0.011738382483295928
0.9710456559102262
0.994667567563176
0.021491385344763005
0.018138954584598226
0.003625433198799471
0.009382896027907192
0.06401443625427188
0.017962024472658294
0.9514649669008934
0.004502746060261165
0.12083353318619962
0.022753023436728168
0.023293505966176253
0.050709136789701695
0.01662803830036716
0.0019393227507579376
0.10368935062556207
0.009237953230738581
0.007255826426071313
0.029707336751150348
0.0228903122177333
0.07104518384818911
0.01564714822668278
0.021743158665808688
0.01575088509914405
0.00683699244199431
0.022073263446510005
0.052720140220320344
0.019178123309710353
0.09980300139476829
0.41937202493592013
0.0604529399635735
0.048082980302804376
0.14899114290630544
0.09250811749471646
0.011299506743553952
0.020509729874731524
0.10264123143366491
0.9768168128188314
0.44098624285168236
0.04321219272441649
0.05473014781541315
0.006690825700758125
0.0017939804562969654
0.045089300115483774
0.041824679936180144
0.02672172813833185
0.01918200450115899
0.27035016761991604
0.0033686451924163905
0.05378193790146093
0.010780421150522057
0.09051050286994196
0.023438870263339687
0.19747748119207048
0.013659890017336213
0.08698263904075026
0.08239820182639211
0.021010798833728552
0.21807078890457637
0.9549611840768804
0.054084319225415504
0.014807665072298954
0.02239950228606488
0.04108059729549445
0.025292315393777614
0.0386097922552661
0.02711480702159846
0.002155285190675146
0.015468589813849354
0.02068351884704582
0.010802943666607796
0.0027130146626382985
0.008752305883310116
0.9708549272048322
0.021956462978298966
0.014369078808816165
0.8730529910249097
0.9628116368435108
0.009684738244939567
0.02253563746752184
0.05046641361057074
0.004587089241437485
0.1751296400445864
0.042229858951842884
0.0597972289500009
0.1098789203618181
0.004743184352172478
0.9732744684212462
0.04659923673849474
0.006856804880390816
0.005660518422455704
0.06787238371640743
0.03634336839761489
0.009448535698752045
0.025347384245009562
0.020383286879791813
0.013269433547704068
0.010781818402572729
0.024794728140675664
0.02116347446033165
0.02504327371610237
0.04543704113460083
0.09850258870951899
0.033739280382095914
0.030343639649408467
0.015905708932451468
0.008783722669141637
0.01949856633498558
0.019560659788435113
0.009040633685903092
0.0015376107121538214
0.030677224062760265
0.035194073517931926
0.003235333619986834
0.019881545691038678
0.03357221491562721
0.0282945611866244
0.0015838475286169104
0.03431242947279023
0.04404814056386134
0.022590061515921526
0.024985829528171737
0.021693119458859437
0.0016607867241181194
0.008294611079215246
0.03873668365673658
0.03506499783612787
0.0329988837890516
0.02133084999796592
0.012984090112066197
0.007002139730732623
0.007093518559096661
0.003958426207038612
0.019680196463905147
0.3293246611575992
0.006280581691839322
0.02271210770558856
0.00920456710093903
0.02357427028838934
0.1799186012526081
0.11754503772016493
0.04483190426318457
0.018618395678062276
0.9611242780461838
0.010648941015926557
0.14897011190163179
0.9805207004611216
0.010133370321394594
0.03028904746515702
0.01797363924154162
0.08596846905046716
0.027314600501851256
0.9726242775536749
0.9742591461617178
0.12528365146935508
0.003283119262630181
0.01626215160758608
0.008495196917691655
0.0973572110281863
0.29290957619162283
0.013519625237603203
0.2233403580370637
0.001451996419282803
0.010374883516986613
0.00721231797218916
0.17436358768211563
0.1309403547150897
0.06224465594592878
0.08875651552956633
0.9597825240608217
0.004424171051726266
0.07977789529640986
0.9653699947429667
0.012764316930664484
0.04702296067864394
0.012735221358893059
0.012899609487893952
0.05607188059722174
0.012039197151358918
0.013095129134353622
0.03890057636905693
0.010910794835172549
0.021661095754622897
0.032830082201462565
0.019536269175975524
0.2527700264657186
0.04492320951031363
0.10209363713727448
0.03956837613757579
0.011203022340991933
0.1320223030932434
0.010655174318767127
0.0040380929811243286
0.0027192984680458263
0.04858090074987079
0.0061770212646522415
0.007660674807452055
0.9674016727569653
0.9583299777636134
0.9685949866049948
0.06804655704175396
0.0026215739060892473
0.008852537787884572
0.0985861961463227
0.027361387023568634
0.01141443331754886
0.022660132843529718
0.029879736131832646
0.034786627367864725
0.024180903112294313
0.02716710932431486
0.031551047377940886
0.02254268024841265
0.11471037675789143
0.12123528215204568
0.0019392773269786797
0.838888988927892
0.2878046340938137
0.027678103734272024
0.0015598582880164574
0.008727898347293202
0.16643456829596165
0.02072580929849152
0.2948305623152303
0.09812673182594077
0.3636813654469307
0.011321470536901183
0.1526785535043611
0.9818820168316998
0.14998792777651093
0.05677259106153141
0.00937866295470534
0.015181484625862825
0.2344365222174527
0.9851462344752464
0.038632328275162796
0.033452955406226524
0.03340388580211446
0.02866513105570692
0.017046596707121293
0.04300062829830662
0.003237899156672596
0.0037808342391829662
0.07384279138608295
0.002425940582240292
0.9696675959209059
0.7742598643383748
0.0018264255115679699
0.018159711913148226
0.03303851162833537
0.9720958584391384
0.036062907952816595
0.03235190717612245
0.015334434963873619
0.08913811952336426
0.007162228880009358
0.9715016617540283
0.020158328146922692
0.05054702150661398
0.022861049038540863
0.02709016393451511
0.011571459245694346
0.010924302686536234
0.9872410559120115
0.011551171194467377
0.03854437224018523
0.001760702751664456
0.01721946215953408
0.02739899970383134
0.36474336654997835
0.010168089864361412
0.1512229496872809
0.06370802679424956
0.9808642392699799
0.04490466088196046
0.14784996927311433
0.10807884160070294
0.02281386496496938
0.003484088035140236
0.7797329364540048
0.03354002122415892
0.0034339181682204495
0.001408404264293732
0.991609239157215
0.03467930518679728
0.09011770161593323
0.0034665372280948165
0.2025414526105993
0.012948265476280021
0.01475287479033745
0.003829600710539961
0.012055925296859707
0.07293062653747584
0.10746276260592807
0.0789054786328534
0.022713503989402493
0.01649778467452376
0.041136320114470666
0.3370535767307425
0.052185287286025867
0.03683772921151569
0.01879250991825638
0.010595085381759448
0.021868484918670203
0.0833298839865556
0.016716584528116304
0.011965649211916334
0.04439208121771911
0.35292084615790925
0.0477322488126857
0.9120453083286951
0.011737446622900544
0.10189876716614851
0.9726088894912976
0.054429260175958484
0.23186445674812733
0.09472710852623971
0.04166895463340155
0.02542752371975549
0.0305761287288825
0.03516013555480401
0.2602244220999542
0.06398596468132153
0.08024942115899848
0.13105008724414755
0.010594458285115887
0.032278985506208537
0.026893309058572304
0.9837281272920786
0.029494913523949156
0.38139672393262164
0.09866759001819422
0.18436343698218316
0.09811565806477181
0.020735629737926923
0.013937078929906782
0.6303323773152568
0.008865789117754156
0.9154126166795196
0.0053389658701048885
0.00948104332870102
0.08674545387252995
0.4148533773497234
0.2045390586836125
0.02543708254960797
0.0043457244627348995
0.006488262554052489
0.020563557816355337
0.02886075892001692
0.053687128482011376
0.982442335192171
0.004830783604420222
0.8437744434317328
0.07969233772166245
0.028457401611418933
0.04449203738304053
0.009630403471272076
0.003283893718870737
0.18973735025600935
0.010054221009741087
0.017484697888769617
0.014845156471959367
0.06409624892363217
0.027868644465040362
0.16472283296894397
0.05705957036792959
0.013320206753132327
0.012597555037944594
0.9571501331901905
0.009631631372143212
0.993076873342378
0.004663908848938043
0.001053415043205114
0.010835845923303247
0.007567542311025154
0.02081018980456207
0.12152156080122947
0.02886763610413129
0.0490251776567745
0.0012319703202705423
0.00820158887484326
0.008156171039323794
0.04497895446528641
0.04111931612457149
0.02581147585049952
0.0042062613337773965
0.10094198223897775
0.004620474511529505
0.027538461090600545
0.0946484429984477
0.03807109817182915
0.0033981058468732237
0.010113538368860185
0.0012188956570210446
0.013255986178088475
0.05713347989315913
0.9151805287010446
0.008945788936485967
0.06331375711115496
0.02200741025717378
0.011671207594358043
0.26533341458634374
0.0948808296399982
0.005663827866959348
0.019881546355429863
0.03726601330669538
0.8356011184787435
0.08098321984968267
0.09193292810414305
0.9893384870847445
0.1507838829170647
0.03563563529460628
0.01699652093917513
0.0028958738467273855
0.025121956100659787
0.019778433280013535
0.017127452547120565
0.9804432019460874
0.08066409309095235
0.009692036981043487
0.01631073518195618
0.02002150476986727
0.9407096030522354
0.027948631301081144
0.31398322700250214
0.005240201530623763
0.02318280416042676
0.13359241451161566
0.0027343230092474946
0.076388601170831
0.02113382447370051
0.057333875404941295
0.02572645960200949
0.08330648335580326
0.9812809187434155
0.05459457464269231
0.12736760111606704
0.004564079418362795
0.008051022348577769
0.015963555149277775
0.9676931754071505
0.02550086274307474
0.012027311197459003
0.9773128912688126
0.9281212134975461
0.011292658855191949
0.9930606425710619
0.020672518860233562
0.025740381537941046
0.011388348549416373
0.0018764704994460534
0.3157680082278928
0.03842835343760399
0.13966288388505446
0.0073559276314664555
0.05417671698100649
0.9407629170857997
0.0898007016048335
0.002566240064409524
0.11560913326260228
0.07220536078378843
0.10138638694769468
0.0056206327807367265
0.0358103483864067
0.02738425504211537
0.008689543144978893
0.9947923654499075
0.00398589543363169
0.014200939133992457
0.08964273722327447
0.005348947161755485
0.04958408816061387
0.05659453803810397
0.08314385807984112
0.030461888859412742
0.005168249378962605
0.011929874217175626
0.04330399966611731
0.2786838010204853
0.020848135981277237
0.018406034933479348
0.0036327771953614083
0.01282548667258977
0.04817152063211558
0.9372997375901022
0.00835641117405897
0.06992853321577804
0.023678981633287282
0.004197457085302957
0.9558951436897641
0.1231036894107498
0.038570229996089
0.19083271225170448
0.007470992238970203
0.1314534409325543
0.0034153493700570872
0.006264924761723899
0.06321998093404013
0.012207464062276898
0.021430311941416202
0.043398874622815255
0.02691762699388924
0.982071139012496
0.013393577586633803
0.004512296851741947
0.022937442477675013
0.03979449044156354
0.022418660119241342
0.017161304991436137
0.015680706661944068
0.018237864982767648
0.01365261398014866
0.18691161547261304
0.08486037641441577
0.9915899553485669
0.07376860353564785
0.2299692877802923
0.04661896560296058
0.016414816099168027
0.006104015761647684
0.021563591027888955
0.03473735203554799
0.008851277033703527
0.04914472494737147
0.03380050921817772
0.1923421813699643
0.007697287963807636
0.03437348228102342
0.8289082360435478
0.12138636903405944
0.02762022443093005
0.008100537132136135
0.007433775849696875
0.017419019696839816
0.0029022025055419954
0.02241569251079633
0.0462211050681643
0.2786495656465961
0.06780091650433365
0.06370941290465998
0.9789645119094202
0.001376805692690777
0.01391663364107141
0.002085945919498055
0.018352736507724485
0.028637333057320802
0.016486452728127935
0.9121767722204899
0.026235044021532074
0.012263228527415553
0.013582376800440275
0.12884932264276625
0.0008496851262944025
0.9172867892056463
0.022506964501919052
0.057037488042356733
0.0023840534893908904
0.002945291334139441
0.22406162313362166
0.014632233673710688
0.021394138975998154
0.9905288385066975
0.07387163799023869
0.9615410430641699
0.008441354558665463
0.0716026489400669
0.013096365683998605
0.2290700994162201
0.023088864240262984
0.164676044551907
0.08074571532317573
0.029108755762538272
0.08785561261908278
0.19332048583150163
0.03660322377776061
0.9505129588955867
0.9797600536189509
0.0814985550008108
0.007044638156713087
0.005847139976239488
0.043717905861417355
0.028604955805011305
0.01780276534205943
0.025213455924347854
0.016206661095780783
0.9743635346505691
0.008607335926222037
0.008501605157681547
0.025270053855316457
0.09339028059165402
0.10799414885740273
0.09381691579600304
0.4434125544091719
0.005007648822150763
0.004732301651955717
0.03154685163709277
0.01393270043039524
0.02207822213716227
0.0014732870577595571
0.027783042669640455
0.021695928207828494
0.027244017573558058
0.41513926459514144
0.02372414924562892
0.019044549445527862
0.016153331385412643
0.0251959432115242
0.021446647321054883
0.023710677889962558
0.062386479566133336
0.027776443074857344
0.03783942679613934
0.08266879970547886
0.018479763027656967
0.9732622920874371
0.220567642013826
0.9261657186463274
0.04732581949827431
0.022660919615913627
0.2838280304309906
0.9800071956970572
0.016199870697893335
0.04928278116454657
0.167426341008116
0.009338228961988092
0.027396384852962922
0.028345918944741533
0.9117945045274207
0.0019188145014187176
0.10542932572733789
0.0022414483680980907
0.018752958195304512
0.021259128472735103
0.023182573723379035
0.0022637323520507385
0.15540271330876354
0.03026464342158183
0.004986553071774526
0.0013897770943238068
0.1501450591055688
0.4263873344665321
0.08191949309806579
0.03063633089725581
0.07923596517922833
0.14956078389810534
0.009547904645454115
0.9393196151689237
0.11528807864689042
0.03741305917799916
0.03749597516501862
0.9877898041244856
0.019062576062482822
0.0027536864615715184
0.2450949065958573
0.029451279654934943
0.040845353001760815
0.020268310433258815
0.049869901586557665
0.24214501440171368
0.05113633372199724
0.051856900436809766
0.06086692936046804
0.004391602541452589
0.9853926713058712
0.33705526545629594
0.028500145082293576
0.1096056032073365
0.022475018140641713
0.06022173340667867
0.016908614142913916
0.0176760337363565
0.011969235116375465
0.010795031961566625
0.03667286115287488
0.03655879672437598
0.18594618493066029
0.20893803935414507
0.013586931865325814
0.02361714745943387
0.020483418736935453
0.09665099289385529
0.9829294566355979
0.008163199289535787
0.07155516546460523
0.026975080597962935
0.033180796739874625
0.011682419496377404
0.11061579167178277
0.022891151572765354
0.020467103276834098
0.9856090024760186
0.004326868958609997
0.046593438961835335
0.01541676496605025
0.008674089935567819
0.7106084303116608
0.0023120677880903847
0.008216893447132226
0.010544033658650406
0.011979529108051572
0.033002916795671744
0.03913899896338495
0.026809340253193027
0.02278360322639245
0.03820186547444829
0.36208601600746315
0.022378972801553064
0.010213303654093434
0.06562922907738258
0.01871575354230321
0.007074796655283365
0.08766900287256402
0.01918049256911306
0.21320897544761114
0.2386677346612434
0.9846635629595234
0.050366063192983646
0.045348561922806445
0.015701513973916205
0.16700774640876875
0.0034828632596634723
0.05240061630792358
0.010317329677828628
0.14695696925887344
0.004388587543312913
0.027302793269663676
0.05991294792438354
0.009092328949324623
0.9760235742696997
0.3144550062460438
0.002484605128471609
0.026856439835745115
0.16498828200433074
0.06076766701268554
0.0018067814230732894
0.03222695196879787
0.025884429839579323
0.11469972134685864
0.00385118927577006
0.029253337845490498
0.786389388595506
0.0011870558310612875
0.9828819429890325
0.006974661413379848
0.013486808026174541
0.10483591615622091
0.021745432226340827
0.015145459993245639
0.019484076347136857
0.05361875047400806
0.0028742374127816712
0.02737799173460104
0.22465864547147718
0.013348863043930195
0.016358240424643948
0.004640228037290049
0.0022661722819812755
0.03592619191619014
0.012628075710846723
0.04371523645846474
0.03748052293108978
0.024934264277318176
0.01637973285868813
0.009740784882102014
0.020868575636667597
0.012933113055622468
0.05198187906505383
0.017587607137022784
0.9221200513885174
0.9518933087850306
0.004451459451274213
0.003898065915609804
0.04322425150681848
0.012399306323416546
0.011353675864407515
0.04665437058098922
0.047954198981144475
0.17690486907524727
0.9923520762942093
0.02414791830685018
0.0037267628288787462
0.003971696743814597
0.04300657325656237
0.00494791351742859
0.035270872839138365
0.011183183492462124
0.9493915561693625
0.2527142613324179
0.007629461656032513
0.001881200440117916
0.013434771359752837
0.8841998711834241
0.28254842115868134
0.01629442697054794
0.022172241089965933
0.06426340762728683
0.052093998143734215
0.0032159591900964945
0.026223573962768826
0.016898595742307038
0.027294869016603832
0.07450069448736517
0.0032695280616377048
0.9824177624531643
0.02945480964998294
0.27855223258035594
0.023237446976417525
0.769336849066935
0.014969903986213354
0.03796974135286763
0.013960042151443502
0.7890507042210841
0.07126015395433902
0.026769695980963116
0.018363635207249082
0.3086134046903764
0.012648279283136504
0.12038250721399324
0.02499602663598955
0.0036941063217911276
0.02252766136107359
0.026407015473521332
0.005374665370697615
0.03658622021765692
0.0023417089240190428
0.005445706017368316
0.005119202128434381
0.01776776967058606
0.9771915627570951
0.009425730849778564
0.024412184993407884
0.12016186537734096
0.022201755964309636
0.027995248444007036
0.018548038804044122
0.029327870181911825
0.002339681483578176
0.13781179247475736
0.03031398569344246
0.02842565117568323
0.18404271009185816
0.0029887204238097857
0.9002554234749848
0.015991506185685445
0.26114101866263356
0.02034275603314169
0.026668024442866204
0.07406355395958816
0.029592368373591395
0.07456156951401174
0.007531794445370237
0.022327905522622166
0.9458997238169622
0.10686362901182402
0.008596362376998472
0.34794130856360034
0.002921178192768198
0.08761452466026784
0.0063654433863086154
0.06884852629070887
0.011152063830447489
0.001375936764137056
0.9774003201679449
0.03883169758890776
0.03321692886354901
0.018550558597920007
0.09054577427811224
0.02869341395087416
0.01293073985734846
0.032195304396071524
0.008204831548432566
0.17010368426657574
0.040854314453390314
0.016063979710783223
0.010383201552211955
0.0319342461124632
0.016379397770061404
0.014954137400514763
0.015545410941414723
0.9894915973191525
0.0203511462286669
0.022804221578850974
0.07164424906008658
0.03385789226523583
0.05409406831363348
0.11640090162284797
0.00999812938947671
0.02368678672887688
0.0026821471862848276
0.09841953644461067
0.0291562988682521
0.00884722921351081
0.03694942637034852
0.015498670814413047
0.027810243165117255
0.0053202300307505805
0.022022693639310833
0.024521327667809952
0.0019767502055578054
0.02396525787776544
0.03154829059711725
0.05922687172945619
0.013519943590239834
0.017304323926992878
0.0074771986776204285
0.005272597051165102
0.006731724266230857
0.024821922322205585
0.03589902579047055
0.012895910936829435
0.1158356082310685
0.017734769491495817
0.038525224850951244
0.031441163685190135
0.973744262724819
0.9405417588023586
0.005078528640882447
0.9819558278922104
0.0120811367728953
0.012927790476115567
0.011447957083190706
0.014404689741251104
0.22388927641970788
0.7256493434244042
0.3730869408239581
0.011604773638802223
0.016613246695417527
0.15024210572449873
0.06623365905905111
0.9433357279523914
0.042125793278808076
0.008045239005387615
0.006099022108524225
0.8492624168043902
0.011825514365813247
0.019490000717666447
0.04582343235014123
0.2266027416893158
0.039241463568088136
0.0609742005117782
0.025113975677376173
0.002452841356478834
0.0756759402557212
0.08768623903648995
0.9448516850172912
0.49307138287810337
0.044707827851963755
0.4052701098100631
0.02551037170155506
0.0032537537866745916
0.004955797440864715
0.048838816501946596
0.0429604901600194
0.011014948418317749
0.036728988611501014
0.04686368519753771
0.009099542542960979
0.01798591536206757
0.9662019467167661
0.2064812097427064
0.03658090980201189
0.02986600144087942
0.07530116079054397
0.00604567198438848
0.0007453305281707506
0.056949081635000315
0.084285906507689
0.0028276902358404855
0.03683568049540072
0.005895226713029982
0.08835827086401231
0.008867779242982958
0.022146169961875586
0.11922588412384294
0.03010604813625412
0.9789430022256395
0.04548916758960474
0.16078709835531074
0.011052553684647992
0.9697536726659785
0.023866183193919723
0.01129556890415464
0.07119716736532074
0.9418322614112655
0.0582125931622024
0.990803710031973
0.09872127850229309
0.21183005273997757
0.026441443152556778
0.036104290290113666
0.031685209310177084
0.034301601853634255
0.05418765294668407
0.06094177562792722
0.06294930879552817
0.011385625447976184
0.017569822535725425
0.01200031667205526
0.031457286306671745
0.003601378163036703
0.1454285023004458
0.04549415267624631
0.012143849421248177
0.183093444994457
0.0022835747600873906
0.008620447423786438
0.9745593923430226
0.9172182985825987
0.036335388136961196
0.9562459058897443
0.9851445643966183
0.014899990643303655
0.11954232888113478
0.009083525201360758
0.001462174700740276
0.019830693060345992
0.003143067595277663
0.0028023995437785835
0.016241287423230978
0.02549456357993111
0.010713295334983879
0.12013932812482651
0.979694491833932
0.013859846729301312
0.00707156841166074
0.003800849736727899
0.19217492529704988
0.0012127478644151628
0.9015733388018125
0.017283748541792168
0.9391693246921405
0.11644483962505295
0.00451044720115748
0.00871630602834409
0.009121806615900032
0.015482068824803805
0.0019159301919666344
0.941405979131035
0.02235411128366692
0.026123238138612864
0.9609448848050044
0.026667718553118655
0.01628993294377367
0.04225738329317355
0.1177478194844444
0.01865266080687654
0.08803622548294737
0.036546563438870805
0.012632567579356014
0.4015569475144988
0.902192634268113
0.05146212422928237
0.17469156437548536
0.053583680625096206
0.09516216783389303
0.019008161348672673
0.9550436234397045
0.012867415159862722
0.037416836429478836
0.016114501599524694
0.9631953568773973
0.9897427773931025
0.010458929976818361
0.019783051438849338
0.10211657354526608
0.01753612206961101
0.07216445648082048
0.09086137667521448
0.9585913256821041
0.011187234446296601
0.0070481254401678186
0.020184321740605207
0.03419509443320285
0.003936606630677572
0.0267910922219175
0.9644000904201948
0.010587014100477979
0.011665917676177666
0.9799921996147233
0.030746417122949423
0.06685648216727541
0.0025073831203735663
0.990959465525872
0.016870254084603478
0.19104015180404332
0.09975035101800762
0.10246441141562634
0.006323670826033664
0.9609291234867531
0.06175093314747511
0.9722286959846984
0.031427697153758
0.00196228955982731
0.01286111785023071
0.03456106588272684
0.30561229446879207
0.03777025374895691
0.2650842881229233
0.019167991482849277
0.04220947860592241
0.021055251951791178
0.008631295052570978
0.009744707364419696
0.9934504982257641
0.043308621366269826
0.9855752030700211
0.001113152679793983
0.021384035988892477
0.02859640184781337
0.02711762348059792
0.06314290694787954
0.021466361901588554
0.056742529695171136
0.5564009164080301
0.9710456559102262
0.9696555693985406
0.006407305276116746
0.021956196574736495
0.018222953188784797
0.9865895165667888
0.03587158701351204
0.011909966410606173
0.12198706494876757
0.0057854005261359556
0.385424315397005
0.028054820619394617
0.019123101983084263
0.9676387026831141
0.020163061008473225
0.021551141264098978
0.04343830729646954
0.010463691688735137
0.015396047173074596
0.019351979715240174
0.36075237971437296
0.009254665416713726
0.003131829443533183
0.02637713012803327
0.9904757933742835
0.022741145836953778
0.009063030254085246
0.023326961676876302
0.016480419898142334
0.2691727586225822
0.1370890726935339
0.003715516505583964
0.01639403735840291
0.08648532337221734
0.3981835384710121
0.008775329224641764
0.025214198976211223
0.016742524619283362
0.04414146964112565
0.05647307632430783
0.09448156613575258
0.10015240600852468
0.06586416262039968
0.025168757768276224
0.05339513063185972
0.02233697505655518
0.9140636093958538
0.008052529417872283
0.027145364203562474
0.020189680226449347
0.019267955746949908
0.013926605428280302
0.01519387906612619
0.9755593077863305
0.023383231546785125
0.0040107590576885285
0.0014429758724257837
0.03992160919611972
0.015857349828248737
0.005583667729831818
0.9233653268658645
0.01223922965147456
0.02186658712568251
0.0045373094086709346
0.06081827230652711
0.15703008284091718
0.011284180085960617
0.07047155971348644
0.003890265111988536
0.009163196816246241
0.23252047809253068
0.0165532609800932
0.07277424327853044
0.04068535883665884
0.04438531634963227
0.17034389736937544
0.09224676658923393
0.0125633196933781
0.06716232865939356
0.12782294432400232
0.007076421811924024
0.12059766907617105
0.017863855342105397
0.11249539241991148
0.01124040026187882
0.028085373240017943
0.022421781407421515
0.015275077356490488
0.013575131958869837
0.04999172334121118
0.08688814997405758
0.9504621284283745
0.007325416669347791
0.00871243526884954
0.10997081983484261
0.0034037294474031643
0.186012816405663
0.007477555174619791
0.007715694858152187
0.02327136992409733
0.9829672862554782
0.006610276224665881
0.027525127162263425
0.029761019795893583
0.034056392867166406
0.05686234689644461
0.04716279789179317
0.020763277337454145
0.08905489387554465
0.01894751615621322
0.9464542707015984
0.011890400278081933
0.08740647212819586
0.005003726747437241
0.03001533348851404
0.017426392046460563
0.011571999021397833
0.10696992029906219
0.005119401532225034
0.014571844678728355
0.023502321390631332
0.04195456177457822
0.04152021000805223
0.02857067039127982
0.02004067154402717
0.9684294149152565
0.034041257687506425
0.015096692957955491
0.014072601778288066
0.051361523766702034
0.05547065416026675
0.2605384618403407
0.010558753609683435
0.01566377909489835
0.01017550640986258
0.028113626104319486
0.004547949248085433
0.6534059153674416
0.9746454500037589
0.032001345269630006
0.016897744364114245
0.04323393683130664
0.9889436329886063
0.010325117618542245
0.00945380612984775
0.007964914651475133
0.1557731964280745
0.02000659120529504
0.004422046212717534
0.001440177442634833
0.028894028179584575
0.05203210308238822
0.02542228895535463
0.0015375941204365507
0.20270370096655269
0.008474625517855362
0.24371467104777048
0.04153679135180185
0.03782993333526542
0.011031584258399438
0.020066220233145943
0.02777793296077028
0.9535176838739771
0.0020153848424266383
0.1587142145847706
0.02707759777647204
0.02250302598339045
0.010373840887873187
0.051144110709711456
0.001114508147036705
0.004850011885030046
0.009611060575379344
0.027723287194161474
0.05046546051425322
0.023274945456183263
0.010881356491828644
0.08177286911887861
0.9194009735170797
0.11083761798088282
0.9052098983050644
0.041477505290392055
0.96187214719181
0.015633117360607744
0.2523722605275793
0.029250280059897386
0.13179126994430815
0.026919093017856024
0.04010716282395675
0.02151477453289987
0.3782088425656743
0.04132331167390585
0.008249028441122446
0.09503002695073196
0.0010753518960252562
0.01805375052716328
0.06300884027038073
0.061956537838077426
0.01860966816591457
0.06949622230891192
0.14998880433656717
0.037143804065842174
0.027949261523106343
0.010429897882451538
0.10221152713657039
0.02831200098450764
0.8217205230996684
0.028618183530350262
0.02329469419765929
0.009569285953239621
0.023311623536332086
0.030956405526036106
0.013518748313256808
0.07093527252778399
0.052416740514524905
0.002031284158818187
0.14426434782010136
0.0660931321607394
0.013210151404919159
0.16562650414429672
0.06860178634818488
0.07881346277357065
0.05561905860522488
0.013202469414664818
0.006829530357017086
0.027882273266229683
0.14616389012069222
0.0010839798575771641
0.04993230617396284
0.9802408103143612
0.1696752853835055
0.05769898338714241
0.14597705698716051
0.9652186014690345
0.013457158568739847
0.03649003677534106
0.09430467447441435
0.05369664035423869
0.007776897703685601
0.9293206896027733
0.016325751092867078
0.014042214978164574
0.04316484404397971
0.032272802728997824
0.09985120283499029
0.05424760248790769
0.025312413124933205
0.09670160420823962
0.035527681792254996
0.035545849421082264
0.010042066505507586
0.002741711467614229
0.006908237721227412
0.05984816837438511
0.4451405394076567
0.002951139963899809
0.868478316607835
0.07318909349493077
0.02543350299628153
0.019675672429469698
0.06692827246220383
0.9492346363310217
0.04763851903888086
0.029770216404973366
0.04836963720481767
0.09701488744105553
0.017626156223109403
0.008209211017397773
0.12837841848745818
0.005032305969132625
0.024584980849510493
0.0115886417699797
0.1827802529015397
0.023676336533068148
0.007454372210957403
0.014864626184366058
0.28644096708964195
0.02068163204052683
0.098435733356496
0.9724346267039744
0.040410624606557186
0.014703547737009824
0.009264210137737263
0.12008541251307103
0.012228232917843728
0.026045064716301924
0.011996634120862685
0.12516794155258987
0.010725071858145729
0.056148090142975185
0.9687200540353236
0.15046962183813029
0.03569868948204688
0.03153293655117938
0.016866881784016116
0.016226465049612927
0.005357995236558757
0.03686337358448084
0.10179119117634314
0.02273384819941318
0.04307435195983106
0.049568692475524236
0.005086706062739418
0.002924406476339805
0.0033830924237850247
0.0016194101025144097
0.01406139702269551
0.9720735912501667
0.019449652755753492
0.22010360946891355
0.12348682981687094
0.0471892410014973
0.9486642072668584
0.01532708479268595
0.9645760047096343
0.018814325193010135
0.051355696395186855
0.08094505003644968
0.04402020467939815
0.26329171951622726
0.9574278433983269
0.00990579239504797
0.054187034599175204
0.0013543127046961455
0.9285780348475279
0.019862430483197115
0.041970118483891664
0.10054819932287362
0.06271008391019924
0.01864351845246084
0.1362239977276252
0.04127063434212651
0.9302381571649857
0.929625265278313
0.006098357503755262
0.03658242162530003
0.17303563804748748
0.0069771817959324725
0.09359004594062338
0.07305536433957328
0.06351161789771355
0.9268134080425658
0.0323424516078676
0.0012598099605523815
0.013963822505129675
0.08014808201811367
0.06988374356346112
0.19166721261551248
0.027819325159357363
0.013230415331775531
0.01374676145604806
0.045538011537871
0.03937662652052039
0.01962616426008173
0.012560888818955394
0.00876994907634971
0.04709659463693619
0.0015989906625517756
0.6900089086895257
0.28603019570400506
0.011232411087140836
0.013918169311280227
0.006788239416319118
0.0023616466373514618
0.23930935310415044
0.008005306836922462
0.07848482070776472
0.07891004688070084
0.9869105776827712
0.015785811612757123
0.29887027633550733
0.033626766076357166
0.008035751081313401
0.020192947650880512
0.009481687174372616
0.22893530584483515
0.9900769258839759
0.0025077999449066492
0.9833936210566819
0.9949457484657369
0.014078891140072691
0.026545488895951243
0.01006660279942548
0.00277374494729893
0.021656750710261064
0.6061300481397127
0.0727440552444752
0.006123366974869873
0.9750270756158608
0.006562904381401973
0.20181137210591454
0.3520663025660326
0.025847067374472805
0.12133734612688649
0.2086925353672308
0.9145154055162806
0.008002357341669146
0.001996694693539815
0.009093647167567163
0.19741822403744133
0.11987088480594854
0.13008028710460784
0.008388714071593275
0.016580595400511856
0.009762267749249745
0.09170199905651161
0.05515510986141592
0.9439402679405602
0.04386706562310488
0.04509166742902806
0.013514327056480221
0.1569781194166519
0.0201042865308466
0.7782943413210425
0.001595633749020306
0.007845544100481635
0.04400361869197805
0.22899353478148
0.02545303235452854
0.05499360666983633
0.018054487935341725
0.011707956746834792
0.06030340721768453
0.024424958629186387
0.044253179010938996
0.06714458611617985
0.35164111796339287
0.0958705816176386
0.01564828592231404
0.9640080579033394
0.001297737494205283
0.02780701157090032
0.007220098275065681
0.4518030963364894
0.012865456094918688
0.02071772728964464
0.006639498002368984
0.009356124383606739
0.028634954423340048
0.007378799574924469
0.02908824999513327
0.005494856799396958
0.042342606522299306
0.027357200673540947
0.10231554142220073
0.0736594470493656
0.01968124297080885
0.02041802417939929
0.9686834278500274
0.03654751968457686
0.11034587521156691
0.005375528535497142
0.0018808486563237949
0.10710562276609455
0.007877812796635263
0.036048330865828246
0.01619417943073701
0.03909475199519764
0.9588919096735724
0.02501482426128231
0.009758738952989931
0.04429400272230571
0.9790571254189607
0.08060112729639966
0.017939581837686534
0.16427283145505017
0.7296876147579822
0.070614403258938
0.028490619854816022
0.0856113779595105
0.0021788996390696334
0.35899654484274485
0.043107952982812274
0.05781482572246213
0.014139268281650262
0.9676195084971416
0.04587814551638249
0.0474268210615295
0.003950202325411732
0.07780856635049915
0.004890644747658287
0.008453241270865606
0.003387187627003453
0.014834831259478744
0.05008116370538286
0.16467603493065894
0.031130196391061064
0.020564514051891983
0.1657506671146042
0.08734649668815236
0.016727397539848334
0.019592499536258516
0.004424211512274889
0.0178901596004479
0.00667963772865563
0.09035998506136171
0.028985019652198893
0.0028277604829994563
0.021447418969828175
0.021447924835878422
0.9928868427200583
0.006997569301486562
0.1323156965170573
0.02354236801680583
0.024799831822471002
0.04024717583301978
0.2697643085553194
0.15751015207955438
0.05746062176748578
0.013793134971370885
0.09414768501580545
0.02856121979621742
0.03986633470597713
0.0048534830749264795
0.04189905369531609
0.08532876877777554
0.01539639672764524
0.9903226600419809
0.1025168961099658
0.003556934543241778
0.01359151911312336
0.006771492701043687
0.06820203298278107
0.08664423460627052
0.03838067037665785
0.13180434697912882
0.004238307493713718
0.005002062397277783
0.17088244234960195
0.01531400163271598
0.01494536366247676
0.04689672693049383
0.00256525011927567
0.03532184055632027
0.007766569743665648
0.01179857029202993
0.04283629450105023
0.018833280115936157
0.02764424902816618
0.03801821169831211
0.027591078564352212
0.0008959830864689755
0.025947457401826832
0.0038584300984434968
0.014070317706783086
0.021210860945782485
0.9716908136134745
0.017894297428657426
0.002389433604173209
0.025793622520987745
0.0025227711773263767
0.0831546026183578
0.13503900789673356
0.0030483003643651516
0.871739373379455
0.023408072568761904
0.0076010371529216655
0.015856732920085683
0.056194120878042444
0.04955658630630083
0.007792469096928548
0.09518098811451808
0.102572183249835
0.0030524583339294233
0.0016647032167652724
0.9847524546362907
0.9730617697686224
0.049739088344768
0.23121997370382769
0.06065227185231299
0.1529944032899146
0.11294114601422417
0.8388522011575693
0.06349260807189608
0.006012528282455973
0.1705459031501566
0.008404747176836586
0.12758344751564504
0.025591622364481335
0.041176410764291294
0.9133740877000627
0.9527816692112929
0.03556291653796337
0.023708342157541668
0.029448539807436884
0.049371075827918394
0.20468248021369403
0.003239360311153428
0.00878920012942454
0.3079342277610884
0.07419697247089767
0.0012343509100231638
0.17996368600052126
0.12389000210925354
0.019270616238491828
0.03090469478929872
0.0107579456411005
0.03391480725379733
0.643942343978135
0.19021189765239732
0.10163755680691014
0.03181499154822476
0.12300171293794969
0.06244161114496662
0.012421786891652412
0.02070533210745989
0.0016166461886398989
0.004137364661965943
0.4164500667083557
0.010964028679911315
0.9571547528051648
0.23870988588753903
0.011001572955666285
0.024169207739274747
0.1245791796316544
0.017975970774278604
0.00864255027927587
0.019399060631947226
0.9230132367071731
0.006451770728699888
0.014011863367816646
0.0043813830216992535
0.049140000413807214
0.015353997923640528
0.00867773588810816
0.020677412639442908
0.011657910708991
0.008724971999248998
0.08893846119259963
0.013981357238360808
0.006438412825823048
0.061438328488812186
0.1032622576941272
0.0491115285062836
0.02719933417875168
0.16365466622093416
0.040899556002036916
0.011234415043969796
0.02559974336164742
0.053033953016884954
0.9781533557598887
0.014483139108348081
0.0163796773412739
0.08499187433624927
0.016177171527366998
0.016708607986042553
0.9781981843156976
0.9822950294953975
0.12408401575629564
0.02053745149217036
0.018076080244116596
0.02448177243915379
0.028095938153001876
0.982591449152997
0.030574646316284915
0.023102821185055192
0.9781266502790114
0.9009393951629616
0.05776132713812322
0.14117803157042952
0.01653885676117439
0.0766514862913172
0.1265570697052959
0.9854987557593468
0.016326963184768714
0.016549520480677437
0.004499892703392355
0.05716924346176884
0.010181624069814812
0.0034039142518655064
0.015240769150366297
0.010166902090910052
0.01131875521618455
0.15018990790036355
0.0026083260295947726
0.0493790322415073
0.01725684017371868
0.10972001345534468
0.04287818325948627
0.016143105594914272
0.971791730650645
0.00776395845263286
0.022524745456131888
0.0014728323956087442
0.016958015172916244
0.1332708910461433
0.02488371761692191
0.9445079566393129
0.33564893910166654
0.012287793014430403
0.028625333337117614
0.014432152772446296
0.001782925989132084
0.06279393377823195
0.9577791836906145
0.968353316811304
0.009442167804156488
0.023633848310531336
0.012026300374915979
0.06437048123757351
0.009676425180944349
0.0057231398168037274
0.03357749614122461
0.03473006650012288
0.01278047789631795
0.9259819056262459
0.007926168338273757
0.0593985841212044
0.07345984975256684
0.0008135042412108304
0.9575500859156665
0.062392564361312325
0.057005047715447295
0.007038229993079714
0.03973704257792169
0.9107489821106312
0.05893015053266128
0.07550256846912941
0.009827287422746618
0.015025099302193699
0.016839506964411118
0.04060178524136633
0.9849796658597725
0.23807140240202693
0.9839426615980497
0.950129048322165
0.020890451110855784
0.9516459001676575
0.016547447131237975
0.05257341160055376
0.1574726914301545
0.01033083881863472
0.004386984092643113
0.01424778214855457
0.01871206670911243
0.3289291996905148
0.020048591232735953
0.009533150375873337
0.15538040908272702
0.38228432475482454
0.05673122429928472
0.010778979232193208
0.20116792149697313
0.0474473107749177
0.01719155623592908
0.008605062849735386
0.006526760846956817
0.018062061562643617
0.0025629610301357666
0.9733437944798413
0.01882948078868564
0.0907295791618868
0.06920091174248079
0.0021696753190290096
0.013560485867899492
0.9665258868228348
0.02364556663147253
0.02761455488833218
0.27425168013292034
0.035576586251980555
0.01766254978383937
0.11744391205123907
0.014738068133469902
0.9652809974178621
0.049355190783783705
0.1670643058962658
0.010190109480040217
0.04439304922720463
0.9120336371819375
0.02207286621111011
0.9773706331471349
0.12966423814886252
0.20883267528819635
0.02070100461123521
0.01270156676739478
0.04606669016206912
0.0017737061496080203
0.03600883717076918
0.05158130370977622
0.15295080693249377
0.05146565100144086
0.0027709801282225846
0.033389221631021204
0.016650933524462414
0.64431764410598
0.0283893714445918
0.14616573716899442
0.11524544637593431
0.016674108515164637
0.0028531020713423874
0.15274460891408997
0.03516852787977792
0.014485359368045651
0.9962412728314335
0.052545340609971534
0.0018268448309499102
0.9595779591477788
0.11695762878616289
0.013523775636350644
0.10920955125153452
0.017428895742655222
0.05540469316959501
0.32759176950768704
0.026163100062656604
0.017156235187794296
0.18249573897186352
0.11350033448463999
0.21620062730040987
0.003956693023780114
0.02756293114555328
0.02063329144739865
0.01645063930708096
0.018326903146874345
0.025898424138729524
0.025789729544438107
0.013331037967265843
0.448841280483513
0.006416180614984916
0.006593702434237608
0.16491845082532916
0.8638412654261163
0.8720676438086156
0.07639046402305583
0.06299785951289916
0.10395382355198
0.014969815407711654
0.9714856805985355
0.007940800777895864
0.03674475785790352
0.007051029872786389
0.013912067677549524
0.009959630217112995
0.10891251629638102
0.024985638593060324
0.002317110210187193
0.029962908512500053
0.04435867516779383
0.2517924904731713
0.07337286031210594
0.02414916613980181
0.1640289811462862
0.02412833758275557
0.014879434020247068
0.05510541800433132
0.9752730786745651
0.031755908670870234
0.013246118661391621
0.005418352483558661
0.016280051086057193
0.012880529001337017
0.9770893136827898
0.1347543028813193
0.015916762356821136
0.007295570744813703
0.9232035866770071
0.036814656179527776
0.008897101490653841
0.06084001776926073
0.06947299480876058
0.0009036913815154036
0.044975741321292416
0.05634649577969729
0.0550021326617295
0.04023844320679403
0.9227636199615132
0.033445405538791634
0.1389476327732029
0.010481742053877585
0.022094910333389662
0.03345038241592778
0.01772674060223066
0.00888337159123335
0.14111976899866463
0.003689858054039948
0.027280175707218586
0.04033540301408724
0.03462813217960096
0.016803443359469192
0.012555299627483977
0.028771386735268807
0.11991503010244575
0.014676762866207843
0.1523337277971833
0.068657989560246
0.1288558466287474
0.9665616399880812
0.034223093584606776
0.29163334671044816
0.02331699074565501
0.019297358956456814
0.14574872656996818
0.05328723062511594
0.4969567530673896
0.005489361199745463
0.03524805452320434
0.008848011099622735
0.46850339201170266
0.08804523904537596
0.9792835756647311
0.35952763678036126
0.18688317019408385
0.09203235380662281
0.023570103484537103
0.03907980626404882
0.002699796065371267
0.8826304868369863
0.0221040472401129
0.02430571963329424
0.06869923805053212
0.0194010649862522
0.014815386166204631
0.25310438384039446
0.010752795805716371
0.0022014743601385775
0.9136619303244637
0.09775358032397632
0.07596098897502605
0.07725563601785118
0.10013262111781306
0.021506537623141794
0.13751331819118975
0.02807340053566331
0.004038968243952844
0.1700886150766608
0.037340290610038525
0.0027052521133105784
0.02714964422151383
0.014351158721221276
0.02319541278958612
0.007950890202623136
0.050529191206238375
0.08612693170461809
0.021057905126488665
0.013493333621987375
0.9552945489160973
0.02821782690020723
0.7255785671892218
0.09258517610152327
0.02454604981616589
0.14296759848988413
0.9757360662482788
0.013291066073182518
0.0021165246830503848
0.07813645661628538
0.011925349843420306
0.007450203178148755
0.0009377323580563746
0.9714787161698698
0.005054581737040398
0.012736002228873177
0.8679618516014305
0.015392587709912602
0.0498797008403372
0.002528093650520022
0.01697296936270447
0.028665415651919178
0.004178989077701148
0.032977574409769346
0.07534007371531849
0.054723901716454956
0.01695138286423111
0.024666382167280548
0.12175910982245017
0.011134337299075934
0.04833059869602245
0.9768810601345509
0.011304639932861496
0.01432588510039101
0.11460049170251972
0.026459863590944536
0.007872878366789168
0.08793029368650926
0.006180621063126302
0.001155577565490656
0.8671586340704257
0.027091785117909644
0.07671445330258335
0.09920224899774904
0.9723439617985042
0.005293830941392572
0.07115432041098264
0.10079884967310872
0.03576180630202757
0.050186426629871626
0.08538992162592914
0.06317362360980583
0.026523942675987896
0.03012372608697633
0.03910780606698272
0.010145830191079746
0.016033669779981018
0.010191698778653118
0.026331252425168417
0.03185843780988773
0.9687663783261968
0.04772377178384615
0.024823714192459462
0.9576878083560532
0.012143032901171967
0.020129235917420912
0.004137953930373857
0.0025824140062365975
0.017940538367866975
0.024058028953789737
0.002564197364343007
0.003251587383765286
0.011692620280463136
0.006146709361771161
0.08147638375060345
0.10510737161655946
0.010550038276712123
0.13653901849171698
0.014026679057912862
0.008121008485689354
0.05166342893343274
0.4634752036291113
0.05092664458298051
0.0053599395938255835
0.9397540992099527
0.07624516344191928
0.06358458306763844
0.06231391626117888
0.013767900222028062
0.009424718531136522
0.003153690061234057
0.012006932043824173
0.010782139046838541
0.019278132894980374
0.008704729190017765
0.005336470073250942
0.007026915282116964
0.001988588562317892
0.03682146409140531
0.0008094950203406941
0.004410475220323048
0.0508830210190166
0.22719623225501082
0.02720944410049008
0.9568524322884614
0.010132216582879633
0.021421340301502112
0.03941148126716195
0.04264404285125957
0.010019566828427185
0.08845802490048105
0.11257264023402849
0.01750624460907014
0.1740629186079156
0.003580090371323562
0.2620985786337447
0.1808138206162976
0.04019930119481404
0.9128010884879245
0.031249210487560564
0.06311962565312379
0.03182999125662628
0.010452949334241967
0.02396600121518899
0.0028750881123611963
0.008464319157528823
0.09914829730725246
0.005715089320879032
0.003987279202382313
0.9696315016191934
0.010158323085030372
0.006946439551675459
0.022633735271596397
0.092905146939804
0.012003996289211168
0.0033353910811313773
0.851774745057514
0.10349730523965724
0.028268259357357252
0.023630063773677726
0.0013871418056826093
0.006441473527444328
0.0052972239743156214
0.07780268166522948
0.017098555683059166
0.027406872047455094
0.9396309512199993
0.015238601233872101
0.9710667668578915
0.008634813570611377
0.9594188247650214
0.018473003213315135
0.018222499630817846
0.03935483262755595
0.9035445156161256
0.021697613079781037
0.9374129763612492
0.030821199983534952
0.036913363096108924
0.09171105523219124
0.040040895791362385
0.9668905228148333
0.02419303412881991
0.03682365107307532
0.16049354343432565
0.022094474321120598
0.9020132428623715
0.21918659917315467
0.022040933906618734
0.23340903561723028
0.00835754063306565
0.05906007068302977
0.019322670960044443
0.00680185313255568
0.10651930928984772
0.016941031486638655
0.2233482080224043
0.016666522851114987
0.13639646193757307
0.7904718968317487
0.9929275429803708
0.0016698654027436518
0.001063667804763062
0.01514856564489872
0.012761436963203759
0.06974657013546255
0.0031084803370764885
0.022412453348949913
0.029258537448579206
0.17196798291664028
0.24267274172654751
0.029352791391816537
0.9373283473641312
0.05737509432542671
0.00954447010907863
0.002716646193622983
0.00496027714146188
0.005270028936834045
0.02080524439931596
0.0008775388555425109
0.05916934344923743
0.40358976755755566
0.032869590625959996
0.025128735713953593
0.9887375248457057
0.05019670018447915
0.02492228463587116
0.07207885038098677
0.020770290749706606
0.17344606199354295
0.035827705448949816
0.899994998312626
0.0053746915824948146
0.0067390093636415785
0.9983234252855591
0.028101974459834266
0.0037641781175355373
0.022064086981995662
0.07769911758147063
0.019182428065798066
0.02774537009579925
0.053901828479581346
0.024265992022922366
0.024952941268528758
0.003266401997891264
0.9541605369767849
0.008369147146663265
0.024731567225407373
0.10945158539086625
0.005343715258112489
0.005427323930913264
0.051502884672893684
0.1291385237322179
0.05125547379024528
0.18332525056635512
0.032624755977949296
0.01389200867909818
0.984211252259422
0.011894803644070244
0.011499473962155093
0.002260074938134246
0.011774498818640426
0.04274888542664452
0.3476102696604213
0.04266725623746023
0.011680807696697196
0.007126006381161158
0.001562773116801198
0.06784960420287231
0.12213016857809803
0.003619361699604902
0.017194139101320557
0.09412827371197743
0.012536830193365687
0.5628732209298114
0.09441924750219736
0.005564526259095823
0.014620822999000766
0.038142930096112956
0.025632784844371596
0.030568633930460082
0.52494713346198
0.2314051258586575
0.011577399469318971
0.02333865598036816
0.10394063813363628
0.16119661553784267
0.007192171907435564
0.016090601599226834
0.9626704337677174
0.0161010401371553
0.1908434659114341
0.03329379852841086
0.026945862335004404
0.0026742094069827234
0.02141576984369837
0.018367302324724746
0.11050409820054204
0.9638978944882118
0.07060726953517198
0.03704560236113487
0.46806721166397725
0.007164971158162144
0.996024888099204
0.38323779565560784
0.005484897266826871
0.07012131417428924
0.017675865234952286
0.012735485411693746
0.08477039716488692
0.003703229368861115
0.016486047577934784
0.06593415492796036
0.9737162553175619
0.03411315436990752
0.02021967360631902
0.03261475229039567
0.019383338189818772
0.0053836497982507
0.04169305865840705
0.9934695472733049
0.023772216294975126
0.015316690229467203
0.040088072416794074
0.13169790113420296
0.0015929697676764808
0.8904787386415605
0.05588526959591566
0.044239535818773844
0.005878435679018296
0.016688701269481014
0.0227615229478357
0.05141845211883126
0.055466755843414726
0.10855756292556147
0.02952383430430918
0.023218924830039282
0.023715961208251733
0.008483875128252725
0.18930110013180737
0.13284902006092406
0.028597763584469683
0.03634616520044336
0.004944800430114322
0.013291936201071558
0.10340947626071503
0.02754331663764556
0.014031527312841758
0.008751224481560143
0.011651372177811153
0.01087800863537746
0.0038986594653617687
0.009039996612728371
0.004815583186735364
0.2504874563332984
0.15908546474839733
0.20247453373358554
0.015176094580483671
0.03741587646218525
0.1422545014969763
0.14027963063902596
0.050908830392972455
0.06873910226579513
0.005707920240301805
0.057229210900218284
0.038316289549155065
0.14354866430604374
0.9671815657719308
0.01677003931115406
0.01459416806702188
0.9942153632059746
0.0021010938728467108
0.2857770576737046
0.0408518072063658
0.014953744938101395
0.9372582521319154
0.02372622717023355
0.002238012407288399
0.0270266528722619
0.963374095997558
0.00803896043061966
0.9511363386129557
0.028242005232631023
0.9548384904328685
0.04426800387927721
0.006890889760188129
0.01734176145347546
0.027292573184586385
0.13859109570544156
0.019910140342374927
0.0017304184703463344
0.015332999519324033
0.1470897573633434
0.05650014824765381
0.980495173114047
0.950163427773458
0.0011062194655099395
0.02515266580193456
0.18619656325221726
0.08577869046582429
0.022853973993825178
0.08714201956481755
0.11623678850621608
0.91064654409168
0.018853159524345728
0.0033959604457238623
0.009371214140180089
0.2023482864636143
0.013529682781161099
0.004115610734479731
0.029152602441313204
0.0663067327224828
0.008846676466679828
0.030533649041860726
0.2044451973585845
0.0325523417970794
0.01114439218937202
0.028427275612742057
0.00262453536162167
0.08054107199712987
0.005797832665949457
0.009767503764368687
0.057574439554384745
0.02958432090131957
0.012177132449177536
0.01826126446150765
0.9822056877427148
0.0017876954648222635
0.002960536608719468
0.03739961021321169
0.005090603499762629
0.017887178928704534
0.014694487079526707
0.003614738676602413
0.21491858993079035
0.043886283107104414
0.013950118429018523
0.22406013601216657
0.1354735715158885
0.07643104144092572
0.2362716727475182
0.04220003751659394
0.1741304584750621
0.006110907178240582
0.028347623474631874
0.0017529380551430827
0.02987073389939749
0.007159297085489587
0.014182788609402478
0.027109869780534715
0.9903605726955632
0.02243787390126046
0.03196154181764496
0.04490998321226464
0.0010587225993471268
0.22954617011790326
0.015466802442765003
0.26550054897477765
0.0043122260755371475
0.0467018816291494
0.011861233046534312
0.017370408088417888
0.9907520505272854
0.05001600031093579
0.04352855869902297
0.030357235854172313
0.011500358928897935
0.024804362241337502
0.01970659432029513
0.0051186703006285495
0.08776001697586025
0.019612292772393812
0.9878543957349109
0.06718711728996829
0.04737234339698037
0.04453987599532067
0.009556014641181892
0.9701885202315985
0.010691750004033428
0.01760110873809758
0.002510340854470522
0.9694879924854224
0.9718809194926241
0.0228370980391838
0.04302910408041394
0.023714686529549663
0.03419443956254368
0.017906286649986666
0.0019729615457919234
0.035610426727296134
0.028848044951442
0.04104785669729657
0.02224654967832528
0.002344448587237524
0.009273576506741179
0.03106837768934007
0.2906869306941385
0.11028189678030112
0.03077210280342619
0.03178021844532163
0.03489330024860214
0.014300695185139805
0.05940496319974122
0.009195456293942058
0.14157306377483853
0.03317863362017542
0.07927991320127284
0.013650406587938662
0.9840666103411035
0.07707384105776793
0.058481521478274755
0.0017790802911133916
0.01744860640337809
0.013304657011165039
0.08909915273267666
0.017888653371456165
0.022917412518016936
0.04974251541325212
0.003394062273260936
0.14814058506330102
0.005551197674668432
0.01469686613723715
0.007417045674989168
0.03181904542553034
0.0017197327239708111
0.2153634570098843
0.21189274920322332
0.186133376526811
0.01788577781172108
0.9649156737515203
0.14385475374676404
0.024319903021661853
0.022036409830038857
0.29801724736566365
0.015539982479332996
0.056022286648902776
0.002868313445372325
0.005020661553294435
0.0888279697958736
0.0161921342288235
0.12988855620655704
0.2181731057317403
0.07244196617832444
0.05197578205489185
0.015982615228295062
0.014889599864117673
0.016093808491443293
0.963392650195751
0.004782715702884032
0.014713530061409762
0.04548945487939187
0.04133124943457047
0.20540861512086211
0.0028085125079049564
0.32511531699800117
0.024318419284342047
0.006709877930798028
0.006905954108313303
0.9691969675920001
0.06278745998939093
0.035607741757928246
0.16863588863028708
0.01581631767455527
0.005138569602262039
0.005096114631899599
0.24437071484602457
0.9778392252913213
0.019253743815960248
0.9859604216486233
0.02695171830295642
0.15753135517532435
0.015220667021939584
0.015835391827680186
0.971505746101951
0.025030180704663157
0.019290597223327054
0.005945417571965183
0.019503090430305223
0.9612597485089466
0.02453268774784034
0.007986694589792433
0.00832958661660917
0.021791402472112035
0.04589750602939162
0.022821069222306044
0.03862646276817897
0.03648065139860656
0.07635486109751222
0.14387760022175883
0.18359977966575572
0.05215693334639578
0.015542391619208132
0.042244000184393025
0.03685517922598092
0.9754602831207633
0.015940173784212218
0.02000944435860405
0.013324243874587286
0.02471827540187888
0.9457737376826764
0.9047405250287558
0.01302918656956409
0.004603267717376397
0.01529601831141587
0.020755508400696437
0.031546396172426404
0.012652818134811814
0.10310104292988574
0.9088471994620815
0.007865051176675797
0.016484546201988186
0.029862588384937532
0.18344201888497658
0.028275952217928547
0.3152192531971788
0.9504490136821079
0.14414413304576795
0.958449133645738
0.07157485722078083
0.026505435211798177
0.014718149221019891
0.1036696956743406
0.01601652536631249
0.01838104684560359
0.024173345084531384
0.02923304873896098
0.11941343740936812
0.13745065678253074
0.062149843894320586
0.001895293753204159
0.02046304979549853
0.014112784653714298
0.14513353113797267
0.018016260858730683
0.0030829302346933414
0.012693824344722207
0.22287358680190505
0.9777081463745185
0.01933854042466526
0.018702525471885473
0.03611239579546025
0.006160441922220741
0.23321630757207698
0.03868629428469101
0.14089703455219701
0.018799846686355606
0.004510351900780173
0.003472438867632828
0.002840812325204973
0.9702193566111266
0.031195074947843394
0.1612563149445524
0.0014944935154717466
0.9864189726171871
0.007774435842716429
0.045840678667304645
0.020787296533268124
0.8522534034690272
0.015288807610674143
0.08749207091168577
0.009605288940997847
0.0030234571296211474
0.023570496726890638
0.011276616552280799
0.9568548752878313
0.004640405066677355
0.009635026107530916
0.0131082850957352
0.029756232287521816
0.02313372275106697
0.04233876936960616
0.021686471282900317
0.006671879032196183
0.027773429142290803
0.9613647155335933
0.03218974146803884
0.08506143616549004
0.10419959017987583
0.044980157174485835
0.00972648074232455
0.9885979658433128
0.03306461076292917
0.05076964334058376
0.03309239186214456
0.003196129426693222
0.013369506888246306
0.9544465160641886
0.09468137832974366
0.3221707025766149
0.014036143142980096
0.010275653837997365
0.25623336134869606
0.03699760165191041
0.03757126851134066
0.024515018004194148
0.02802828608809564
0.9592865835041418
0.02664811569149869
0.02413510079693006
0.06750298151875359
0.038454430363696473
0.051848192748529906
0.027071725038364858
0.5001192598221658
0.015969747668320117
0.006603542584709255
0.17450061706517933
0.09843182251101552
0.0066486786754940425
0.008129510224065823
0.004204850988617923
0.0231307032842912
0.03080226368594821
0.07509426018495627
0.02560826588587385
0.2296631148726946
0.026207425229743824
0.006941179587379962
0.4794908363235009
0.021934115471578683
0.009554375624551668
0.00694294952931586
0.09226578822258753
0.09279183217600209
0.07310641408905223
0.007036199261007631
0.008367283388318937
0.018402721898489946
0.04279099868352721
0.04921651850805114
0.04841645961612049
0.9450194526381688
0.029943244942283367
0.15514422179019235
0.018348498633295122
0.009116512614994802
0.8234599957952144
0.7281187503476088
0.012504790434949654
0.11563366563483031
0.00254160999311279
0.3155108272079571
0.09009898898408342
0.9453847702729462
0.018344368174550197
0.9849784476706998
0.9499241901786885
0.8783743160797902
0.0827992112536409
0.16659143648812497
0.03099579435334043
0.029744440272499076
0.09182238796861851
0.10833805438484741
0.011240165744667314
0.002024304829706695
0.00570383218411542
0.03607497592197881
0.05640268305409313
0.25819050576528996
0.3043009260209695
0.014676281140328732
0.1286310161061404
0.9259124930551415
0.049339752896065396
0.012021135929961454
0.9700518530446673
0.21992407185673965
0.005830873378189031
0.035155166488592016
0.031299858653107915
0.01993942890033452
0.01208986426363359
0.022527506445693665
0.022658486667627254
0.020908667110338473
0.028900260853746446
0.005753168036463667
0.03583853103549821
0.023371699887266922
0.04714873273999479
0.024490596113749007
0.018331994034432197
0.008642430668107623
0.00561086484106188
0.02132813253892201
0.1822648723384143
0.010396467712884742
0.05262807968424585
0.002644615952668326
0.014844871581447051
0.0025219960909004246
0.010272647848841734
0.9872436547718174
0.029339737639278468
0.9861319007735236
0.0350949586163433
0.008449151037376422
0.0025911816932915107
0.9450746309081033
0.048234079809477276
0.8986625742800514
0.9739915155331119
0.00641336909714094
0.9844235421910057
0.9841317116399984
0.09020505004184734
0.05574285016253078
0.0040649935018712
0.006726785294853408
0.07487301585069112
0.006106197064275143
0.038123493252153084
0.001470036459041728
0.01706428496849892
0.007364171976302785
0.02726261976020378
0.06564999139578404
0.047399728624565506
0.7726560446834806
0.02089457345564271
0.0604985425809851
0.05208872808570699
0.008234215458715463
0.06922010226473156
0.12270917891627799
0.04099564396195859
0.23285988863544144
0.14486773027011013
0.0025492094703268397
0.029094684994010783
0.9689502076737467
0.013826758030103373
0.014995499284701844
0.08025110738034591
0.05934181515767922
0.9573552885455509
0.050176290413699316
0.009422143840675782
0.063438001542342
0.022341955472222213
0.947049336951217
0.00998507220877131
0.0011762823532969076
0.02979317516520042
0.048388902343502564
0.9493608042602895
0.002757412046551161
0.10939167830557904
0.04095168491592239
0.37926967546479495
0.02497569144688682
0.01233004408793131
0.008261246670666076
0.18152111429774875
0.04233650614946516
0.07946528801638711
0.027042195432143427
0.07014926164741864
0.12326903884818442
0.2486971690291436
0.03361142205779449
0.005564287521075537
0.9732891312632662
0.06110545699532641
0.007375687141613629
0.02264297671390435
0.0255838341517848
0.05167168947334665
0.02377779720462618
0.08495872458982494
0.21489330250998337
0.004186440991928952
0.17775391508162938
0.008249709938998947
0.011792251548308378
0.02511713857798189
0.011051078421880578
0.0607757470951988
0.25442154976436765
0.00252363132641166
0.027967139851632815
0.002223612523773199
0.08116749858709961
0.028252570265297913
0.9473850028667836
0.06190916625284209
0.10387401108829616
0.008485330384848775
0.13307230618172164
0.022125918920602644
0.02431075523356585
0.04071814582987776
0.06196790816470215
0.08209744257445314
0.010368079305900434
0.06028847729261892
0.009234196708345738
0.002263324436662264
0.01674439691361872
0.710002798018316
0.007912364072285072
0.03994796180547501
0.10880744078763298
0.009403542318419585
0.027598096186284435
0.004155865037798536
0.0165535139830362
0.9753475481819275
0.008242867973379094
0.12484450128372676
0.023170868123878925
0.03571478371932641
0.04156355922700424
0.1114034445651346
0.002172971821728161
0.013849073430427806
0.029602177454784228
0.0066266302186277935
0.06548613957860085
0.014728760756577801
0.39941100828294773
0.03617716717868033
0.08672960537423999
0.018695177325317384
0.019262971234052708
0.03557405372299285
0.0007782443725276256
0.99281661965252
0.22143373260244545
0.07626011436798068
0.027423609486661584
0.02784443067980353
0.0024002622286090577
0.03746385234908528
0.0013195706039954606
0.028059845693096153
0.026335347480186556
0.8901383141717836
0.008092336441412535
0.011425942572336865
0.03218843089135403
0.03913061162675173
0.027066141775143385
0.09787774570659472
0.9887748683265722
0.9677896596621458
0.0045754645672698435
0.00538427815430646
0.08634523626162281
0.3303157029958182
0.07029904419437835
0.0026959990784898896
0.019115228708361593
0.012455762303151484
0.05407825210876817
0.08376491644306219
0.003744064847083765
0.9558980824602678
0.003640875260214901
0.12795108932129928
0.012719779131262633
0.004621897823808333
0.9602574642275301
0.11257517816598207
0.018226041799855288
0.1336205519971033
0.008383015394276053
0.08480165326915175
0.01025926890029856
0.001031356846747852
0.015705394559992415
0.001629752801143679
0.049474461343120266
0.014536812508244979
0.10121929524640202
0.1640448568137708
0.0023602635683182276
0.025003043956708278
0.11729619224258954
0.011403422782169628
0.09004016501241761
0.02637682154361336
0.4410123809040473
0.015918665119367494
0.004625377985173063
0.0059113657431071435
0.09287428363183128
0.2969189789438125
0.2332192728445138
0.011681127203400393
0.06425244562422021
0.0016195820269943957
0.054462846606541875
0.9364955977424678
0.0035415848325532602
0.03437321077742926
0.02442103120896755
0.9653043935104548
0.0384377539018187
0.03426881012111346
0.04184898366306431
0.013074401932414832
0.24451366008507605
0.015348809039152396
0.010675454875458065
0.054312326672436184
0.259581461192922
0.032519172096270144
0.009498605554521027
0.9622178657085092
0.016945753910296582
0.006871973027299594
0.03331998150230499
0.00845420262610515
0.4931171878538445
0.9271627328464591
0.012950119990675187
0.960801214741306
0.017255015021694343
0.0552064738387649
0.0021943556245934905
0.12707724222805536
0.0018095317778616894
0.1415681750349269
0.027008714632177425
0.033928956345650706
0.9659478793685043
0.002408560037614987
0.014247439704131318
0.025281615645663377
0.018292452064661586
0.03465464942345755
0.023307114794081766
0.019104548394330973
0.02601595578984615
0.10381593588506056
0.011958528519177166
0.009926126129927165
0.04422571537496275
0.0028105305950367914
0.9318155584654095
0.03985404609314931
0.03322387919305358
0.03269054036695324
0.044586814109837454
0.3003500628727847
0.9485176270352397
0.004415541431992853
0.0308717095179795
0.9841182279493682
0.03787662183089896
0.0048416285130188875
0.06780450968664109
0.013519412381084906
0.0321431042867571
0.015149774454241025
0.16684810228991015
0.0027408020824108382
0.009877119069632708
0.021714995708228182
0.0638774528204482
0.0011728688076688696
0.008106800937784606
0.02634084989672094
0.054256396962550676
0.11079038734383896
0.020634418963737442
0.3610016247915294
0.953203866126317
0.020180691276927367
0.011021155008385741
0.2959284211931897
0.17014984205035538
0.17025935625261465
0.1800096034998897
0.006093098224202259
0.02113578672165372
0.011769164503122992
0.060309002738521626
0.06358135465928554
0.02564331379017876
0.011828374297316566
0.5177287324620509
0.02530496586023202
0.013873602389510511
0.11773627687763624
0.012145894530932455
0.24706050296099719
0.023212335674867936
0.007124266997064323
0.006804652325596334
0.024654067550309786
0.006252997207747655
0.012595393223587558
0.016395144278781856
0.016162982733260084
0.08281532439196908
0.0772359094484673
0.02170185808493221
0.03745432735380079
0.004244363220659484
0.16996909781481687
0.06141123528799528
0.03697041982230742
0.9504411223808309
0.01472163883420605
0.0059027239165470174
0.12965414482937773
0.020433226303651852
0.003287916828764964
0.02063512693122766
0.008139895449423217
0.9380121595471678
0.009076553510801413
0.10274063832258341
0.0822315209033007
0.06986944408172048
0.006954954046554184
0.12449414855628019
0.06449791592020102
0.002175671739258082
0.09139116037823393
0.08334028925343748
0.02139148040084223
0.027374761630396642
0.03265239327737309
0.12335405878826264
0.028228230997917193
0.13413893136242408
0.9536500028832787
0.030506327858182528
0.0957000937655344
0.0448490433328517
0.7569617469551598
0.00783438550322909
0.054583197362301515
0.018686182775202766
0.039792344661585856
0.00201627839394391
0.03653215748741818
0.010721157984029422
0.05165241325166217
0.0021656265868952034
0.9629850776852541
0.9038182127574196
0.006266712323282786
0.062483789009783346
0.007482218599939682
0.015386597134491125
0.0013944418233024455
0.056032054134910796
0.006869045665878836
0.015436788195911412
0.047279388108413284
0.0049205441555937954
0.13617412293142794
0.00758386269314861
0.015729574496748642
0.022303898754407542
0.004013893025610468
0.9870648723633294
0.3208874006834817
0.023991891717417033
0.10810090502270127
0.0420843888269191
0.539472992724029
0.011566559383541402
0.004890746008547056
0.013666274403492574
0.0035478455045896743
0.07351967760728734
0.04675467167246349
0.029584656360551197
0.03132041557018274
0.041468134856399906
0.005144813513170679
0.03557306995112805
0.12331283910558062
0.19694026633882833
0.0021571085184221646
0.020125329971668108
0.0075954410782822866
0.029092862762829345
0.09242200169172135
0.060868750111746625
0.04128148818233052
0.018156435050708745
0.1629308818275638
0.012177786276034032
0.017302727671329742
0.008646799676601936
0.05040321904353365
0.07307444025861187
0.02600885111279367
0.14704417410972834
0.027615800900275878
0.10288318182292487
0.06302782974494688
0.01751199930053245
0.009870159905723586
0.01934251853693557
0.0078087521333072875
0.022250193527847077
0.04175148775170924
0.01514247995604646
0.05986647683931324
0.98058779539682
0.009739462033585578
0.018006433163516286
0.041333967591172326
0.08713792702845864
0.0035546668756332982
0.9895657739258691
0.10659228017861191
0.012953030699757239
0.08685638715789057
0.04468812423817381
0.002711003444254103
0.2553052735084636
0.050983192826458044
0.9853645565276772
0.09967999568175276
0.016413157891082015
0.6149947357741542
0.0010625848524130387
0.03956966821894028
0.06363866912443376
0.18603916994869052
0.025486767517259732
0.012193907780387125
0.028394214110309797
0.9119793483431557
0.02606036530882803
0.017964522286921514
0.9689720831343474
0.0061017260367622495
0.07817735336971349
0.35808920182086085
0.03289921570246243
0.03305362161797327
0.11524085323779619
0.038317899008493056
0.015030335438048563
0.10250293430390499
0.9212068666234452
0.023226422552991056
0.2938912753154227
0.02976041455865341
0.9772385022657658
0.18823131779333313
0.010753354825140298
0.1525307637983674
0.015742322582900006
0.006944143581280399
0.0505590282611176
0.9328116879196978
0.010142972123552994
0.038397935146617275
0.007664890425644213
0.931611937228196
0.007751601757617446
0.0973514024250994
0.013710168131307307
0.9370395666055376
0.004815494245178998
0.017477681001137845
0.005801758507041959
0.003986184780959493
0.014010658991196101
0.8890905583985643
0.029415799924900038
0.013623074362761185
0.9886278171857895
0.02392766595846796
0.08982850971840445
0.058054251487030625
0.022492118855356073
0.003572427549403265
0.021525113637586857
0.9873215097163739
0.27886221952858936
0.013780709826303151
0.022903298760086045
0.10780921558284692
0.0018295984056234263
0.013071021152455228
0.08840773541910568
0.11075426328345013
0.12483213321486819
0.22998893769732917
0.013561999233002345
0.330067716377
0.007980349418683131
0.02933183701435503
0.028912170482920507
0.699039959936709
0.12127517571050067
0.02692084200586198
0.07207462491163415
0.2844463349729913
0.006163511972455569
0.021118343884666792
0.9325921361419143
0.23909735617475858
0.013018837151221232
0.023739403397122112
0.013472717513106377
0.05610715081737284
0.034690411508311814
0.053573396015469836
0.1239686394717916
0.026684944751999413
0.013010489018890676
0.23579942949875474
0.9714117818692022
0.09623702750211664
0.0009961450896320038
0.9864009612002306
0.014545570685007999
0.10930057896166413
0.012140161535739016
0.005901064537522786
0.01538720051047307
0.0016098858144308528
0.008740955770357765
0.013734504292886765
0.016252014279471108
0.9683607261908771
0.03333249234610288
0.9711559759611648
0.1146006292294436
0.9885957869943692
0.007576990631191412
0.07388903154795992
0.02040660183792439
0.04623392392360935
0.013217729334097345
0.016252215524323887
0.012827303823886641
0.0172713846495096
0.0025821690625914017
0.03108997738790101
0.013707274595252917
0.89431940347185
0.06290038557224603
0.09111218248060705
0.015987510661793464
0.0911681688088761
0.060346184172494655
0.068792392256212
0.96994795434469
0.29089185266682194
0.06069378369744604
0.06127475085204558
0.022993629069101178
0.9738988678025932
0.12049144916341537
0.02987472726189853
0.024659026124057418
0.0370038351773729
0.02925182807284241
0.08694022761521779
0.9193446144839069
0.008922607757466948
0.075820224819461
0.030440873649139485
0.4090323855065056
0.04395111444214767
0.26597409616600093
0.05818628735244513
0.012752859540934944
0.02812234972414788
0.33271684909952126
0.02579783098738593
0.053863319740483626
0.09532633646294149
0.0011965303458593198
0.037509302049371376
0.09856835442162187
0.982117759136551
0.0035471809864845607
0.1403402493664774
0.0017088389643922014
0.03801402736063646
0.012779662536361801
0.012963996614730494
0.01921602470767878
0.9532161149724614
0.025068704776190893
0.2774512148048433
0.054441061804420515
0.020322735601382296
0.024241830399901736
0.9035518607367627
0.021463916196824393
0.0017925563271853505
0.0023876380768345366
0.04663686672063941
0.005079914338288024
0.3278902098683938
0.949785294668488
0.023568276907728645
0.010302358667848274
0.3172599619293858
0.030573615589297484
0.2060306499311516
0.07802020810274504
0.023474619684938778
0.05622744234954734
0.025896295043670917
0.0444068176472567
0.015395274488360845
0.14011970934277326
0.03333639583829405
0.05290385429813863
0.01934452445165058
0.03854973263348678
0.13121928751511888
0.23234535385848626
0.7332265072924049
0.1011841977891788
0.002216113610035974
0.039168929734468456
0.03965330152552085
0.03550301333983222
0.9865160904099174
0.005791338243793255
0.019410313859461188
0.002821175709975963
0.01346973338216754
0.017517177773216833
0.022557979721227316
0.027541986856638497
0.013383188136876887
0.004770917687322944
0.03926119269943718
0.014441975188738774
0.01695109865811947
0.003949842211513002
0.012325637293692196
0.02323587095933319
0.20796964691734793
0.0014100090809415048
0.016407035966642086
0.06672113693754653
0.022092624957854412
0.06988663655711162
0.004508159997693129
0.08090915951058897
0.10520209466875957
0.06533572036542294
0.03914363082832245
0.015811869890565267
0.010131056263560145
0.01190263253647047
0.006829616112771939
0.00909803750457637
0.028184956933721566
0.014391609999201825
0.024212241046150388
0.011411610285427757
0.28169416874340597
0.007659601684384942
0.006636267842012655
0.029675403055442886
0.005929122350369589
0.018426298105728933
0.004829641646113464
0.013234810152770133
0.01218958481571283
0.013619976538446264
0.025557762983485
0.5869658453944714
0.19827945606930092
0.022181513499842487
0.019849552570793724
0.02495614458774878
0.06585941991994022
0.2520979455403493
0.06976594403839392
0.06759900561720995
0.010235054761918626
0.015461143174817752
0.04965050313533587
0.9493798836349016
0.9850818277714466
0.006410004905839255
0.10789290962842411
0.02922264153875625
0.05975040573667654
0.006780731955590602
0.027317580893167628
0.12917593237165326
0.027430254958814862
0.09279058600252806
0.010991964152260414
0.9157923706668526
0.004282060733562449
0.9594249993170209
0.980773258040475
0.07992484040631903
0.4070105953656606
0.01761471989914158
0.032116663991186935
0.004970374093425689
0.015165963692621916
0.007138937413422333
0.01858794085511417
0.02246487784477864
0.004786981574780745
0.04307095568873075
0.009941043952861448
0.07016604361209262
0.030454656760968063
0.0584055492275406
0.008588180038480178
0.35877883056057625
0.030879365593248477
0.0028623468340252234
0.04250980640964288
0.008536192723388005
0.020391177335001225
0.9926439125987279
0.045611993968104884
0.006987502452894304
0.09246740788608152
0.029516185037036187
0.0023330764689860916
0.8703430239690639
0.011882528372169214
0.004261859350451085
0.19977185238510795
0.008452840606613544
0.9297803929342585
0.00562830390286197
0.08136553949726419
0.051032349517594895
0.9197373079458576
0.02245955989306798
0.005649825344213337
0.011532175867532466
0.025654865329870432
0.00828043769028935
0.21710359686067918
0.05665539502664759
0.0644935650217047
0.014174891234472131
0.003669966169294883
0.004331128128728178
0.0035784947743324243
0.011290298402559703
0.9685299578426936
0.01774096013750439
0.037431601414095426
0.7855392287494161
0.006810608553840068
0.04433173018223248
0.9728424724478474
0.07625259806873948
0.9420086009096506
0.027507484726299537
0.027447662646282223
0.006166860869379931
0.022939514134832452
0.01801809768071506
0.959160308590494
0.06780079650279379
0.038543566314477
0.009154836917887326
0.001509507594656939
0.0076087644788218455
0.02247046079565546
0.13278155648782922
0.3913450661408316
0.966830201242256
0.009740132309280766
0.017087039781326894
0.9847843610296001
0.028827899886831453
0.012964052792525377
0.0898925955243884
0.0022705174334079134
0.06561922234364156
0.26677318421253376
0.0015975032717587359
0.9489285689328482
0.014019602798579852
0.014450629425544297
0.011562950168187138
0.009425669492483121
0.9834818022814118
0.017697414133741627
0.002507584980833788
0.05680485933601173
0.02858353065781445
0.01173711603670346
0.008863988716816346
0.05096574033813448
0.9654538525370867
0.012868937741582117
0.019535712956596746
0.03225118187367206
0.09079232850053665
0.020277509272383518
0.12536873163971643
0.02067609711108094
0.004884250832783285
0.007686701286643599
0.20873331095057976
0.027485045904488838
0.01049031071686138
0.029333055376817522
0.011496201172976535
0.004244625791261562
0.006487668392034905
0.9531738572017024
0.1670371146025971
0.013402611322161449
0.017889998126259556
0.009059599988587966
0.04015697267668484
0.1339552510234341
0.03675808581893767
0.08500736037917699
0.9295359932846048
0.0024505519243209956
0.03175627165974405
0.1642450252171645
0.034473525135534824
0.012880905774029923
0.029458277916515105
0.031746351737581134
0.9867587155194257
0.015768886673389708
0.008030999898802823
0.010321403095531966
0.04194773320221457
0.13608226530750125
0.050741601249436254
0.13477160620478262
0.030576595985160243
0.037137826210037306
0.019840861623150637
0.061092987090153976
0.05283251783545955
0.04879300971106686
0.006157983717731641
0.04449287403253892
0.014363170264897323
0.01961837559619728
0.026838659081880788
0.0076854862634481045
0.9770752336452047
0.1220648263275113
0.04342095477840087
0.046020255148532814
0.00819665396963791
0.018567740029190323
0.9694441233723174
0.021651799963046194
0.0034367793684773784
0.12813116227977278
0.9803044696816323
0.13989608104764856
0.8963282102655279
0.03455487178703972
0.9640549020431245
0.018713450606500284
0.003446472621362638
0.03672591898952114
0.02430069487157815
0.007681675982577187
0.1632671145690764
0.01857719062972638
0.006016344834620583
0.017056849621279385
0.020271260661569448
0.08694262722662661
0.008667387887546818
0.09334216430769389
0.32697719746423476
0.14503679670685451
0.006481230558994387
0.05885397622787347
0.3377493033467608
0.018985335414432442
0.03060076268505544
0.010938272001580932
0.9238175802662019
0.013206277910706549
0.03189992837100959
0.09815866935959111
0.007298224855399627
0.10203373520699302
0.09120115821969749
0.23383362439431848
0.0067017564875460865
0.047496207397145516
0.04532883996993828
0.009755150819454965
0.024241811370268495
0.01393571313361451
0.005145360625615844
0.0021963086042586606
0.006170880586903614
0.05395771108911977
0.016027846442493103
0.01412288084564478
0.1899013433232778
0.9852910990865423
0.012279516424628911
0.009076275327938246
0.015595713493611984
0.028544432426057583
0.08269194715852732
0.017637996336275042
0.0225543640586976
0.8992651854228079
0.9782460792801966
0.009834210653166977
0.13824108467270027
0.019034958650610688
0.04420869998114626
0.003761890754744317
0.018697321192064423
0.10038202006036773
0.03379018803708146
0.002622240429136907
0.05188966036934324
0.04018918550831642
0.012117569864675756
0.018028450710225834
0.013455508529062356
0.9312031708026777
0.009185773675096362
0.1437915943586376
0.08633945477223982
0.013366147396291952
0.002138357423731367
0.9275740112203615
0.20965608328369148
0.026818172316475025
0.08688178549481194
0.03396203230074144
0.9718348283053754
0.12778780784324326
0.05932920656159625
0.0076614220286728586
0.014062665820964737
0.18120918765490512
0.0636261863114487
0.02598606146534095
0.012007020181328713
0.008755471093848322
0.21264683673019616
0.04365871116703697
0.0046040526505704525
0.00681242398849742
0.06122671335990503
0.03826946932612192
0.033390013949759385
0.016663296066955092
0.009362338239354104
0.015027631465307683
0.029919510355000362
0.0019449166137903585
0.9782147500131486
0.021604444262650433
0.01419456924321285
0.9814039226201278
0.06490172062496569
0.231971995977587
0.07137731710478912
0.07792438707838995
0.01047549671827983
0.04590518308970401
0.022411135323684054
0.007196036831330871
0.963659055146966
0.029194759501775074
0.03233790273189365
0.13382778951981567
0.015599898377739478
0.15610991687904083
0.05456629410716059
0.023955589383966223
0.016027536740494137
0.011955006679466673
0.03071241040708541
0.057826031388688595
0.03306504666443533
0.007090222852172828
0.01816323586503943
0.027223687793124642
0.0022086490311279496
0.03564707818348568
0.08369245111382843
0.03312002673158347
0.060952520994120345
0.008430627951095093
0.04847133027207226
0.0028416924480355412
0.006668899449974505
0.0057078642072699035
0.04993674974022826
0.9449833117521861
0.9845163567047712
0.106442397680104
0.0035971382610608463
0.9518300250576929
0.011270374204404993
0.00869460492601151
0.03961716445001504
0.1599867801773408
0.9878093661657958
0.0018297342966935267
0.33912575753185176
0.009830088968924884
0.021008167481925452
0.023464525396431665
0.005590225227631635
0.07593612357860906
0.008825838420847245
0.05707871619879911
0.02624899883498678
0.005883031922218204
0.9599324584530288
0.00548019509648952
0.025806221414073727
0.002667933475103693
0.009703073765545554
0.1628990914218597
0.07410068834347076
0.02229877255322987
0.0028520442438202363
0.07223021882008786
0.07587740345524732
0.01178154552026037
0.01886355467205242
0.01979748347462775
0.06557688839179603
0.005140661167444148
0.007836946104594848
0.03605110640094717
0.051569762510457466
0.9302599728023622
0.11805150037714734
0.01330971682264791
0.04757362936114441
0.06430447875625511
0.1695958573579358
0.007460632671279535
0.036069857635371995
0.007394556025029273
0.9831440946486413
0.07773309554424769
0.02397591861265876
0.017604753403507856
0.015368183668007561
0.016788758353707498
0.02201754740273654
0.9446037661352977
0.12688798620906117
0.016147250105923272
0.10933712097108801
0.03278947620182913
0.015273853373287958
0.1290215421010398
0.01507436619880742
0.022143153819751182
0.007819919316174803
0.08267651175481942
0.06965035137031393
0.03263232363704038
0.04938886247468593
0.986521475288933
0.018319212663147354
0.10675590783241176
0.05302618151198367
0.06319128117482545
0.022276538618956412
0.003220916478192812
0.05748187674586312
0.16824921691434536
0.01283182464159977
0.32766170903936953
0.025001724038411655
0.16246190790813603
0.012160756233673003
0.554421285824544
0.0013385759220492673
0.038420523833326246
0.012937319648740401
0.006894779895485596
0.8756271083038478
0.014428512728151842
0.9747536315135013
0.943392473471895
0.044784653881133896
0.022566259662742765
0.0050839571299624966
0.01437071008377199
0.010434314972918952
0.07651439782179802
0.0165651236407591
0.006393499099264383
0.04172893844314418
0.9409425448159676
0.016567592157554954
0.008665848634210051
0.0369910483874082
0.015077545520807005
0.007283389667993748
0.15802450537828316
0.02265060513915047
0.013576257168368171
0.07285463074388597
0.9815251464015242
0.003361310631646551
0.06888383275720997
0.016947989477584358
0.013714168323858685
0.016360723268760428
0.009117784084544184
0.00684757045221312
0.029790224647848713
0.9838287412056224
0.023975062117692188
0.007466939762202675
0.006086594132308387
0.008435059441752114
0.34949326964822347
0.006279114221557609
0.169812371284452
0.12931499182228043
0.018705514289515206
0.08027658864199665
0.0016673198267618276
0.6734855431716638
0.02423565373580894
0.017794583800479213
0.0490586492014022
0.26677436923754844
0.03706168609023626
0.06252616743620007
0.08077147148721761
0.04386372509658497
0.019962689206939787
0.02734474320384207
0.9735692834602727
0.014382718981263847
0.033912400234672374
0.19308485248341617
0.10346801842155551
0.002463013351258863
0.010870396578362043
0.1703173452535533
0.0239874749096628
0.007972577612430067
0.0048662252721187
0.013447752886798215
0.0743720957650404
0.020055119334046845
0.03069510698476128
0.07086100690929703
0.01677021819507713
0.02038409143659133
0.06819462426851564
0.32682835631988744
0.03039853756256305
0.022518179795066692
0.009894523455400253
0.03946178126599639
0.7811327968068333
0.011581610983972118
0.0008669872545574918
0.015291556230694283
0.015440267525622787
0.0265179243636574
0.036650469918831516
0.007849491798953159
0.06948381034434746
0.09608176910646443
0.021351840924587386
0.10237614664107343
0.2874214073179272
0.006729242067431524
0.02761254585385186
0.005284650253524078
0.2830678311056785
0.03289043756271887
0.10012000469746618
0.02880122709386223
0.020845006695477532
0.019358356221999842
0.002207200686411337
0.963676339348093
0.024286603551134642
0.09978497605707926
0.2715925689993457
0.015129366243053912
0.00422700728136997
0.07868071462439459
0.009378680300445905
0.02302641904686974
0.011522905786719143
0.06144757588212199
0.015522223891799393
0.010220521018840302
0.01988910196221109
0.027275526248897057
0.005555350504201541
0.02330570951447266
0.018577711734173646
0.039239326554778686
0.06840918323912132
0.019539435772330187
0.9842605185228726
0.020912182651619104
0.01931929074539201
0.013995387586492129
0.0021644111568884235
0.01396307470549467
0.12611452191429662
0.03843161376690816
0.006325932837648977
0.9846591331360984
0.010550200785578286
0.16729639392123524
0.07029469614882608
0.10800568537587452
0.036108585624084456
0.11322854878308182
0.10383959964871758
0.017967312062891337
0.9780927083229116
0.9811305337437125
0.07067510188613091
0.0008272233453305611
0.032281117827111294
0.026272442695700622
0.036219041486217005
0.058095510036251054
0.04366543753394615
0.9923332384318222
0.008763578130891219
0.016409617657249007
0.016007192986401655
0.04733685996414864
0.006129153365886046
0.02214718570758916
0.054480727945165494
0.03640238164244924
0.8514149324324485
0.8932542240515169
0.02381887286763633
0.8644208775466323
0.054783409868532536
0.008901273985476845
0.0009165670206219461
0.01683295276137151
0.02261986000748249
0.0818219931919376
0.00448160204006613
0.9848942016396726
0.026780980645093662
0.9933682028021797
0.28177586882656086
0.02042309534264037
0.02300495330024535
0.9417828987409625
0.0038819074389285454
0.015133700563372907
0.010808512698760769
0.025219339704385915
0.04034283613207265
0.07840192613268576
0.005762133548761071
0.007440546857788865
0.030479095550072794
0.007398000559816859
0.013329326053479657
0.021298919029541456
0.08739899929145202
0.007818183498723624
0.04282158800797237
0.2158080661039762
0.0059501593139565795
0.004989910443356343
0.13007454503495572
0.9690767575827062
0.017711787291005403
0.015364592523032362
0.007145617720803594
0.028649847947722996
0.2860936396470254
0.12677930564738585
0.009663089209359974
0.04860430767241848
0.038280806343312365
0.9641914711310183
0.02396767263784662
0.01876161028079256
0.17850028204730212
0.02054086700454965
0.024956881831938345
0.047491147540832605
0.0025445876966471033
0.015066248241800037
0.017903926840092295
0.9759901548836983
0.019626384514927785
0.010693825049371415
0.0075027875634704555
0.009381108541552132
0.037044269816610895
0.9895873033050637
0.027026228502446552
0.07828562483372342
0.035590625235629364
0.0067492136450115784
0.040860127535896525
0.06649067139846702
0.07838201108948234
0.04792074866149665
0.03738047747243071
0.9047588615025056
0.053774928181356714
0.023500040333527823
0.9595925564424967
0.06770863190990438
0.0031439844414145393
0.22963093773331295
0.004557095943903812
0.03868930510649364
0.017703973927098115
0.12124042422727146
0.18193684449434377
0.12774090615088549
0.027561153349872327
0.005086056030608605
0.9595929650432036
0.02056523012221106
0.018803557527708112
0.03342244505968326
0.0025114164447547806
0.954982617468887
0.0072963329940242865
0.16674234389213916
0.09034357331365529
0.8688665662134784
0.8203517931435534
0.020135938752566796
0.012428040007131918
0.9325942058145986
0.07826289775461061
0.016825627113151546
0.05778291255284961
0.014846278040991005
0.9621612671419882
0.022509319461089618
0.00641584073975654
0.9603559189421664
0.9757649022488665
0.006618310235910038
0.022359320295987944
0.00813242101680663
0.9860035488407698
0.045548222606991234
0.009640755914502211
0.0451340299111905
0.012356653322167437
0.04156246609759469
0.1443435106384943
0.022926365809902056
0.010807832505367487
0.9510647965581036
0.0028704191063938424
0.014981390935749402
0.0182520986425439
0.004616675924977149
0.002389989822029903
0.037432825874110454
0.03639182278243619
0.11968149144335309
0.032334848423707686
0.9735157838731391
0.06713528656520404
0.1014470236562854
0.0012669414067492497
0.007936420096179507
0.04443536918590558
0.34184502701907343
0.9692482080235483
0.01531207843519315
0.9833311594412618
0.10756469115522613
0.9736006099902537
0.03172620757294214
0.073579527733743
0.04438006082992143
0.03694773212424989
0.04176552316830899
0.9239177222370495
0.03169540765895928
0.021485568187468152
0.05862415676494622
0.004352121574748778
0.09387912496490675
0.03115281677062792
0.013419297343385062
0.1105067061476004
0.9664658702926178
0.09118957363097462
0.00688803927274043
0.019906478182070003
0.015390633438493877
0.15098941415045686
0.010008007681059227
0.047010498392096645
0.01918202737453063
0.0022382547940090524
0.020304292887911773
0.8414735273940583
0.01760516424856103
0.011296237083567914
0.9746831491008776
0.01975470491796246
0.1381550430935535
0.028255755859379898
0.9526749616202117
0.04171197045487199
0.004548960555483224
0.002436500290875885
0.9784528691456281
0.17986312572345722
0.2349155204582461
0.0037714952792667115
0.008208104070383977
0.2206558593746599
0.046454255499165965
0.011099777098863365
0.009838694575702724
0.05779424708492562
0.037907610575375825
0.0059447709616047
0.12326189796239674
0.00796989050323629
0.13623939089871998
0.04019942206858854
0.9335192204238846
0.003963208882451837
0.011116703339767709
0.0071062320969771265
0.010930906226472087
0.07359638044797755
0.009479240131461673
0.019607361105704168
0.0018400250444458898
0.036013039435623805
0.032286863594319114
0.7747672725027498
0.022498783691817344
0.046820678040151865
0.03863239554645643
0.06540720905571488
0.015038591126417073
0.0037308984185703575
0.03742394943729273
0.008499460779643659
0.1488051713303142
0.007650473400048007
0.04091201745000479
0.11625670979057619
0.1587552598204119
0.021675260660560698
0.03784770742247934
0.9648255433028985
0.6315773129693538
0.01417288501560326
0.06291775013061346
0.02214884900837304
0.012743911090427707
0.06269050037130419
0.00912981978610251
0.12727540258860467
0.25710479549916626
0.01676119118839537
0.0015477209623794474
0.03617570196423439
0.09812694762033393
0.04096200752732649
0.008013901954038666
0.049392116143217896
0.006129367546615014
0.01923681673078043
0.010154960553980383
0.0016024110477776427
0.034703010032871906
0.09799758067013897
0.0630535826458095
0.03190530139487523
0.03452034279199184
0.09779151478157833
0.015006522234128005
0.02436977462617655
0.026280551075537454
0.05877797355120863
0.020012017978313836
0.021388885700285035
0.002744526112850447
0.02107471002201917
0.11512777547893545
0.01982772955813857
0.011332605138304242
0.019111634675405834
0.007329339862434448
0.05318800090023114
0.038907413249723466
0.9840867049723409
0.033143349302388714
0.015295480983170382
0.0936867377443927
0.01963877066586653
0.07265984493479341
0.0584973909935636
0.0033497652217578827
0.018692842812683956
0.0050774044945381645
0.008135329791678117
0.03308334911740187
0.9830345425309442
0.019841305931241653
0.25630499371110677
0.5417884681134902
0.06452621077346068
0.010542243689731652
0.017719995764678028
0.03046105083210422
0.017430734014891182
0.06813285289672978
0.04056131415741947
0.017122301230526247
0.3571788648892927
0.11360876581833823
0.029680732345613737
0.1756642102293285
0.050458062174998514
0.026904532948159317
0.928226908310192
0.02181759136379148
0.06659542220211846
0.024965003294858738
0.35548293417565335
0.03819661651446093
0.012606170865193705
0.022624432329331385
0.9544192030507223
0.010739901363685819
0.034127325774191045
0.043765402751135385
0.9695959376254843
0.005788038375303126
0.05752191451141752
0.014661097255562668
0.012217747185860406
0.001966319897799094
0.03253003782418082
0.04558803087136301
0.0044913602782143515
0.46585732274291075
0.026218621028575452
0.0237647393767054
0.05822914215452035
0.9778362878720595
0.11987555004992607
0.9747596976989316
0.05091660170887523
0.005219186494395981
0.006846668111538789
0.01719543075907025
0.00945380612984775
0.14164497437871576
0.029012898789709026
0.013262448920485349
0.014028469635317625
0.04672194924704701
0.017489000176997345
0.0159903181528253
0.9396499275980436
0.009040198658575352
0.04272979645812119
0.010346374198549325
0.061677005575856335
0.007720425207949206
0.041599329682061474
0.011559388024095727
0.0066990476602095134
0.0378987585647892
0.012456557276111184
0.018439653830469346
0.2545004488038041
0.010313846869409457
0.0370391784565637
0.011930808174683312
0.06012499226341
0.006878138550519372
0.02646259039488477
0.008217290142403404
0.039770512979780806
0.13603569763239384
0.00945233291820444
0.040822346933384684
0.012296378637089312
0.020312394131410165
0.99255174588237
0.012384817603220443
0.005404306107886062
0.047577960381228926
0.037950447937259754
0.010859082358542905
0.2142809016071447
0.9065474285655696
0.03663077480704076
0.2167906005375722
0.06864822504561564
0.007773518856297039
0.09086084649126605
0.06364199244283109
0.9358148074644328
0.01333932405205945
0.07001847656892206
0.014616865934929328
0.153119468158129
0.018128763641567635
0.0015258522749645859
0.007267072192388376
0.9338002500279171
0.5617029665306544
0.01673056614893261
0.05419061172285518
0.028039522449744884
0.1669462880257026
0.10651510015012894
0.16911899132114996
0.005345575181279671
0.9576281239729401
0.039114794230071505
0.9575933221668781
0.03680925995986435
0.005820568318217954
0.06886548405729523
0.045592442081674296
0.01863622669459641
0.033599914531899755
0.021875526134089635
0.08231557606330624
0.11454201225240299
0.9326243056792306
0.0015451122272282707
0.004538896652150421
0.005521682032924976
0.9493321412489113
0.015380025122137018
0.96826718111369
0.19892075322100064
0.001919952257623251
0.0014103195016811976
0.004394819716520426
0.007826405606854825
0.01229785787459596
0.009041943906250191
0.01470043633352335
0.2173031718194198
0.9822445957346986
0.24591272284339277
0.1504520872689017
0.00825829860251826
0.018388897009363577
0.005224179169417456
0.39189818038844404
0.7521357169167588
0.007135926926070105
0.047203635086156305
0.0034196169199492746
0.8978204618447996
0.010699622022370873
0.025066010115247117
0.008458865882902324
0.02018625504303934
0.02079361584705981
0.007126507543951471
0.9919148943123818
0.06093960297757679
0.03300218600170788
0.023408694979495645
0.03716289132524087
0.02750439387224812
0.07703090394720058
0.03412484831926873
0.04914629445575403
0.0332388453894526
0.056683824780721426
0.05407721170191846
0.035189511478804766
0.005530836104050173
0.0805657460283285
0.0971051914470683
0.9227066835600398
0.7597352923020404
0.014570302517884956
0.9797241726773634
0.07741594162366436
0.9075690412551958
0.19132921417302057
0.012517977440309549
0.09228172994039816
0.8782201352078489
0.08638220862209198
0.023870692929025054
0.006554180296349373
0.02249123992764807
0.013937624794786437
0.06955286141119732
0.025871315748211568
0.030988608373767417
0.38881533607456487
0.007395409092445114
0.020702936907075035
0.38296248699507934
0.02725623865851135
0.008043792967157059
0.14966534814550933
0.01838023951632244
0.0497527375280677
0.031658459538575406
0.04113946015766293
0.9886613670841663
0.9452141232534373
0.013368289563506053
0.06647912502220939
0.008442983071792295
0.014330225091316729
0.016730302426390124
0.01885176781839473
0.028585595287861358
0.06287161740775041
0.07132173886566293
0.9612961332096978
0.10821645496831245
0.03710467234323677
0.12980034708737537
0.04384256826548151
0.02236151063237358
0.06953226502665436
0.9638864311904237
0.014458369319919421
0.009765385414443058
0.043452801216039665
0.13039144896608776
0.966231413648229
0.9817837934266428
0.03205188288920232
0.01504921200161388
0.004495609651079585
0.011648821670800582
0.0172296127779957
0.01941000716639221
0.08294973144591684
0.07361775458037066
0.004501288341199909
0.0618970606414478
0.2860641566351924
0.014284652334779612
0.0853500944116978
0.1363687552172326
0.06640230727348283
0.975809049727962
0.9915599941997726
0.019812921680316592
0.006771974797606354
0.0531629900111789
0.9454218642764575
0.9447802207665176
0.0018314509817557393
0.002081086348921208
0.02656603133778856
0.9345096486499048
0.011972188985545152
0.0354439083633481
0.019259354334002103
0.02836216227028833
0.10444555295283842
0.016892587876854624
0.014757663240439246
0.25549702134534075
0.2871841531785538
0.0754794521157198
0.08104252020353672
0.02438383865712911
0.026994395353571725
0.21974532679004324
0.06635402814035689
0.029785842721240637
0.027592337848431875
0.9052921819152873
0.007363234210083569
0.017910252023084085
0.9562423782426015
0.9568298552196929
0.01325336727234583
0.02238021258249719
0.02248888543212245
0.01848308136867294
0.08296682777993183
0.03304088852847588
0.011553668078924812
0.029504498492937643
0.13242912661054063
0.3429800362904737
0.026700534387251035
0.019150284125533292
0.8649712617209758
0.01806969978958287
0.04565171218640921
0.022940666347469697
0.060359951594935374
0.00839029738089986
0.0034820744158540256
0.03895221925816214
0.08491737631901394
0.009699014328312923
0.0015232910674084785
0.03340659868976602
0.08377115997590781
0.07108348383288446
0.9763920536773298
0.015539074933449517
0.9731610810324614
0.006932964378011786
0.01976607302088683
0.025219080930674796
0.014975964562960494
0.0032206398411965174
0.8614764856070498
0.9738568519207458
0.009060674173354799
0.06500179133257793
0.03702330121766004
0.009550710056344362
0.04301132925153385
0.025179448856916115
0.016391509059561604
0.15831467467784674
0.07197866689815428
0.9733367280192795
0.9704156855613455
0.024569777540058825
0.8935105770166424
0.05953785193731285
0.027916568109169378
0.015519739038838973
0.9809125611519293
0.006153618118972326
0.7742782860997061
0.0009566317864373813
0.007358914342752699
0.04498299835154429
0.18182340389723278
0.012199610799728691
0.11805771580669645
0.00785651104864541
0.024161347327093775
0.008308290908951079
0.5205037391826276
0.008651658538213
0.1343371552154648
0.09255135380372662
0.00856142811772015
0.020129566636074535
0.025806221414073727
0.01764664533991247
0.01229702387397031
0.015618530685383675
0.0016182959641539557
0.010055204111230235
0.11536043632300833
0.005719670295312971
0.015458189079261025
0.16677375611521028
0.019393677078366665
0.17876710292686065
0.0054459218847086625
0.017649697375110927
0.9064032695585865
0.03804679666280461
0.0024601966164920818
0.03722458441474868
0.03341515219511748
0.0022897658254042107
0.334728971881954
0.008378220940746084
0.410221543962787
0.0061573151639078925
0.02528603523473236
0.13985322899964714
0.020817909570664282
0.04863694635324402
0.022672617895904183
0.015078740181534002
0.0036951510033705194
0.026537258110251004
0.08324498297162723
0.008867902001753901
0.018232917334714327
0.002139864438765837
0.06729089971371703
0.3737741327628682
0.9545274877945046
0.02622296627703667
0.03763687741095464
0.974501345302206
0.013178374274611361
0.042023931133178816
0.0155920831800925
0.13567045187509277
0.022650398218502135
0.9798015470561322
0.0030031426544599115
0.016908882216404145
0.0030490232018087738
0.028433802354415963
0.00272881551690397
0.01614615712261655
0.028736643797001617
0.04223800597152209
0.008320134917714366
0.13065732672606786
0.06004794121280442
0.014922439052071433
0.11454223497024413
0.4073796070305863
0.9247235888550916
0.015345476375917983
0.0876003229555506
0.016522771343117613
0.0021127491291942253
0.0020064445825501726
0.042363486723092716
0.07774229557484001
0.0009622432779690781
0.0027414013593858536
0.09635320431582363
0.005210384441038765
0.02073540592509174
0.020674933001960237
0.1822663921005412
0.03399063231519115
0.1416174782120454
0.9698064839774916
0.030304792494698446
0.08939894637853972
0.011895445854825317
0.015794517790467703
0.016365328756970117
0.009594005036713113
0.33589806405334244
0.9652462755772779
0.9460883956938494
0.005349537115319916
0.0037644640493953575
0.04076318445866864
0.9625083236953198
0.004864041682042581
0.10790739546309437
0.016510952656545067
0.04680875652189455
0.02402786299426177
0.976213019380062
0.03613439804576094
0.001720235559297202
0.0409697803200398
0.3682764106978231
0.014315226774488723
0.9079614928160689
0.011334901677041388
0.11269019607170123
0.9244098507838573
0.05229503058724156
0.005957545895878077
0.011182503495858158
0.037063067675490315
0.018627636010925683
0.9552744100383038
0.09239441173644396
0.02573252222375779
0.008322869605450051
0.004762067339636345
0.046762997129170855
0.02043147405725256
0.005617416043056707
0.019137248727315353
0.19826216186285517
0.08570516651090664
0.11336683811088887
0.004374746669832293
0.05673716127920845
0.12835608161778542
0.0665404235580838
0.02581346060535003
0.03628743438891463
0.009635902205918282
0.04133458358625901
0.01470266825480971
0.018996372320481743
0.03387813483294823
0.42672233999272474
0.41902491086549387
0.014160228784825923
0.004502284566820042
0.04542876724995585
0.007501391267289049
0.051077864561868025
0.0751177091029592
0.00947282482853144
0.02122912036141883
0.05805504804705466
0.01033729871681132
0.031043231651392025
0.0685553029658028
0.03504526313387326
0.026674044057251357
0.9839209929567504
0.0038097092299515197
0.03241765545457518
0.9713431380111575
0.007328245674384248
0.40991174897340854
0.9288991143104554
0.023124450757863974
0.18945461965113444
0.020948431547244243
0.014458413374252608
0.002613961037416893
0.028950586280021735
0.020997627246493563
0.01830473216050616
0.20701606487685414
0.1699218962655872
0.016830871027795638
0.0033817870660740016
0.19136818587077312
0.0740120096079647
0.008716940844374414
0.0017930140432901019
0.033113564948224886
0.010177839088949687
0.09073435524285327
0.9764801462422145
0.024762432385979506
0.020711179300770603
0.014604540411996074
0.12556365397110447
0.9889998133162721
0.08033640961773358
0.0965480794086934
0.016698894646185826
0.08482608437756063
0.0076195374637820345
0.05218515651502351
0.02254810331421846
0.27040153964422825
0.012618084876726448
0.10899233256115116
0.003292011095476134
0.002486013681463169
0.06070959521915134
0.06126230258964795
0.030658122862252165
0.009940153476274234
0.018546503797566952
0.04701466964340306
0.001571979163863232
0.004935864563202437
0.010309985219474613
0.011069939246682549
0.0017547418603172738
0.0021716855495104853
0.04178698248402129
0.023402262499074136
0.44643008566271875
0.020570299782812582
0.029735851798455764
0.0030348766653685052
0.020159794241455045
0.08954379780291677
0.03267600978952178
0.04613437838560153
0.04966748353866169
0.05783259265832758
0.028230418627276908
0.0314077365710348
0.10827252723746235
0.025227790733336114
0.015845505308471248
0.018467875049877118
0.012447146302366378
0.05076188402784322
0.04584554286939997
0.012187573309071645
0.41251743437971755
0.19083043904928385
0.011196926423185203
0.022415069785768054
0.07520478102987581
0.9248086174834698
0.017672012878394684
0.07444931019032827
0.004501115028003982
0.010008616893664774
0.0391442564873219
0.024254303457001993
0.9798926333353312
0.03829175440505915
0.010693453286423949
0.009431294337297032
0.003544845186132587
0.03042778536391163
0.9848524673050091
0.007220038318154155
0.0070568350850049085
0.9700278081783611
0.04208252839144085
0.018677053162865654
0.0017073811073811044
0.9874160264865122
0.005581630058084704
0.07731130232592935
0.9735066447289014
0.032057107955742827
0.0314935697929231
0.01697638284196608
0.02046996768289023
0.025897569495797787
0.025572076520528442
0.02004317820372279
0.08178993006223417
0.05112631917301001
0.018383001830958562
0.03174667149827053
0.14082523399347102
0.003606231505546032
0.9733285823165142
0.9906214062928241
0.0025545803776243986
0.06855720064806255
0.027445602583814867
0.0121065332397657
0.32512823320266054
0.016990641587087303
0.003723751008784577
0.01695591853692819
0.03810918506669896
0.0033444709269471536
0.009606078058941312
0.00852036896127868
0.023974278418307314
0.09200547174253892
0.006356232358294738
0.014662411216412258
0.14816203421489788
0.0566206629455304
0.9243441172476905
0.006035446755083191
0.01609548262221166
0.0036749816484759707
0.007129064186854876
0.03617137076693472
0.026736039976035467
0.003236326920326644
0.00820218604252294
0.015507445009273018
0.021749500087891446
0.018067803789487826
0.0013716862915241395
0.009533989888595783
0.15746166736966188
0.13984430873730505
0.051667111098563194
0.9933967493910296
0.005911960084279226
0.030302299278170065
0.07825272960652288
0.028002946044855266
0.05040825007377367
0.010103458076090418
0.08423832903961008
0.11765183034180643
0.26903847563816924
0.006231952625328647
0.010622552329197085
0.9647617537671301
0.07004772141277693
0.017365955169354914
0.008668673495497301
0.003920232519818688
0.02791988577136749
0.023666716414477762
0.046949207574489026
0.04021740708817496
0.015139607324968506
0.008643462594839706
0.011936061504445497
0.9070089026019519
0.017623461491875644
0.08556159640370349
0.13264053654382849
0.045322968820394584
0.8141341773219104
0.02007907246410688
0.04480213933820924
0.004120508721719414
0.030053199003257258
0.026572994666328932
0.010648768065112283
0.019927988138300642
0.01600572347938469
0.021803307544224857
0.015435768773803534
0.029749599507654857
0.03661845279061416
0.05037061468526553
0.02349863794836705
0.006268204147980779
0.05991647059583451
0.9520567863544893
0.05293165239977113
0.027724829043505643
0.0033245362899537558
0.028916432869105918
0.3675867614022892
0.4370221997080059
0.01817521130745497
0.0967977106311512
0.005046639021197076
0.008582912131958666
0.03732464770504394
0.9692685816395985
0.0018304786512619042
0.016787517004493588
0.004635892003796032
0.009170646706905514
0.009713401794750486
0.10151338554617297
0.039451310277113044
0.01045010870890036
0.00796056149027304
0.007900590845725686
0.013928251652859075
0.01947007324255017
0.9657509273402258
0.8779302942879621
0.11484544768489134
0.002886537073039331
0.0020596760342765637
0.011662603403692707
0.0030184523703865526
0.08304442188326157
0.03198085614737286
0.020158016668191264
0.0611637736939874
0.022362262776402724
0.013261240057681815
0.01395274900308817
0.38327917155957864
0.5474433689681358
0.0247248186010922
0.9871866092504881
0.0335629489742426
0.025143753549697136
0.033519917497254234
0.0017504423557584468
0.9595929650432036
0.9787383166039761
0.014003460553277709
0.02348337431319708
0.011163109526572948
0.010041550663408333
0.001575508871442077
0.9817015164836033
0.09422369925506634
0.007867361354439618
0.003549807384617785
0.023213305707268234
0.005947271248490367
0.01603695455815984
0.039520779232594026
0.000907196857998041
0.010616261510618112
0.9502224110306714
0.9563697802779222
0.07259530440403074
0.02531428825853533
0.015478929533893782
0.001622640223080779
0.012325553662317783
0.01281636479099778
0.02603127584321158
0.9857981056733738
0.050093407770978635
0.00997656806908556
0.23548502528352322
0.02658920350132522
0.15075023469241614
0.08288016672039508
0.01750892008444313
0.014694027451593957
0.07493654898866182
0.025705683202520167
0.022779173657875545
0.07329684210717094
0.02215452444428283
0.009284611867669785
0.02328676868253918
0.16803554674221044
0.008191821636984635
0.015200798462281043
0.05478619442211738
0.022346127065392712
0.0022086257035375616
0.05390842479216101
0.09454231294644658
0.29937415025160075
0.9764777032916431
0.20257777472551192
0.002671414834667387
0.015275419412633611
0.08725626928172175
0.014839407913429878
0.0575278653694002
0.003405497366488748
0.11345297245662055
0.11048823858627935
0.9578237124472434
0.9776533421346852
0.008607222807667774
0.31540290942517535
0.9764445232360955
0.0015723348354474012
0.0889861657255575
0.05731934108069905
0.20828074697513344
0.0038658623796578046
0.9263469389126717
0.008005531863185592
0.014209284255418899
0.05712072722945157
0.007052807475574911
0.01549617644687006
0.005454415453907522
0.26099091001275615
0.2656553218707921
0.016017372434717052
0.008208727830923601
0.02209630699970233
0.03784003500425471
0.9858413687491134
0.013132661282418873
0.00579022965698313
0.005167276681238795
0.00802053410224019
0.020297208113639272
0.12476868732338446
0.000984365667763939
0.9684657816201678
0.9670366802014134
0.04103571420728433
0.01768520483704754
0.9517504861705869
0.02446156713481513
0.04251028523975837
0.01168984296962017
0.013364714469996281
0.09843000845431646
0.006313551274249496
0.950326419927086
0.008985093625027422
0.009600297021094684
0.33262947159617445
0.04180843275536492
0.015277651606078442
0.9746912253297957
0.01729478479643313
0.01370755436984033
0.024622268735831107
0.1694422240268446
0.9510910706139505
0.013176659657165505
0.08878792180146237
0.022549632250626516
0.019480944555017365
0.9164707394143815
0.9708978071153923
0.9940458276699529
0.0868247242300866
0.01934169125239924
0.021223582319785685
0.026921953613657634
0.9929639673857265
0.15011482989202168
0.05578806696502611
0.024929320254538166
0.11580616188429675
0.05417362393583394
0.057701057620629465
0.03340171335823897
0.011778802429620198
0.007890843474476557
0.014585019443994611
0.03269555717282318
0.03597190019415645
0.013383305434045072
0.04620660858370655
0.08306070977248671
0.9822342527845047
0.010114403168229256
0.015473901453848858
0.010613411951921772
0.0068433933163135775
0.023715724670337206
0.01807777127238964
0.009949250030446603
0.6357172396234528
0.014983319896231664
0.05012136862852461
0.9563306121626407
0.028659332512318392
0.0016866655916941788
0.011755086229988755
0.02863754883387835
0.009256523816006135
0.23286727969957033
0.013051583718128115
0.9836761512693649
0.0023177460872429805
0.007359901166196606
0.03758554795170404
0.022092869433944777
0.07678949515710591
0.18089772576046753
0.033681720904338665
0.01700470631109253
0.016205852434311704
0.026601326338565174
0.013389281631874979
0.0045820194471109825
0.01767488832904439
0.06120236712850268
0.004996838351651034
0.01664522980832664
0.01889197939136199
0.9886452814863423
0.9495210632898332
0.005293118259231774
0.02254564861230575
0.006199584848794791
0.02128051394470946
0.5001220990037472
0.9881716544752585
0.07883729402798585
0.03948200806133509
0.020528197098739372
0.038737141543977414
0.018343432192013356
0.002000123157034728
0.007867096469717083
0.07107234444106686
0.006161877241638129
0.013884839431993501
0.0008521744086910273
0.7599484249858998
0.08758628554663263
0.0026804900462038214
0.015831416198542798
0.17003742876536224
0.15106233830438046
0.03681521357653046
0.9780029971487321
0.02706347884887184
0.01903201078074308
0.022209297951988012
0.004570689466070873
0.01049545934828724
0.18661686248460402
0.04404151193320477
0.1678623302553775
0.04519760758600366
0.06851650562935103
0.005418522398395334
0.011658939855995816
0.030709660476479394
0.013354644189016694
0.0059740071076325695
0.05502251312651443
0.049951098413005386
0.06084129462441431
0.018744398712524986
0.01950990183709664
0.013764110152306072
0.047605455010730706
0.08903517999168331
0.02015879071929648
0.032154647804073996
0.011686979889782094
0.012850877518834156
0.036510547058075514
0.3935939868635705
0.014528708176180209
0.9653673311911821
0.9871840997822405
0.016226411140600607
0.00857437164536884
0.02949555658199769
0.15117406033024045
0.03603345870304245
0.007132319908301308
0.01527626475632181
0.9719777758242631
0.010239298667530422
0.10077402007501089
0.02685157845281018
0.014918308296491774
0.028770019264738784
0.9525516896411756
0.004246720583400832
0.11194671350372476
0.040652717157444354
0.0072960460118189335
0.0007858725450332921
0.039678413521186576
0.0028695935841304586
0.04626472327656634
0.0053843064585935105
0.03734951291625941
0.9479348313276158
0.01256767942089009
0.061119478728066265
0.08145990217927294
0.956604991896895
0.030559576629326252
0.016974512292582213
0.021519748330349385
0.021841304404362234
0.16457735290494782
0.042648422904877525
0.018103612914362594
0.030367259407148614
0.017099517634780428
0.0121451985187171
0.013518095746264612
0.008155943879059721
0.06556890694636258
0.009559220175182875
0.008003660372429037
0.5292384853723255
0.047593604315457075
0.039618860091168565
0.020677492680401213
0.04018678393371295
0.007370619842124772
0.0340059401017176
0.15430852766816194
0.031408938487663074
0.019123829845183356
0.03438514246253873
0.04429233152474789
0.0177860548754213
0.07492421199198152
0.010327235773944612
0.042247949878784774
0.0244984526569318
0.9687076130723454
0.013987938291175577
0.006942605381144114
0.028190899662824884
0.11834532588080866
0.001738582014841871
0.0824701375530548
0.08421145485783804
0.003460981609174578
0.02000195725036567
0.001955984807434532
0.02930251329051219
0.40555772804743606
0.08491929174163791
0.006749731338854276
0.17050109246263775
0.031862582449619106
0.030664448639819864
0.37184063054740285
0.049179879926229575
0.044601165132610414
0.007922848194654306
0.02534287967206982
0.009675649075190073
0.017249058880939323
0.018249261622938596
0.023722623099015877
0.009647495365520732
0.024082429807509444
0.005816333161454661
0.020940163521358676
0.42440344418906445
0.007569833029383934
0.028585151892198426
0.008513836035733822
0.014870364041041612
0.008068713145308746
0.032393481462499436
0.018764559127061025
0.016735015350110446
0.12441541468666327
0.05008465579284226
0.0985694224755584
0.08211791364500981
0.9834378187190447
0.9531358244678859
0.018770093314619683
0.03192523439117642
0.003000967077599345
0.015320777624148272
0.0329514068824082
0.02299312681820103
0.010265952664126055
0.012295818325128808
0.015161584101851151
0.007124957054372796
0.040863248812430905
0.0026648171314867268
0.008219055625418418
0.0024328021899523216
0.04095988871295616
0.01515976168530144
0.07710947466711549
0.049147176355558465
0.11669627972268724
0.014023844547762388
0.029240427137617177
0.08141147213833003
0.07230249752249815
0.038692969354730385
0.023091112998556106
0.038032964347763355
0.011978261188540814
0.04463655131593606
0.048358698203944846
0.9773988799389528
0.05091611841168077
0.029882244360840932
0.015837240968267347
0.03400109660310299
0.005582641168706273
0.010595464833440012
0.07939163278595807
0.07507402592003637
0.06630090618217131
0.014475853218848957
0.018945137551885198
0.27085026923295497
0.009877623352812925
0.02464891083029767
0.0019767502055578054
0.16431103903750968
0.15234436673491009
0.010848913548189308
0.07560144075252505
0.16900644002043946
0.29137412410237584
0.026596058359563888
0.025890031592678872
0.011562192843991409
0.9777473032446328
0.009308205125383318
0.011322467367556393
0.05373173020386513
0.00970021104275955
0.0021072505921386265
0.043335384214367195
0.005514801253522125
0.03917103432336124
0.021140199836961554
0.004205729263359075
0.014179390951963395
0.005104774126236551
0.028602442894049368
0.07331259957986602
0.04161339643653579
0.02787860675906774
0.05050076125843237
0.9834140254951362
0.06063108989971256
0.053344362977513694
0.018669177666860725
0.033562136092626454
0.02663497939773606
0.8514186830535238
0.014376373094846786
0.007385484995756365
0.030265036827463693
0.9748971997429094
0.2678498830375376
0.826078253266068
0.006910257812162101
0.026012295990403986
0.020816895618767643
0.010998659247613866
0.043318823880585514
0.001996843914549652
0.10126064665318985
0.13697092125298327
0.09355572494579573
0.07639829396134702
0.024500029716962135
0.03930360641718543
0.01176443046381727
0.45179969653972774
0.04353961260666865
0.067745383539402
0.009895795246553957
0.9769918876420274
0.001168651756477467
0.06159399714786033
0.226581275403457
0.008470487511314552
0.058611198473821714
0.027264954743447797
0.03220954173449895
0.01460328694411035
0.01664767172969087
0.03440602023601946
0.05421947203300087
0.13901347713761983
0.9829489470091107
0.02777696558842613
0.12982609876567733
0.029392857345178672
0.002229120415250766
0.041024693262821536
0.004793327653686562
0.013188953021605694
0.10794387363179256
0.05552746422903024
0.033767990062587
0.020539657979688677
0.06688942054306746
0.8949847117986028
0.026466765768809165
0.9651630654069454
0.02666682694875144
0.9600840972810665
0.008980754869022316
0.01789973146881021
0.017435610684684754
0.012852058222766898
0.019564438301260683
0.15892773981701522
0.036372106814448094
0.0012413740506732913
0.22453305008787028
0.014690509413483072
0.008978966070159664
0.00869110713478826
0.0765978920697508
0.010988892009838611
0.9146510583013668
0.02079850237569599
0.04126254739944539
0.4566592932378877
0.056632354183434035
0.00998052046044787
0.025445887136359303
0.018378751110044327
0.015977108236552857
0.0970565652669626
0.015783529680523593
0.018509087099855236
0.03547859647101273
0.18847597603335658
0.027060343325456433
0.018866890731138813
0.00847245936058807
0.03023993731231789
0.0018811367087374887
0.025039944286778144
0.040717671444649675
0.11473095584509427
0.0787386056784937
0.015766335276761537
0.010855921105035976
0.12904664429132687
0.01129446183568215
0.00423581463987107
0.02334754905468929
0.004639681888429241
0.05518107399140307
0.035070196623397935
0.016319252396612367
0.006957281977513707
0.048250663044928845
0.013199112180595354
0.9520230511286982
0.03819689374992971
0.0123601504843811
0.03910369860371669
0.00609791398424575
0.025399146402674357
0.13297140234020383
0.013774907850827836
0.007174211800858699
0.9835779635387952
0.02072769620836607
0.008782721611813796
0.042440571477071996
0.9819140702086242
0.3369699445692628
0.00835854139896897
0.006940179928254561
0.005096004725239458
0.77598060889191
0.06851492704453215
0.009089531651759368
0.005006588097806242
0.9803108300498403
0.11900763577566081
0.1000306863787442
0.11725126874331118
0.04415593023324603
0.12879060102460893
0.05405031327851921
0.009492464216202662
0.023558330252647548
0.002463196189300513
0.0042571544493339355
0.04856029651904383
0.08747413239408519
0.16800972403656267
0.036056181725841185
0.47161833618498944
0.3899541636618397
0.03927755566461727
0.10660689282401398
0.37989724038739386
0.02418140679527905
0.029231840932609214
0.004654686879459236
0.0375721605595507
0.01401809447977333
0.02179435733989212
0.012188935756420213
0.019524246022642605
0.021583117049379326
0.026268971029387703
0.10065569247429963
0.001032178085144672
0.007537973447236006
0.007221462629511719
0.06775361635802206
0.9797134057661195
0.055214814507558045
0.13504199081630347
0.026601437655060893
0.006194111046373318
0.07187909295500176
0.08709345328270518
0.447452903642374
0.018592337841671504
0.20235219849899355
0.04448733564197389
0.006776584220516495
0.021521659989609306
0.0246215073480795
0.1638119292526282
0.10695587288027977
0.00205003015102749
0.002643097395243087
0.11356687425685497
0.9112036456786924
0.3934927874053635
0.061203724562971094
0.11997365151027492
0.6273826117736172
0.11379539192259648
0.09196905829751591
0.01910311070594144
0.025666702837211692
0.039964336857115396
0.032849837150097705
0.03235257852686211
0.0013063445017643068
0.011937926068985675
0.9851722232679841
0.05884355657702827
0.762317186146491
0.01790962139844228
0.020372466807206144
0.0019892736984060896
0.02382415087417901
0.017922558532721632
0.07003527947899207
0.01702714740484156
0.011391816317958154
0.12838550161666776
0.008000426912754174
0.015287780853912289
0.04001840784191184
0.04087847666154258
0.11697110444107756
0.004225796960917383
0.07635086991793347
0.9533521263751741
0.012427761412754116
0.03524268092200424
0.050061113418914345
0.039253024391806446
0.9739242628306568
0.05165567290523878
0.008655466047476312
0.017283080983290785
0.018588219878384726
0.09458506491187962
0.13132282428022138
0.12685902413662092
0.040522622245536453
0.9193032305654749
0.05426369270010086
0.08581123549411689
0.0012821503145196867
0.03741386986321226
0.021760244249906417
0.034749453495967766
0.039969632747184576
0.02030751403102889
0.969554727378316
0.004909553875068011
0.9378089419053868
0.03600071810062099
0.13484224870828063
0.009821420949231205
0.09544585845062696
0.01632836205194876
0.958174725286014
0.007590899162296212
0.10610414736683361
0.08481671043234558
0.06892922657988121
0.18102003906763864
0.061013890052996525
0.03765551669484503
0.02053623675465267
0.006906966004393473
0.009264133759067995
0.040772901591643346
0.06844008062644585
0.007597809956057735
0.001545466093904999
0.022660179416737834
0.02223503458635124
0.12741819898869797
0.008453175368846547
0.015883140017183443
0.021604267538014654
0.9360714631696682
0.0769275491996771
0.010147265797351005
0.030618312976430313
0.01657214560701621
0.008548121497832765
0.006167786425284959
0.04844059138319822
0.04584755659816555
0.04206968804385099
0.011035561759232504
0.04344567725068872
0.05868113989786031
0.2410821288431485
0.010795891827998373
0.004671873489194183
0.023582194924253005
0.005719619683718125
0.021121628842826708
0.018479643083663302
0.4213059813507966
0.017204375630891455
0.013045145344000591
0.01357074597534681
0.030338221316211132
0.10367394568342725
0.0074087107628809604
0.9661876673184236
0.01980681309623288
0.025093424057699307
0.018599501154246426
0.010067874328757848
0.016642540989519478
0.9844219975213534
0.008215787654010605
0.06514789700219166
0.009863891886717902
0.00939009152110014
0.004090272324280468
0.016914530969072118
0.01843723092039237
0.004583227936775772
0.05854808625984187
0.009608776572741614
0.032392099257551585
0.02942598161656341
0.7863723297466391
0.02432380461721234
0.020944508965769836
0.011469943754941049
0.021988216556196767
0.6323115608628646
0.006369268657747372
0.9549760361938847
0.9900580317662135
0.8886792118784661
0.9730938121871897
0.03210670826986665
0.011768725368718454
0.08446651031631551
0.004388617836724611
0.017015085996967848
0.051239130850262535
0.005904284506360417
0.028390555529872144
0.020683864295453786
0.030907833221732843
0.0028368940534766666
0.27090022389885804
0.13836708352583438
0.07762508584479501
0.030118456499320965
0.9129126635119846
0.012592413206387015
0.015709148975883668
0.04709055555517618
0.0721592627029641
0.008620391546933105
0.03270623248668599
0.014345621261683037
0.14259084659104013
0.10880255741201693
0.047911538335352576
0.012552417533775806
0.9896249139118525
0.04354309726546877
0.0011442475335736511
0.02177434921961484
0.3030961677873826
0.02058909061018688
0.01169208914849533
0.01015010414549677
0.010373633251663008
0.021975900146437688
0.010287148547532075
0.058727558546898866
0.0019893595772931616
0.003144431346874281
0.014053021840610925
0.014784716889922955
0.021228533289719038
0.47977054353501375
0.07007995493865996
0.08726827648313543
0.20203527642146377
0.14170777351154207
0.008436843631452773
0.013221496651451344
0.9775649032870286
0.03564638990847208
0.9225283148427013
0.026723573402951447
0.9764766371147842
0.011160687396766237
0.03477395398683138
0.02726714110784426
0.021195013797665425
0.05076188402784322
0.013287164509178826
0.011213539170333884
0.01179861659291533
0.10381404838296333
0.9555378895457608
0.051020383043512196
0.012702726960083023
0.0255568167884564
0.008117303056870175
0.0048312490575178925
0.1099221849297107
0.0061188146964013075
0.9797090172892863
0.018581979638081628
0.022935550541821326
0.013616810111962094
0.050806485167658434
0.019862265392397348
0.17016988685469842
0.9738207213106992
0.0785437057279853
0.8802525023745644
0.06392960863468045
0.9510270818915706
0.01381296382685946
0.06403859129043851
0.017379162019196405
0.017951631389561407
0.9832207699549096
0.004624918720835647
0.026441353180326563
0.025825736867760674
0.006302489041261802
0.03322591494714212
0.9711881542158962
0.09247249884033516
0.0018680127754299829
0.0032244540959145457
0.013591108296804587
0.07072541899841753
0.014184946841576191
0.12263536158605993
0.06767831844183779
0.9635663861788449
0.04700745399223321
0.9672134869099278
0.9481119531682308
0.9783902787833417
0.022230362836794807
0.0024568789101543694
0.014520651083793737
0.011681269864665979
0.009000977472948219
0.01358245710889021
0.09221091261810943
0.061980376708392265
0.04385890110368711
0.0320150713904273
0.004234408992834195
0.023056079134650815
0.9630937815106863
0.014691769054633756
0.18165743460804093
0.052014373931067455
0.9845051312638717
0.04123271996740652
0.015355025731399468
0.45324685959253863
0.010897444676781632
0.016366880020607617
0.008514990958770927
0.05049714046991791
0.07178905740926836
0.1602908172508995
0.03766493269487809
0.08083253468603739
0.0051726138832044214
0.03435438668902759
0.004018507181338961
0.03893538767865891
0.017305112542017817
0.003963948603329399
0.9816519252714435
0.0014992983172027708
0.0016902038981620052
0.061385652476071716
0.01881230101491895
0.04758698435582364
0.005346314332180404
0.09078128128099408
0.007027489024597019
0.026743441626075816
0.1471728507588882
0.05766547144345824
0.016184917851348006
0.04830847522262742
0.07852047391945167
0.019961093378590707
0.04178896737628493
0.9638974377353727
0.0024656383646648513
0.0060437621843168485
0.0037736728895813804
0.014728747977593971
0.015197946758384337
0.04014940998643151
0.008247621993284307
0.153028022176479
0.005728619266929361
0.0869328275787168
0.08936695590920382
0.02255717208653708
0.015543102659365064
0.03198782217729345
0.027086683838295378
0.003235862731155687
0.013576466636486127
0.0031458749246183557
0.3987034086443922
0.0020884706905782177
0.024770738956865036
0.9765252058642925
0.11019635461827358
0.9426842518108599
0.10924711011729522
0.9730898784195531
0.013114159392951708
0.013480613520233265
0.0687455487251541
0.030969594743424977
0.02244791380146986
0.02148034748832981
0.01625267087740125
0.05607206021703046
0.05462791209025349
0.01623969137453012
0.01404260478016072
0.002182922883739
0.025720206337523244
0.002111618768461854
0.0686954573437253
0.1795088935455342
0.03263134060057933
0.07779560011357733
0.011221881499073516
0.012743620277877737
0.003488043727089908
0.020763130257763242
0.9375639059750249
0.264995345421508
0.025143037799623666
0.020097073167209205
0.11126526769645141
0.029874735992970476
0.009755332666854513
0.003442870522913633
0.11247798544338068
0.04363943193231226
0.04699240488379672
0.025128021386023974
0.04540809885159434
0.006684632542582567
0.9840890918477261
0.011123029285716806
0.08385135572050526
0.022084542893449112
0.012289746235339443
0.012123015814643324
0.03296203452149315
0.39325524625161684
0.007247382643982117
0.0512891068277812
0.9864144740447162
0.23017064840999302
0.17577817557780936
0.003996466434285101
0.001942966814595124
0.9645489097652408
0.022108911876224116
0.04427257577247304
0.0173956533026044
0.01913445575105891
0.9867274151156613
0.03905316047991351
0.011641345343601086
0.22919953693623774
0.033085718547652194
0.0014470443602368891
0.031087953813298326
0.0432454068435686
0.02662621138446542
0.03540763049371783
0.014920459153776008
0.015032945520187132
0.020190298346821317
0.026283625944784877
0.01274431430226166
0.014626998508547573
0.030676199508847157
0.022104686658700738
0.051445949218359224
0.005700444032717529
0.005990085924402446
0.9893944503631522
0.005806320278040641
0.18290565289121
0.012161644968970611
0.9574897067128719
0.034388621643561885
0.014144275238464017
0.06987695846884814
0.34976329346469753
0.024236427454052863
0.03248253710313283
0.08793775485058608
0.04462274318281371
0.004826662437056491
0.01177667044524234
0.009759528005930499
0.02263946754978696
0.9724298016348143
0.020449425301772992
0.02132158538066458
0.014895069568097198
0.031011468708592015
0.001655095842289216
0.04827154865342729
0.004143559778976211
0.09405583465489649
0.0008156478370462266
0.20916751430358257
0.003441184604264422
0.0035113974095625938
0.005948532879379612
0.044779163513654664
0.008465258225897757
0.02871305282080517
0.016171495940469113
0.006613655210380138
0.960293786482486
0.01587415502705762
0.08333049608936435
0.03256336883219392
0.012854877095997037
0.05162592970736474
0.0015294014492975433
0.01989618654601884
0.025346021622831453
0.036347433587035766
0.01204405991205314
0.028135986858830425
0.04309501762806124
0.9442016437378572
0.06808709228673537
0.03127105798368635
0.024217783686260368
0.03491544344597758
0.07680223314476502
0.03518811523204127
0.018375166250532007
0.03906671623125541
0.04490169933899784
0.21599841544949375
0.3854284475575429
0.008503073219449271
0.10302024536480947
0.02686314297846208
0.1744848282746616
0.4023273353423734
0.017187052214836317
0.9835534806031491
0.08063617373147099
0.12172773260556997
0.012261545128343892
0.06875565023270816
0.059950109521758284
0.06377126634674239
0.023816791415463296
0.040027549317697114
0.024194485340720735
0.11119874858586463
0.02624479193886711
0.006827843635197665
0.023874788464725367
0.03783418021284091
0.01135149728482552
0.16524023629267062
0.03479863926586573
0.0071000798642694716
0.002968784436032398
0.16739647966295249
0.024816112111257494
0.016653775718601917
0.0008376287110810788
0.0960437911736916
0.012434112048649821
0.05691738830268973
0.05585090973397031
0.012850625255770543
0.09919864099467056
0.11742697331863346
0.3866965090092553
0.02933581188467432
0.02098507309314755
0.016245215649364406
0.029805794043254317
0.05623998971012295
0.0012791197249681914
0.0018610455443639265
0.9575014240153048
0.023378724616605354
0.7455594887635602
0.07847307224656565
0.0021169928774540415
0.0507180997856642
0.9814536325505044
0.028918480414130046
0.04535829816888725
0.015323235622391376
0.019092614639275637
0.007782473494352321
0.0041309811826124665
0.05637194653604257
0.021622600222709516
0.056427439224841884
0.08984977099607618
0.10147015236983677
0.016777607831541114
0.08436552069839666
0.6533801995887214
0.022415639010785037
0.0279620951061383
0.032965659404865004
0.03446048099129023
0.9827414478752644
0.964975172239738
0.0008144755473906367
0.11103172589908059
0.0244764276412428
0.199590224689329
0.04182434424516537
0.02680763097242636
0.005278801992376363
0.011691311318264935
0.026435398416000132
0.1763375028316943
0.013315228458419783
0.9633415854024081
0.014119320991376146
0.07237676420307212
0.16470054100817738
0.0075184330166576455
0.11959827451166764
0.02049802146916458
0.11076984611905334
0.1580050435010664
0.0030797725710209663
0.01628510272927055
0.053206324234804175
0.3387084613623791
0.016091236778304152
0.004563473164003962
0.020932422836588693
0.9288214141734601
0.029191691740316966
0.0051909028194393
0.6786229245431387
0.005642132725182069
0.006859848993535328
0.06931562341269841
0.987537827227229
0.008145573907866323
0.2634367004711925
0.3234963326533253
0.019829883497580136
0.04616986914381408
0.2646266079777627
0.053971823353949226
0.037993198568534677
0.10229689176114545
0.010383522370092864
0.008693297382873093
0.002252119390467143
0.012605917961355557
0.11560535783811861
0.15562341556221765
0.034104196284650376
0.10511797820653823
0.9741908350234288
0.073389190762142
0.03107470529738282
0.07375227681597062
0.0030603879848678977
0.03578110129426192
0.10703786370356061
0.05270924683550368
0.13653100834165158
0.013347794153883352
0.11095087839388146
0.009428132698245372
0.22325551468614643
0.0711275457166074
0.00610576144559548
0.004721844306587041
0.003017883566950506
0.11201889302726363
0.08573800102847476
0.006751807604727037
0.023950176471708086
0.9429579768598274
0.028638309518184676
0.14230719305001174
0.02302230854248819
0.006986712048462539
0.015128994163293196
0.06478023256162681
0.022659091662397313
0.13929719766492105
0.021195627611384958
0.9760572465105402
0.07402443236991425
0.024876304543427985
0.06356772686582292
0.022220496399260256
0.007247550320218808
0.2746073919183405
0.14251994287678166
0.9821531712706948
0.03893837337972825
0.8184861218989576
0.11483403455807538
0.006702988115142207
0.0033509477392336417
0.004010109878293374
0.007892331609709268
0.021966194135739737
0.33194235375007924
0.0115878007136836
0.020646114210382246
0.0024185998431628672
0.04768548421327642
0.08955112765990376
0.1292020967762535
0.0338573488057069
0.016995992422707783
0.02319570907939091
0.9098563520781351
0.032945901668154316
0.9800067143363335
0.011365993625199144
0.5177301488000859
0.03892099030918196
0.012269040037830005
0.029862296009485662
0.027733504242802305
0.299854426366244
0.04950469212735405
0.022291189991306855
0.36558829850950875
0.02792279014981525
0.010351748078490803
0.051551170772817574
0.011655495096895018
0.1914676844609733
0.11245357164624745
0.037865763666029624
0.025183195157575024
0.48280760385227167
0.010456527513878981
0.004366718214870821
0.02088665374464841
0.05996265946859054
0.002103617146137437
0.022588022780413705
0.028173047700894835
0.009183837885641928
0.01114299730836138
0.035130261515441824
0.12841781587174803
0.009821626205173269
0.02410624082502608
0.008590545426243185
0.06886446474257168
0.012003036253933548
0.026197616922384127
0.004539440558957631
0.01926892062090783
0.023607276481679398
0.06021305567416045
0.02727990421136315
0.023905423621708145
0.03944487625286059
0.9757571719051293
0.02586785617740908
0.007673924434445176
0.13223216300813462
0.012586169805702381
0.007946640450530685
0.009640304767813851
0.00999222535926593
0.02302230854248819
0.013019490234017043
0.04882298605183562
0.0470655582118862
0.05308375341667012
0.08354064517904175
0.9892207160399531
0.03192027013372741
0.9604730578591358
0.05270118768374507
0.0021826539156830304
0.016826663217752065
0.2901616397634627
0.003019210373969149
0.05076529252704951
0.2446692706421134
0.9572397131920447
0.24270670064392294
0.04153841309871687
0.05870983219323733
0.043397830562139104
0.006470494308281446
0.018282623086028352
0.006373633337195251
0.013050019356552343
0.01164309917432087
0.006936482400469709
0.023529331300643667
0.2061344867798681
0.010122428282508531
0.8805497228900375
0.004449305272372283
0.16606535746258125
0.052696924261201594
0.030178059378358976
0.008654053040182446
0.04425441000843257
0.00772900884896692
0.11528304748073691
0.9785380022994193
0.010686590027652307
0.005735772607682345
0.007191695332357109
0.07807152075448899
0.006083903444801898
0.0028995821654071723
0.04799440987053979
0.02325057563543418
0.006442901769972958
0.04767490512799621
0.9803104895455969
0.06981711811062533
0.07699986412886187
0.006197730117303021
0.05904668263195242
0.02204978924782418
0.11108741718494602
0.07699465391763181
0.033161642325468206
0.003752235333457908
0.02786943327478566
0.019220090592834634
0.009163767593306737
0.01923651804324804
0.012419126480124104
0.0027307425849721675
0.006615889301658659
0.02246696259029269
0.017653703655492427
0.018996711278457312
0.009186356798137696
0.05587330881883041
0.010877678115501195
0.02341110239075007
0.02581875323446301
0.018304246158354225
0.06876097626444012
0.014790596009269522
0.0018314384363621366
0.049934806672540764
0.02774743279504973
0.40127350551167074
0.02324541029298921
0.0013012300542225587
0.019329148504864578
0.753451814892262
0.016972985526493237
0.047914965183414746
0.007681919166059922
0.009075092843451383
0.0013747143398107381
0.04793719156711029
0.033937743481080404
0.007482271439379943
0.01754023945219512
0.0018190706192191804
0.14013413615043557
0.04414764020278566
0.033634939090054244
0.1285899613640135
0.03566918266698936
0.039458547017699144
0.11137488012556178
0.045711604272334776
0.9604699966679308
0.030606018120992545
0.08891411091808231
0.9614322174368858
0.0017603521086515007
0.010108008889754288
0.055364341091362484
0.9705183165983584
0.02118309595738354
0.03314750957185137
0.006677067770274969
0.0054258229185502015
0.010291026472104616
0.0024068794747025206
0.0030383451652570676
0.03117125411721644
0.05238162364494475
0.9080101843960008
0.09438575325105782
0.019736734202401202
0.01609980702913784
0.03142999081811961
0.11818355207392452
0.9597409513818927
0.011061243161797381
0.14800345702625511
0.029916701772962375
0.02783235981362661
0.00669199841591111
0.21586446737171794
0.06907169215245298
0.012657455321685137
0.04341802338181929
0.06449897657201278
0.002009735840655404
0.04494235982707717
0.069539994163216
0.012623007647576219
0.010057844958524841
0.08887993197293603
0.033633829940010816
0.009729402294355663
0.04559949737633562
0.04177929261661617
0.03157529835466696
0.3189940966786903
0.024149757001788192
0.16687799510139695
0.0017064374058183365
0.01951426126128632
0.01782064157969583
0.0011073714089021131
0.9812872093158271
0.950726693735601
0.02455426282085157
0.04381430845246679
0.0384330444540184
0.03767260820493848
0.021295527958103577
0.01588544401928375
0.12418312054929495
0.01446887409548167
0.018159239194521615
0.5917806823625893
0.010660958970904964
0.951990018657546
0.015060423270737531
0.03223498902218222
0.9643125815952053
0.06390206275221025
0.8816556444292858
0.08865632922201383
0.05405114540710631
0.008107069598436625
0.013051507931503096
0.10820519761192578
0.015665325493507493
0.04215962565711564
0.055755727808375795
0.12013874823504493
0.03791917110285518
0.22117105351770244
0.02405961643802026
0.020102788309556797
0.9833869056201974
0.016879612271811263
0.9652869158212185
0.030047567309401054
0.9402232793373361
0.004328078655794048
0.008012246861173113
0.03682390926014376
0.033328379947387125
0.04647358902039082
0.08171444388731541
0.1338751681609757
0.043372538057451636
0.002547343247795626
0.0051224291824793974
0.07976382529907462
0.010032878660224454
0.014706712985785957
0.008627177144341941
0.03874211177088472
0.9666759100423709
0.09775260108330643
0.9500635896958439
0.061495895893650745
0.06984795637601542
0.8912694145041276
0.1694749658882399
0.08205946119347646
0.31883163905670375
0.0098652989123931
0.9705359055824627
0.018340602860461106
0.018499513811346468
0.08213396714883266
0.0054413437053974206
0.015438251993360809
0.0224954864910223
0.04263112653593952
0.21754054794623148
0.013562368885411227
0.7413811073778763
0.0019285696709752595
0.00388306025516906
0.03574858082543405
0.016976641605550964
0.015530109699342948
0.004783482864848222
0.024085004288443335
0.013200879218726397
0.013651656334529553
0.9138419204647122
0.10687908955689279
0.049773937375316255
0.9838407808430153
0.9731057391039246
0.05458964126426785
0.004671445808183207
0.062020944190842725
0.019095534740657387
0.001447548470869268
0.9560336944638567
0.07699031593986669
0.009974069475401613
0.13594713742577041
0.07809463920266659
0.01489479361442138
0.955417920748556
0.01906331069885014
0.002340061278511665
0.012199690023339507
0.020797443933116718
0.12950959014555882
0.010377254662748477
0.1766539292989621
0.9591691147162087
0.9876460779362266
0.028423746473016678
0.011804467046445284
0.25395557824901976
0.013315163872638857
0.027119732836184234
0.020436251269798054
0.024271504914231298
0.017706309764300602
0.04589547176681572
0.04329556625425934
0.05529898163274557
0.028829522134382172
0.04251658327504733
0.012878509537866586
0.9060619376682443
0.02044899855466128
0.028207054998010593
0.04464087237701008
0.016411485659661593
0.0485046310629555
0.011617533941572236
0.06958150494440914
0.9812863559279799
0.002318933481439384
0.02555051252569996
0.03756038908419343
0.014237259792224396
0.9274719539803651
0.13631886176008584
0.9817222075349907
0.9861356220077492
0.008993267350630926
0.2521731188094974
0.02413982431201598
0.05228411685988171
0.04658764140684981
0.010201682067176504
0.0020109185695800467
0.01244767168257199
0.019110439336080698
0.9719006792101382
0.012661558910078797
0.03531512814862612
0.009611508405398567
0.002663685863096608
0.005809351945616427
0.024442195065655772
0.02573513712053026
0.0774983731866007
0.01752083668097351
0.010508523862576604
0.0138580872374031
0.9504256731730708
0.024692403760529842
0.004125278394761839
0.01664491483716966
0.09106945067570661
0.018479643083663302
0.08728119131411043
0.021223533003901396
0.02680572009927851
0.017032506252916985
0.0018832940983098915
0.15986925716449105
0.022396094372153747
0.020566070157650627
0.1283308858963541
0.9486546683934389
0.04639437019518395
0.04192459561979936
0.009470367495633656
0.3871587092936483
0.010863569684296791
0.015206471945118687
0.06564478632759924
0.004265704590217851
0.06441593823977763
0.02719282441498323
0.007557652490882628
0.01722268622124719
0.9914152245154376
0.2945384775970971
0.02225495405350849
0.9844583444947098
0.01738335753125801
0.009611572794912612
0.022132094676049333
0.9593713165125967
0.0294450091126016
0.29363760302887887
0.8324240253915973
0.9697889500908674
0.039400633093755556
0.003659834661394495
0.04310946832520946
0.029397502125845423
0.17871643413206414
0.009146981912743175
0.2055204011088251
0.07750334908096
0.022630665954678386
0.02887419084129224
0.02887116067989259
0.024000338974090644
0.0800433204619124
0.03460816910542651
0.040413011690462006
0.015743356198580832
0.01302918656956409
0.04292532803048976
0.9736935198721364
0.9933112382777085
0.0012616302502757378
0.2912170165701066
0.021328975362569516
0.09550710035532575
0.0686852230378131
0.10474747354727858
0.05430509691471938
0.031729041143499906
0.0051143754918577715
0.4388638165192311
0.025721650897762863
0.01740504136783509
0.05100921989762735
0.9743477915068715
0.07011897052394643
0.010783692728942283
0.1569186279028441
0.020432659734119292
0.0348939414710885
0.004956644390251688
0.10743931115882123
0.013833875924974494
0.9733227083029247
0.02884628129695141
0.6002328720633415
0.033856842520613925
0.01704748604514853
0.02526196468263261
0.23137889724864658
0.08228567290637677
0.010773016692114222
0.14619587290678765
0.011269143841973982
0.013329859881678958
0.024366328573428186
0.117542755177972
0.9752060123516632
0.07197845796164405
0.09971849327305625
0.18122459386586554
0.03844078270292734
0.01799690587514529
0.07996551054675168
0.01892588211085937
0.006491005566287754
0.04211382644032598
0.10911517584881648
0.009098392506035564
0.019990737807742024
0.029587214599829836
0.2689223514833906
0.07275866707649417
0.024919276419759356
0.004603092725988745
0.051581920490420555
0.07417217617637817
0.028831919049762192
0.024434768672184453
0.00360848482149497
0.08553181673922558
0.011730344904748481
0.029322467955690396
0.0387498458109978
0.0022170870561385885
0.05126087824003935
0.007934062634224484
0.027318497678834465
0.011650112472691819
0.04673628149746741
0.05010435302294502
0.012930935518161728
0.002180178673586309
0.9671967808710084
0.015240968265673033
0.04858179452040892
0.020758700299678606
0.8959907636057145
0.09807003336286155
0.018644626372595438
0.012794231648469157
0.004721844306587041
0.024329481778018275
0.0016746178152437544
0.03213588523416411
0.9648833172223427
0.006252236674315237
0.06362516312658892
0.009465761201698598
0.09073102005937497
0.03212512235844676
0.15943914213771482
0.06262463976601776
0.004591921443687354
0.023568641389863934
0.15836652426355924
0.051479162728049095
0.043896732432367525
0.012778327756697828
0.3614654369420624
0.0108485564270822
0.7800216175194064
0.1226834413394023
0.05939958472884794
0.02066024485144445
0.01790833249049173
0.06134966026819235
0.01745420021179679
0.016438695728867303
0.040744367909458935
0.00466228337904461
0.015107386889062676
0.1133507217475482
0.131242687102467
0.029308426908907226
0.016065517202956108
0.011343882212005519
0.022080242007175413
0.010364127972268955
0.01819912765714852
0.9837418707437761
0.06801013060920055
0.9896429497421343
0.05756566140932712
0.03929937825019132
0.017346282676630465
0.1791624981478236
0.11207583626934307
0.962065448212726
0.11234262635222111
0.019056176869783992
0.019226871383928607
0.22264610231703919
0.026057908375562266
0.05536559578046676
0.18236530102441428
0.0538588917416453
0.060328135321628854
0.015576475962915393
0.01219902862920875
0.024571314011566342
0.03094018237607425
0.02923231462368734
0.004717542741931727
0.035407143487601496
0.9857781179757952
0.027258536101790697
0.13366541488459938
0.11553715758772042
0.9613712744039636
0.03197609280949089
0.012690148487740817
0.04081271836796119
0.08157674774916332
0.03396685250452085
0.11150225072926663
0.050179597636422955
0.04871325775015389
0.8944219418153003
0.03759409274177775
0.01642234662822684
0.006953433010093715
0.006713034560515345
0.0708351774891813
0.015766335276761537
0.01442913783641294
0.09726085742020359
0.02300604073296764
0.008721377629715314
0.045865140270827574
0.008356851499021257
0.365339280653924
0.04960510869990103
0.037306993939950094
0.9600319326993043
0.027258312065824155
0.11249249251446335
0.06804684846420894
0.10514681789420202
0.9548193115804521
0.012115819723341586
0.02648119011818635
0.007787758594673616
0.00463126921827557
0.007692632838715333
0.009581244469453966
0.03993075145585293
0.011578685624775573
0.013844960689961845
0.010405957143072886
0.015788875439101773
0.017947617478990024
0.03615231048374274
0.008302894203477832
0.050627332327104965
0.12245508070009119
0.7988902775394624
0.004393018253412565
0.014256177243958019
0.014714682770455031
0.022779873855124085
0.01869093622659113
0.12296233244404915
0.0020544492694680124
0.94129094891992
0.003207168057268327
0.015763778774711044
0.3362432830243065
0.005466024144457422
0.008555482783308692
0.05022203834660842
0.9564113874887415
0.015480990531547788
0.06186449931304056
0.0193821050540111
0.13475385293474157
0.17333558596641302
0.009442853971285291
0.1770789650356356
0.0019975865804608283
0.058202931209976126
0.02161510460307419
0.03598064478334547
0.008031601183974557
0.003387315151619455
0.8472453249966552
0.026301428475611927
0.003130347018774305
0.07225072547050725
0.010984557412273749
0.03942994347276355
0.12924585682968776
0.03271421116408967
0.004134364960224833
0.13970239292658707
0.10934605366030863
0.9038919097776192
0.8644161687013979
0.025106836318348338
0.06076259059953203
0.07120736271936
0.03338990157563047
0.8476597034289927
0.1898201447033966
0.09578618008110341
0.9457908150453201
0.09810980794943322
0.9521063989907714
0.11024852386742877
0.3707518012242461
0.014529197321705352
0.772133919435957
0.008080504106358662
0.05298483012914579
0.11984378406767796
0.01260958553011479
0.007222919219477395
0.05154094650852371
0.006376552305947956
0.06065340722175098
0.011825887316392676
0.05206844549885192
0.12691066984193403
0.9839588263501243
0.021686849561190616
0.21629929905232367
0.9743251255758594
0.020920971044419125
0.03473199089167496
0.11303553321186899
0.004283723330449219
0.0036649849072489765
0.010104260689946751
0.18554194822049308
0.0811535220054193
0.002491074463141997
0.03569646602199893
0.003069259168610003
0.07270875691090643
0.019152878762552193
0.3554921151517014
0.037482669535176615
0.01755946973710376
0.006868128476146509
0.010282019565358246
0.0060088506952720114
0.1400185635715408
0.1414971216700354
0.06229252778243245
0.08411610455893768
0.07396696784283409
0.01656232901561551
0.01025848547821352
0.3337998493727087
0.2512573545186069
0.24202805523799711
0.08640272505914798
0.0032499499960971148
0.05986582873818971
0.0009408638873944545
0.005780979963004076
0.014161349285366803
0.017264159455227582
0.24020287574275942
0.00479139925106565
0.0020134979509709725
0.019628251084145894
0.10409325778892065
0.011034632366570266
0.004459892445062808
0.0650247701437163
0.0026487944631091273
0.30309453561752514
0.05226968920315122
0.025986349604215593
0.0557803628846592
0.09640835704718534
0.13439086611002757
0.06664274125707412
0.03064679044103855
0.07717162318446456
0.0017474011257725603
0.057638490954947386
0.01771177211688262
0.00923775112348085
0.13313479887432297
0.04075066752375013
0.00068582393502578
0.016677952182273914
0.030274543192006023
0.29259901843746994
0.007296246005587227
0.001284586181076185
0.03724145834959785
0.015559215981717337
0.021736193954886473
0.03984061158942379
0.982635089739957
0.00940809467486915
0.09373771407819331
0.0496342315547033
0.0015123758800799753
0.06856757252331507
0.02393345416804822
0.035881453546378
0.017811949460163377
0.06626310170670979
0.0019502525295134307
0.020797547634728984
0.9955396937876417
0.009538319995747394
0.0094257562349014
0.013263038045495758
0.010379996009952366
0.03807837853804446
0.19853842338870847
0.9307912520917111
0.01596436621311886
0.003238804731919141
0.047157215524316336
0.9722904726062359
0.025975457210946185
0.031545828936040306
0.004314372462291644
0.10963359525131332
0.012914848392965491
0.9254800944007032
0.013117364814308214
0.02643330093438072
0.012546239901273366
0.022860362607975193
0.034651672725237656
0.05995178037005186
0.15334456581116593
0.02404417971765127
0.961082637525992
0.042193702351304124
0.013659133433200297
0.05577717930655732
0.1919673604515671
0.03921848117257229
0.0578222322330881
0.9698437776306642
0.016727242674748493
0.017486012342353526
0.9570990494259853
0.988020950525503
0.1063855929472554
0.9680400743626194
0.24883535426580594
0.04166570592484533
0.9932126396488167
0.020058766154530602
0.0067040829842314595
0.06374681071969282
0.06207466252891763
0.010260756988327258
0.01907609470217783
0.0188267261414962
0.032290437718985675
0.06629239695718062
0.020489444016066265
0.10366276200364802
0.022380827054177845
0.4337957058358434
0.010215014888248306
0.02030356592984905
0.03206601526792238
0.018010079552260045
0.09063438191228702
0.9311138243646015
0.04679633481206228
0.007868708096939835
0.2989314339752652
0.08472127631009406
0.01478842961123723
0.002377473774457283
0.008442534046513616
0.9854386936008868
0.011010458770403122
0.048175990030625435
0.020289499080977845
0.013300237494856308
0.9752779366050753
0.019031535777286782
0.0422877970800795
0.07285051974164954
0.09275300861509193
0.300378710535457
0.9432195263155282
0.0068029921079928455
0.04294390799349273
0.021586475364021678
0.1060920850214338
0.005383383457511602
0.537191610528759
0.09031552874982715
0.0013478386910500254
0.23428603334509654
0.06389061625702068
0.030019129097072043
0.01225775401888611
0.0714261500247917
0.019956296549192697
0.029455221414530223
0.2194574167758701
0.017401380215756903
0.02214280943539711
0.026819598045628838
0.0033686595961480124
0.011345978447546683
0.03994892226829716
0.025068379262215827
0.032750095335216535
0.10989504696545088
0.0025470680178339027
0.03862210053031351
0.10840824592731349
0.0021578249208538203
0.976671497690429
0.010018267997416742
0.017490224460085836
0.05972998069228722
0.04004522361147995
0.028666130745960233
0.01411882985298238
0.9640009529347672
0.018985323425291138
0.007833150884954622
0.12633573734263492
0.013707464051889698
0.00206158862978729
0.014821776633769478
0.11855647282105156
0.9714924052801974
0.185710979665685
0.018038477793429056
0.08058965233681391
0.01245419620636463
0.9755793114208666
0.019890010230174726
0.0014561968325090217
0.008161470890871408
0.9680974723295578
0.01554020287194589
0.02709584388052967
0.013187810305127402
0.9942341907699747
0.039915085942985755
0.013385016592315398
0.033408911406892845
0.025997369973228414
0.010272562478080978
0.004187190589014259
0.026650408982274828
0.010589865390009811
0.11857392671552439
0.07412726608352799
0.004437983057826375
0.0029137379174042325
0.025309795873957017
0.0015101079807037965
0.048276904952204595
0.05670712356712555
0.0162532516050959
0.22161789913029595
0.008431838967403106
0.03087594051353987
0.012620888575380998
0.017055363588168893
0.08423081850960387
0.011438785590104725
0.003269459311847969
0.023003307263309417
0.07075214398581146
0.005085911936049912
0.08567771653072144
0.010691210529674002
0.8866407954045081
0.10324198397827371
0.012167899580878962
0.0340244795964724
0.018091938396964748
0.014235157783497288
0.00176100746817756
0.009225320114936094
0.06873280735057179
0.043035404024143464
0.031071871196510607
0.06971371174176444
0.013750909986440265
0.02252182836351901
0.02993472034407661
0.0186213538603752
0.22100927697784867
0.17892061394224956
0.006012974120069211
0.10375586400752684
0.004707832213925163
0.39680535675483464
0.01642690026997862
0.00864111794146665
0.003192677485680023
0.024225436884838202
0.04946124472411899
0.18192852613040214
0.9646311993563729
0.03969257970778791
0.0027050295753398733
0.06206572586229804
0.005173314187672081
0.007535140405624158
0.008906823310800067
0.02852878949159704
0.04007441179916488
0.007297802112817827
0.012903313833477535
0.06106831424936885
0.19761630795344143
0.015161449942537333
0.017810955506292747
0.9166854472250465
0.027975453919927624
0.29165336524468727
0.015592565407006943
0.034193030018895475
0.005753887385133766
0.008184475978295549
0.05719458094999452
0.0499173994049843
0.0476050908278094
0.028247701229578176
0.9282840447462583
0.05264349648283513
0.021464019704565292
0.08829589543940158
0.03920169100816688
0.1228069350744172
0.006051617517528293
0.07211424922491065
0.10330537560901881
0.022034908908636144
0.011987101083855131
0.005051390574798035
0.12384189659360878
0.19211976449356416
0.021636816043035207
0.0014202295571200446
0.967048900978822
0.02207000685628046
0.03324550936849445
0.05403200919254485
0.005398780739938961
0.009282864844136837
0.022530579407107346
0.011486119253652111
0.03468565934579286
0.0765347950016958
0.06102196352625389
0.005632566608093027
0.866105524937457
0.9537216883681745
0.010333241300921062
0.017196177712546282
0.016868618326900512
0.05396067973706848
0.0584785026664317
0.04029800586266
0.007190005445886985
0.02274916101786126
0.11964965444971863
0.03421405869736769
0.002860070584610134
0.0462143204384049
0.007239814071793539
0.011345420490131356
0.02332382173457852
0.1231396606789032
0.3600184804401434
0.04435181219186093
0.9720282884504332
0.02450646337272007
0.050884146805107895
0.30308162600243255
0.005953357284059316
0.012789710844081927
0.002712761207697785
0.0179511876308941
0.9772823373542906
0.03736168718730479
0.02561231974760385
0.1264974556496425
0.01998790063911466
0.13163453791778604
0.14226525409197951
0.023825020919006623
0.06589914331325049
0.9860632628908462
0.0014417466497545807
0.040170324960269864
0.0030867548008225794
0.012264912842497373
0.0013330690441772468
0.04872967396577549
0.06939810453044153
0.1645310161707516
0.05169497412500985
0.9781024058350586
0.15224547054417267
0.016528282902030605
0.014034402934493496
0.07088246114908373
0.7045207004886791
0.9710180819827068
0.01616790130842364
0.004669772038079462
0.12053056489036108
0.028058862734240096
0.05915049921345937
0.04657948843005863
0.04761172651465053
0.016414918719879962
0.003466479938596034
0.08366195941012478
0.935564018890551
0.013288471574687492
0.05755333529349968
0.8252298414960468
0.014333647071620357
0.03761346878493577
0.02740488060879872
0.009602656420819495
0.06495176455392093
0.004827287805099983
0.024806596324044954
0.046218375176795695
0.07809809939233411
0.018948331314613993
0.0796332549314729
0.1007569289738476
0.025995032990554532
0.9654194549299229
0.011735283323264846
0.02630329144113745
0.049319819345536454
0.09039257402931256
0.023971363872641482
0.038232893706511735
0.2288222292727225
0.009790987015721264
0.9224201321594486
0.06775705703762598
0.0077889865671842
0.02156492885977845
0.0060688505379600756
0.03754120097157301
0.008511862459363164
0.9384535176297518
0.05602816121252754
0.14385176498807678
0.001665219300955472
0.08108539480946296
0.02297878555288134
0.004327673159128336
0.9296172521657978
0.011170309731455653
0.016924009323528885
0.9582705476464006
0.04806455263946872
0.004832228714157305
0.9875717209945836
0.005039522965916216
0.9632360762548903
0.019307400961322004
0.02215452444428283
0.1275290079168309
0.0061915656186028525
0.002071910381803831
0.03583253318662748
0.05971332640998843
0.4638807406853253
0.0034367628417666944
0.09392095499685224
0.0025604403023668587
0.08962594398617363
0.028268259357357252
0.010382113618664453
0.025868684908927173
0.011041208182016553
0.057789701028608725
0.04801403998213702
0.029212623346414078
0.1174687499000858
0.9609186234965044
0.17731661961661116
0.001253327590611874
0.010349874462985503
0.04212330729914896
0.002268021108478198
0.02384579879133455
0.03232875011885481
0.014667061416487118
0.15534255602437597
0.010898466298533555
0.01214119740905696
0.06856295560765178
0.2206482626909921
0.022071733149222332
0.016390331396881137
0.0011060822262182173
0.010935069376739092
0.022474319146134913
0.01635281353942724
0.11321872111467203
0.04242473273086486
0.0011967403126065931
0.07272149903254142
0.055162744949667074
0.016559216308568093
0.9799679920927007
0.01230801797663731
0.007492524258461781
0.016295522539226618
0.03796236148767392
0.014697615796357913
0.7283254598606107
0.6542228119707041
0.012171897885299788
0.1139778288549859
0.012945361781603798
0.008977899373727546
0.044513152347678234
0.02675601085240373
0.0303801387769754
0.007779440898404646
0.9814602096371329
0.01727812981633261
0.05952267134056683
0.09016838247885368
0.0682614345315978
0.03539017650249081
0.9642372039200336
0.02632591916482859
0.04307889739176187
0.004666667909205583
0.008338621281266332
0.07461212195773226
0.9743593609634201
0.12954244677955476
0.008028027617758593
0.040335435499170624
0.026029606112585528
0.16558593446822006
0.008019545312344018
0.9507428630119302
0.007945819661861165
0.004848059099770095
0.056907356695398835
0.09889920089151141
0.09021392276486824
0.04370081595213653
0.039174481907982735
0.007521293735044206
0.09297179628544121
0.8100626683371744
0.06958480972298571
0.01819145278777265
0.12122873660369057
0.3977689545225556
0.04689545279160375
0.06270804974085174
0.024905445897734368
0.05135290483804592
0.03622881093335102
0.024039987321799426
0.33235090179940646
0.03238833901925075
0.013230081576260731
0.0551371191844793
0.025093581073268364
0.05184652595869789
0.002190569988798464
0.016859354891530315
0.023534040479042843
0.018531463855455406
0.1534446764893788
0.0014953981968087366
0.07199382718626253
0.03211150740652005
0.09859191550388323
0.008776746276716678
0.15751593012917228
0.0929884338136077
0.1784822610860047
0.12189752570094296
0.02712694626874115
0.021386284526904574
0.017126461107556938
0.03163831000759427
0.025369176434102303
0.25654199352619067
0.021594874702674526
0.8338377187774765
0.09212913198228197
0.4312957551740259
0.02987270953413497
0.0669880421365564
0.022170970491096682
0.01758269048151717
0.023902069336722512
0.9665554008909085
0.003050622201024312
0.052861752732976816
0.09843448029346019
0.34043518716232035
0.0020191565106031035
0.00891660596864182
0.030885292922002518
0.031919968812308686
0.9142476808653642
0.01834957012820051
0.032918313080338706
0.013562575548052071
0.9123304460153013
0.009387246097294449
0.02817242149075863
0.01141906148024747
0.003277349659953833
0.08668049046075871
0.03160966947173494
0.9749267852860964
0.01933518385347349
0.30242662800679365
0.025104858265587112
0.002457233449896186
0.03215107516659923
0.2564862710119286
0.022286704984308535
0.0068413614021355105
0.010418829276241964
0.010617214745905632
0.09970224783418409
0.0020314232567258442
0.2637890294987029
0.13104222035763857
0.08194501650896457
0.9601202062783225
0.02311684841170232
0.02571956327179544
0.9446575264276101
0.018580848081724968
0.013114161363922038
0.07823225488030218
0.015120453288587748
0.10902538523477846
0.02424736629712055
0.15030125186024607
0.007873739640173513
0.04672050632766483
0.9723882794458727
0.04667614443620625
0.023397723762362488
0.014902249578158422
0.001320156938034318
0.9387211988296936
0.23635429934433277
0.12111750504038174
0.9803174671484614
0.18803389573831886
0.006741246214254622
0.49424361435715203
0.012195519792206715
0.053565032941067514
0.005874401943575577
0.05125985998890302
0.8889051508023668
0.00522399492338731
0.027314046736506486
0.02015756491398574
0.07586160623127391
0.3431616088721169
0.015871961709799036
0.07266277233479977
0.04495381090764772
0.06841792414914374
0.01754081415469495
0.0056314529515070775
0.041909278711094546
0.0020123660891678656
0.9886272371932532
0.1323557344935216
0.1613670013980262
0.011106214884856505
0.014886135081421817
0.11457177224408745
0.03442344512728749
0.8343704066909018
0.01797080885673518
0.025909266903645492
0.0055426337801807125
0.019830862775493993
0.09432812155397932
0.05194178858688695
0.03536723018927324
0.0018469671785844555
0.45659863294844066
0.006336652989290889
0.07254585265076705
0.028033366458692262
0.030079460220265253
0.027099738139321147
0.049018780213594126
0.07620842824899715
0.02588699796502397
0.04306212862675607
0.020434369894335183
0.07865486502851413
0.7471500338846738
0.029286142843868455
0.9682837201758605
0.017591138314695675
0.9668634090676538
0.06809029217291238
0.001287908782998298
0.18684045732426166
0.12180408184588808
0.042195954584216246
0.1405907734544494
0.06875518922360918
0.07466747309512863
0.030110483543293844
0.0021129443606020225
0.01670973408415363
0.02343925794244833
0.20711723630649553
0.027380631958639726
0.004875682962057351
0.038131355368609926
0.0042352701411300046
0.06327728819671728
0.04113383971158804
0.026004749694739492
0.08273475305925372
0.05275320916273528
0.9606571807040377
0.02763225210994351
0.013179145143672046
0.01585762616762621
0.03268098100477861
0.009188298849839316
0.011284594305674057
0.05238329240153879
0.05691067834249752
0.015870047955906998
0.006611806770401863
0.01907095149100088
0.047629723121902
0.0607537992967885
0.009879074021278881
0.012526998726487637
0.020645046691556757
0.012829787944566394
0.10512959525596505
0.009914206663544187
0.9950949579464302
0.0044847384408187
0.014592061727610866
0.11665095208218144
0.09171355504481322
0.06570829164106688
0.01586750765460079
0.019663079802998768
0.017839351213926238
0.034384413999329386
0.06107156982829597
0.05621132923217363
0.03160180408089878
0.0009502144369781419
0.010968582654546241
0.026220083309010735
0.9750989536112727
0.01245091728063129
0.8795090677027618
0.04606223636779403
0.0505946252175177
0.4308070771296671
0.009590765046760572
0.10134282933350539
0.03481843685993951
0.13692526537288
0.0757112197535369
0.13124776369526017
0.051954509745769824
0.07051933300558802
0.03674915221262341
0.9335230612496651
0.06897860444443314
0.01137935079425124
0.1969881949798623
0.059267933913712205
0.4166547924844559
0.01816349998634099
0.10902299496543395
0.9753507387956672
0.022327131815659162
0.944932521592524
0.028619070012559884
0.030574319083767454
0.0470119318380151
0.02706190902443125
0.5174932911769045
0.971177736508044
0.056656402976836065
0.10190215220035356
0.009569950800509172
0.012289862571899809
0.9234596516336881
0.19034535562698068
0.013912080856344213
0.009266908816634209
0.08423418322440239
0.002950635983463104
0.009175673815014275
0.04585713854554114
0.026898181518331336
0.017482850013251953
0.05465146398584029
0.4499831802215851
0.009373001840588337
0.06595350556599902
0.9880180320853218
0.17018534601346616
0.010209555556974404
0.04068648465022185
0.005049106522996943
0.027847278271171557
0.011048248055295641
0.27222375363238177
0.12506603936744737
0.02489429148537324
0.06815240969632164
0.02591658525551353
0.0026756789466235178
0.02906830694282002
0.9761296591591627
0.7767750525858882
0.010281172522523044
0.03328330959567561
0.012443330092469946
0.0030822347470330306
0.07556124831263086
0.056787018662551446
0.019001879947374494
0.12507000860833734
0.11977913308951929
0.04209172241832382
0.023123114764910198
0.007296246005587227
0.03623953558321694
0.2958626484051162
0.06414277148994661
0.019852974969404344
0.004762646924992739
0.9699095492772617
0.972439292597387
0.018614161901112102
0.040301309554720006
0.004170441239849787
0.9562568654744419
0.08299046176736571
0.9864834837056952
0.020339889525703828
0.0177563353240258
0.048756100074032596
0.006555017803838331
0.15158748639152708
0.03173259362078602
0.012483025078224222
0.02622215173948703
0.007561759177046301
0.969495192725381
0.050241775628408196
0.029632490221290966
0.1679749662614859
0.005074831928553826
0.026696347495529266
0.017523493994290686
0.9319142647472275
0.11303968771840653
0.1806030193394737
0.020582184106011012
0.10442801735103613
0.037110963739137234
0.07638720656871924
0.014757925522998294
0.11943530748931364
0.14000990335152497
0.034747983325944226
0.9801190446700128
0.14707628483751514
0.1790072230082764
0.02283140504487575
0.45986440182007293
0.9031428773821735
0.07102599522605854
0.001028621455836027
0.9506038409894807
0.02413674564292947
0.0064044057782926544
0.025622166510032435
0.20093306927804896
0.023247390532160236
0.023664401582728842
0.9382712502723257
0.003435890435600531
0.015130001274812876
0.9117494878308535
0.016760664379925516
0.05686634484232346
0.010137933394226742
0.08106679126689986
0.14786891338068794
0.9718261903048223
0.03308910700931576
0.017302372781280204
0.14894779541766628
0.9551393159529724
0.0032899217852948247
0.012829851181884686
0.0033278045983211896
0.03703119826721484
0.010388995369412787
0.013767665775460897
0.012423404769429236
0.02991428741024137
0.060494447329046463
0.03001916872416965
0.09930809343282015
0.016617865769931812
0.013588497007322882
0.027857822067557606
0.08194640258292392
0.06331452447814083
0.02992052762500794
0.9785488071851585
0.05314932382047061
0.004181465294266332
0.06793904927376056
0.07159799044938357
0.010510447562618413
0.12044628705834005
0.021283870171875215
0.06741121938688124
0.007856524311077466
0.01019206544105829
0.010414701419336167
0.08473778370112976
0.13810006366584693
0.05185577538017495
0.11317200162037296
0.277597443138842
0.03542445571418761
0.010939454656474796
0.04889449420044204
0.06532623248791786
0.8535020487915307
0.1068323397264467
0.02733443072786967
0.0231606249572898
0.0172327369207066
0.9463052864151119
0.9862882284976554
0.005047950362823041
0.010287377779943168
0.01816984141338419
0.028935539561652426
0.04290988968554871
0.02892356147861575
0.37071548545276695
0.022988350714764457
0.06993174604206609
0.9418002275149883
0.06945060107810137
0.04104450493612542
0.014045160766839874
0.1286954070893675
0.004999647978313138
0.021594630946665826
0.013612187167997355
0.028175014318523296
0.9661455729867795
0.06479849255417365
0.01745407687385092
0.042156183566087344
0.0715115903670442
0.008702104992488746
0.9548896974885726
0.2507951842669775
0.02633881288300194
0.012244837576886245
0.0024358100819652758
0.028963704503500234
0.03525288916437705
0.07042505857957163
0.9253112139157321
0.04611309200150452
0.0960393026868271
0.3739712193319796
0.018354535011819068
0.0051466389459700656
0.0007190902699532683
0.01018098361580189
0.9653073434108922
0.01224215211226787
0.02141003183361929
0.03665654297481662
0.016429221724180633
0.1588047738650128
0.024259922967539774
0.0689535417864717
0.13004498061807962
0.11491861139901914
0.038347875160445966
0.05652133096830058
0.0010565091013303167
0.012461308057972773
0.01438499286896447
0.9879593967606058
0.9744060847817086
0.015343959545643198
0.09728789912316645
0.050312059688415095
0.019138436503587312
0.012764990057909523
0.005932721537582934
0.05877505408863182
0.1323900952532605
0.10839296134552887
0.015606977236713481
0.01919135411674474
0.0327513411673506
0.03008203801440634
0.06234107400172186
0.9853782254987382
0.010077614061452281
0.011011313111331104
0.10131678358387637
0.05301864551939228
0.9711233301025537
0.037630330863738966
0.016686917429072762
0.018266365198471857
0.06925881306999766
0.11765032424456352
0.006630026981455849
0.0637010806665923
0.06709440511082986
0.48999686830768713
0.01842018805419962
0.07623896978210822
0.021030670699432544
0.0045799900678562926
0.03188594569730771
0.08735983830282978
0.015192571391051632
0.11844325319688989
0.057019839244648624
0.0193595439208112
0.9182780943122695
0.005855001182268501
0.011023452159156575
0.031674983395832614
0.0047887283193531974
0.06423126067451512
0.06409247478874734
0.02613431483386857
0.006836620563339726
0.05464461649774272
0.01779339221475978
0.021744622637640862
0.034729446664813424
0.11893871670421888
0.9673372669293219
0.0013606973648398618
0.020268150482313226
0.040876601932159556
0.5052764954489548
0.11479073012920377
0.0522396028126168
0.505651607304492
0.013886712214941858
0.953806111977869
0.24420372782614955
0.03900226666541977
0.014160295144710535
0.031744812595243276
0.9703967689036896
0.04885467188090002
0.033652955273478384
0.019418129428754594
0.004041282614087965
0.07321254466753976
0.022771924581129616
0.9643287952235043
0.946106675134089
0.9133134203508975
0.03605443501118406
0.025455985058633744
0.9137038002063143
0.02208438116306254
0.005195316285513419
0.17403359246041883
0.01939264560643542
0.22944327162901834
0.006738816441781741
0.032373273753330135
0.0035561655941405315
0.02864540578617204
0.12869114114368557
0.0314653910623771
0.9678840087179185
0.0029165014450543837
0.021976982064869404
0.9778594867199278
0.020568785364346576
0.9459786932824715
0.16578563922611553
0.0021217834368983356
0.009981409984040098
0.05224708871471617
0.14976294793640016
0.9714330452013455
0.01155849620755623
0.9664453099267095
0.00790642589798704
0.04521057543417027
0.1915543761785137
0.051908748207126765
0.02730892761937753
0.9209352381980929
0.5230883804585851
0.05203489899726451
0.03086105978331969
0.03729620052371001
0.022815319584098347
0.01712150142994791
0.12843905329949468
0.0029348329007585178
0.006027205401509928
0.1725606506458067
0.0349666066944774
0.0013114428337186407
0.9739705946740562
0.005628677289755755
0.0776840786817527
0.9573519223692835
0.004788597393818429
0.04146869451820204
0.005983888136891134
0.06813530938430719
0.9845690500432493
0.003752988383618708
0.009126893028271025
0.024152914050116266
0.9492010305617428
0.04639099822096579
0.03193704846442563
0.045912273961925994
0.009939200611350578
0.04803252141484584
0.008966281266103111
0.04132344358646169
0.2339200312030317
0.08299828670588277
0.9771460509888916
0.9870296752600871
0.046877900208602746
0.007613779779226191
0.05315885175501198
0.007599727097670612
0.010584244313327253
0.28205887993188994
0.8374929154841709
0.0032506744010794603
0.014143969795460164
0.03102598972132
0.006164439986883533
0.015476447138215704
0.030149406720624272
0.9767053916651608
0.011383010522244299
0.006577032514085054
0.9536245516116344
0.19548428787916333
0.058508958502719685
0.9778206481407257
0.02332382173457852
0.036073947344331496
0.031872097235487895
0.23105747092738457
0.07930387923090497
0.03421105211927425
0.02240078753464237
0.011207934645110156
0.9857570573093525
0.01209633798875739
0.0356336167201136
0.009049523346721218
0.08358772474499156
0.04002394137027241
0.9862846569271516
0.02270552513626021
0.12017381619418611
0.0335040804698579
0.045217723970682036
0.008236850496184576
0.011978467313792346
0.019140061214546342
0.029644228266197222
0.029395598718127497
0.0023572742056878087
0.9552490953244528
0.03163765553086628
0.9814913081114918
0.025720206337523244
0.01148390233328055
0.015178488633462417
0.017142601553207334
0.012029518091405152
0.02490528421092874
0.4338581468303312
0.09177670685650738
0.008363725687574205
0.9803025547290445
0.0035464979016290974
0.009830023490299378
0.049092616583270986
0.026536926190384048
0.02180188595239732
0.0063845336031353
0.9687783456131239
0.8188683099081903
0.008688508933048317
0.0038990550217585995
0.01588608167474878
0.04040989955693618
0.04357744513358023
0.9678884601093731
0.018103572154796174
0.9879642961284019
0.030046815627314476
0.1535244185529427
0.038952138738411864
0.1394221298389626
0.8807375703898587
0.031761656471725616
0.04393807621669769
0.03732573059076995
0.28432024674986295
0.3753632319329717
0.07163389421848403
0.01814417524277461
0.17517144257214104
0.011610598005053827
0.728502065825221
0.008727700799334917
0.06028854684559796
0.018338423514471704
0.0331190576057044
0.009877927415398582
0.022684143081684805
0.09314279337668874
0.021636805164286704
0.023373714165982967
0.0018590364228860171
0.9774503977820785
0.005932475452402556
0.011957127361682127
0.9132906385706289
0.032564822868150836
0.008145538098473567
0.020633335927416563
0.05664934521385068
0.005127475142594611
0.009290658547303748
0.021655107143669104
0.9653769201062486
0.01840419278517373
0.011012646993384207
0.013441798969231356
0.042299235223120464
0.9237356179254522
0.011319115443555508
0.07332115383188595
0.36765584231311876
0.049839841285629224
0.09722916961407993
0.12610334840002335
0.009868579893273053
0.9659292842537537
0.03395919438275584
0.9489559250231947
0.08137952366229109
0.04906995076075678
0.07920003906709618
0.9646362721329383
0.0030977901937876283
0.15556822053719202
0.008146552367793918
0.021752257862843516
0.03642075054122728
0.9572525952092715
0.16238050957121664
0.004699506745648791
0.032752832916812705
0.9882476727266104
0.004037874482798555
0.07979942824101528
0.1168691974066968
0.7827396678215983
0.0695353471387062
0.01783354136077083
0.034539743778071876
0.01228902093837349
0.020297798496982374
0.024788966891256446
0.023202185848545706
0.004100793483771755
0.04551506259955947
0.0033630651451444686
0.963691054950193
0.05389479452733587
0.011580897807241964
0.0023322790959157762
0.004722450929306852
0.007823821994400317
0.004657694110456173
0.287379870468346
0.975827665589489
0.03465220045952945
0.007121815609060748
0.02473866287009633
0.031226669988809432
0.08244618272273777
0.9758684132266899
0.031064869910416886
0.19571381693462955
0.006755143902836994
0.020085128788558494
0.008332711570853779
0.0023240547923862004
0.012639130109332826
0.07643867856664172
0.020966925658676132
0.11991874402219051
0.016255480261179487
0.022892102521588624
0.015196431128683931
0.045898715256580264
0.011409502332526961
0.07742634100670447
0.014871827727016038
0.012991739973824934
0.032794678510226515
0.020124014336117223
0.022235337110410588
0.024582378883915065
0.020851120859307643
0.02838621496257358
0.004828343316502793
0.17270066688612853
0.0014862105978382025
0.015918981462987928
0.0257575074923014
0.02662729442136913
0.021580733650449425
0.006159186945848978
0.9754849097600461
0.0024990115816082873
0.021296657018474344
0.9751426072334074
0.011834248993010936
0.008637524197026146
0.03691104386571431
0.017296310691147
0.21956507210554135
0.07672731553323224
0.018434619113606474
0.0020414650298508593
0.016051526285690013
0.09740994786034315
0.2198497227340267
0.13707309430487488
0.09840352800312249
0.08861988265766005
0.061659410960195046
0.10534902905884908
0.07901810607794625
0.019090470701254563
0.04002912923210637
0.0136476849836747
0.044377996949342205
0.13181508370219788
0.025188396506533303
0.024314856479378474
0.058881336178677274
0.02627662340205042
0.0071309195038865465
0.01699687664045003
0.018760324805348155
0.06636339982929426
0.014721081477450017
0.2658291537753093
0.9724461193131588
0.022585904700627584
0.08128435173617121
0.23280034255182572
0.014825470939745644
0.020971538612101836
0.013273373674635068
0.012513386642632757
0.002867214817021951
0.016443960178235142
0.9775465998393831
0.011766918691154349
0.0513910123607181
0.4143617166902072
0.09735619769380745
0.01968590188318855
0.048542638063200014
0.09564424816969905
0.008571253383012265
0.019184723500000247
0.07318866362650353
0.009460477926828819
0.013786229628913961
0.13537413418073127
0.05647107158338039
0.004020123235203081
0.0973879962672132
0.9816627418955823
0.9662668141936388
0.007972900955767089
0.05429044609463544
0.02055239764206093
0.582428525626044
0.04879218604073451
0.01636733950826235
0.04803601135976419
0.01567613129293598
0.009891651608734592
0.05315976712176496
0.014679656998315943
0.01647634486042673
0.08154247911314119
0.018382393162561093
0.08717478926000155
0.0016709948411377166
0.040765589185695075
0.9697101972454176
0.01086745440381162
0.1496655019039332
0.01773097755349246
0.05838583215275837
0.09844297815153816
0.03533348390088654
0.007116154776350044
0.02828210716690606
0.0008429118350288659
0.0849847574965727
0.012531860851010542
0.007435940506006916
0.9861588558251815
0.009032888538783082
0.006804928701309955
0.034705787902679044
0.004806834110917284
0.07534235276416462
0.03752189030355762
0.0009345849384745351
0.9739008561544906
0.12807464795594214
0.3324001997118449
0.01876574978502446
0.005003174133913017
0.020680363841627473
0.004802088999081382
0.013664443146079792
0.9817182174257026
0.07662415480731237
0.0676263635114931
0.012870735540005444
0.007558129079295601
0.0370736372267962
0.010945921057048088
0.018231589961759255
0.7537432492601478
0.036784160908345936
0.0220888316138236
0.12903381034834036
0.942280408912531
0.16204727744494402
0.963867731504128
0.021675257199201596
0.05409236579632999
0.06935716994114859
0.15054671673092354
0.015613886644051618
0.009686296197111864
0.12886681421008755
0.00804108383788986
0.006596690970597152
0.04358886786416066
0.03916509116144409
0.009612886193156563
0.006396172757784079
0.05242854080591006
0.019353733857314696
0.9848245752184733
0.05687291157259484
0.0033196705474605654
0.02149744304551582
0.1087885240323072
0.008665835876048729
0.07373390062941539
0.006357495668626961
0.007416730446924462
0.9775533388560841
0.017267806056114356
0.025502701627782086
0.021334371093795528
0.008787792354604486
0.007994976832528504
0.06261472625321758
0.0030320081317484152
0.03829161963309929
0.1929496691257238
0.19112645966074454
0.9807671528487397
0.10710193795552886
0.05578988565448837
0.01997703476839073
0.01869093622659113
0.07382510535807348
0.01892939794196256
0.05366785493919601
0.05087552485697272
0.03715539769802977
0.1900466131329338
0.04918237542505941
0.014364478429951477
0.5353880172816622
0.015711224126562517
0.00928717109771005
0.08532785728152857
0.019835359037598737
0.034533655175704406
0.12522022920413103
0.11558320895892489
0.004289549070508584
0.09858702779881369
0.07369396255875502
0.9735283708725776
0.04040860868152209
0.015158464725196679
0.051051853241721554
0.00837891498444248
0.06325247614177908
0.978770481685277
0.0746326687687939
0.015926858961588373
0.9923538980978843
0.019200799968787628
0.02142213296076575
0.01609798496003743
0.09807056167942782
0.01645027259369762
0.006946686529026379
0.010759752842458439
0.0455237764988686
0.9267002659094258
0.01420568454086766
0.035837110348768075
0.0017551108287842995
0.03472048736845754
0.012776795116344384
0.04009155944511795
0.9676101297921267
0.01963140901723768
0.01719050359493034
0.945964897690625
0.2935369796345331
0.06809449355695554
0.0013884784361336815
0.02696782423676547
0.006581439261985839
0.004284272345091217
0.9800067904814869
0.013031760051523157
0.04408015057967194
0.8799647896304736
0.0476806009444472
0.9806538414539967
0.014119320991376146
0.9811026934425205
0.02864462719889011
0.08827999834108581
0.970245346663323
0.015804703936643263
0.9458207648212407
0.08626774019694372
0.0657156744049275
0.09490764261080223
0.061792031694215335
0.05346424496898665
0.03344797557443433
0.039224047575369334
0.9917636304533415
0.9482834762727246
0.030843581096293347
0.9910515184134023
0.015691912515241525
0.9732684163643381
0.03946035668353395
0.3354409089562477
0.007338236237234058
0.06750298151875359
0.0399298282036836
0.02590897677837893
0.10747672120785282
0.020145884562192396
0.11472391415463742
0.6504254681326709
0.015792290750195517
0.08447671877661977
0.10276452101522932
0.013703762578839972
0.03976895679244798
0.05497484408977446
0.03182167797703979
0.20794644568747941
0.00584429032578674
0.017334246509722213
0.19195785921906697
0.01807754144132621
0.0221808530322109
0.019402297155184493
0.020367159178869002
0.1406968029969435
0.001139449397270754
0.0028691259637352445
0.027119407607033262
0.940898748920472
0.00470217713331943
0.02114603903666157
0.4084915567125419
0.05735484220926377
0.01341528498105227
0.9586570385700831
0.022586367079731738
0.01838643796488707
0.039971883261230856
0.025273394332077762
0.043032076688096665
0.27354954477027404
0.016414510519066634
0.011910539521085419
0.007472752441652303
0.013815995432042136
0.018751133539480547
0.06294457999354894
0.015149001512610888
0.011426363877110537
0.009297798679361282
0.013733767398121053
0.009715172382811018
0.17253849251855244
0.17162242404156813
0.01825594927856836
0.062086357048289936
0.2040036579977186
0.004727785912475564
0.032915671589029735
0.002309578520365566
0.04624398867081512
0.011669069849307627
0.029164451891462086
0.0033291593293968192
0.023282889825420157
0.033592340716540166
0.07172014268244327
0.0016879448272492943
0.02222492577569393
0.018831460954218827
0.14276109727131556
0.024406647063744832
0.08824455501924915
0.11691631722604527
0.018950112937049728
0.9803446458626185
0.012483977531620918
0.23620001217185135
0.018122172155976796
0.09316027999472316
0.05096788255260076
0.009763094540596403
0.10880399977261143
0.02145631464609882
0.9857673852993697
0.28546902134246815
0.027037629530452658
0.0341490492902307
0.0554474807163567
0.007174757177799262
0.9601361732475953
0.8389148005312714
0.019093881165278225
0.017928516286247257
0.4432876770750986
0.005314076150833945
0.006331728745053759
0.022707003228931513
0.018692964435425695
0.02283963370632064
0.9858652285755902
0.015575788072481613
0.011710277400636309
0.0018861816719768565
0.05808524058450815
0.0947036632555374
0.0028855517362179808
0.06094698427993022
0.05238932011424447
0.9217461544846197
0.009626992188049664
0.01658931365236919
0.02242360619990088
0.9631412659102319
0.029511385879070554
0.008550395896844636
0.01358002891807689
0.025135929225737035
0.00490084263840273
0.9326894688567531
0.02042689739996011
0.025684781574006204
0.3816164152364295
0.07593334256247024
0.9835557223500369
0.021381709262658963
0.016381388398175184
0.007800234837884111
0.008428964590365592
0.01619715035842381
0.15956741208754363
0.04357168109424452
0.015077502641003918
0.00817045000313801
0.0788313679284436
0.9473590652530431
0.004306335492941953
0.040821997768599856
0.009607339926397973
0.36918280271383397
0.011771557038426266
0.022311604116793532
0.010549594723944601
0.9182286450247027
0.03600510552854175
0.11455825165351506
0.043571874778057115
0.17999950684523558
0.9546031384601305
0.04025605945489641
0.03777096282604863
0.33532312970546946
0.9967094205069581
0.01018608025905653
0.07936260661231945
0.009933214028183862
0.9808508803906825
0.003767865982089281
0.008777973101512564
0.19873136014100534
0.01794175487516488
0.04044049788259128
0.009294166474980258
0.04264433357255517
0.984716318471646
0.11065239827777151
0.021557782537633356
0.007369767629765087
0.00862324498963853
0.9127385566087514
0.03190241416859322
0.026588254812077102
0.1259283033414568
0.01921900134276299
0.020451943017560335
0.0011412276297615208
0.017515515791803892
0.26258469372000526
0.021820836960127325
0.017200921769911875
0.017800023624287106
0.9797982136637556
0.02806200268781557
0.0007560575365615129
0.2037102854275201
0.08665981725415044
0.011432653938689285
0.005182138605535952
0.03199098468262627
0.017929516825301906
0.10142205559196417
0.010250459034026134
0.16999518313832868
0.004765239435122844
0.12004565048389788
0.03269763300729961
0.01994563085071972
0.047018193425407355
0.04541977228528288
0.018610740684968822
0.006601446297828905
0.001998178892077962
0.031716720394434426
0.045058821445360206
0.00582464327207794
0.013312796970205336
0.028570933538667333
0.04857427588658949
0.1717430944747656
0.019279764169652016
0.9391708123861171
0.014535198870244357
0.023709696043538325
0.02061957065542686
0.00937356662272107
0.9712278201948831
0.018186444587303622
0.08854157041647216
0.010057873401485756
0.007983387845548525
0.10133289388254804
0.039333925235293665
0.09792795758188362
0.10394841903508754
0.01902055555879725
0.06583356722366025
0.9900954159114116
0.040322469333471764
0.9396148107473248
0.007897505752977119
0.06682768677633781
0.08251960007161306
0.0006123339513755943
0.09890912285656733
0.025713846855268823
0.0438796263230991
0.04536306515434866
0.005204036583979338
0.2782451418971664
0.05232274594656865
0.052628661293450084
0.08661276652891137
0.05030809194677087
0.14881192291811673
0.07300862068062305
0.9108252152289069
0.036753851638894476
0.9401652825434511
0.05579210885417883
0.22864256965746116
0.06652079766729768
0.016821608473241725
0.01493584600043893
0.9685931794251247
0.003910548701645142
0.038973562425053
0.012658027731210914
0.2974858526815995
0.02406007282557383
0.023700944979579114
0.05558296344340652
0.005759050113692817
0.21051119847074928
0.009541137767323675
0.0035692473197473378
0.014731923080768308
0.030039203001612023
0.2685324279714656
0.005500078695369593
0.0017139323503151417
0.09744800594874438
0.005725027898148064
0.07775654800702532
0.014661550028111956
0.018301079114890716
0.002018482913149037
0.0027187421298007063
0.13316124978433339
0.004906928623819264
0.03013591884316721
0.004652625489530803
0.06450823201044896
0.004909351806246227
0.0436333670825141
0.009272523075986427
0.1063493349593592
0.006875292366437068
0.02373625236375336
0.023497884848013188
0.005238420980462289
0.011798872171961359
0.08023491379064875
0.9679586968725333
0.027592773600139796
0.12409316653635831
0.07041618078624638
0.04053427959714134
0.018855542920528143
0.008765769577976494
0.051793742111948926
0.008327469035375018
0.2632193460963021
0.0030984196588431843
0.016513640564012503
0.0017156830915043334
0.13809578745930873
0.014092267513706342
0.04633506475092611
0.01170690285335704
0.002737983170730788
0.019918283755183706
0.004456593778532128
0.00401895154535179
0.02654219607147155
0.05046967338424723
0.009180389030241123
0.030496572658217903
0.06634852511277702
0.0853500944116978
0.10463662889102271
0.023497790504664905
0.08884621819639385
0.05533045323383572
0.0028897367290824827
0.03196264250226786
0.0066446584423076605
0.030684872502581163
0.0908751312038874
0.022106339977704333
0.038414137343707
0.05498800029491925
0.03232875011885481
0.09233537288422242
0.19497936733337742
0.3477566541638299
0.04647359726086881
0.01847717966970993
0.024137709476073604
0.13050606306540577
0.039217619300260353
0.041384768216751855
0.023306451027917247
0.013632955772333102
0.9773691192870116
0.03154679991230362
0.12301914130362165
0.015386163117048214
0.009153213473264652
0.04094681996722566
0.9783388430582403
0.006619218437507468
0.004079376712878203
0.023648016059122746
0.04904768797410679
0.007909528172922339
0.019510184727050114
0.029053734912970506
0.027688683520212663
0.9734245896088777
0.029780908261529723
0.08258093407625448
0.02539136767393788
0.003482853572281574
0.01391477968014287
0.9800673051249792
0.002682789663163847
0.07627823896215431
0.0016889562632123334
0.054245199911766954
0.03724808357501074
0.9217010162151702
0.11945256288097413
0.012509065052140974
0.13459760455762262
0.027684519696422747
0.9490135778133202
0.01902055555879725
0.022338234307851427
0.8870388187203826
0.016069617310182867
0.05006372158843623
0.033649733544781166
0.1214568154024513
0.02667921689950812
0.0777243822662325
0.014511465243389142
0.1258552504421546
0.01261522984577616
0.007791277436280092
0.017455789769951335
0.17693930662189739
0.9734312343202703
0.014246140573121947
0.009337155588249072
0.03786039707864545
0.013827560339905266
0.9703327594670264
0.03412311859024511
0.09076456727772726
0.10184434106494059
0.007773810732955556
0.9926293053573861
0.012833373255153548
0.30655363430192467
0.9862056221024887
0.013389853320386527
0.021800265414928736
0.021507825989793974
0.009833225042107138
0.054551021826416767
0.025006994081399978
0.02059842435346214
0.08001239534773032
0.07127618394351234
0.06283187226914788
0.002083436877145806
0.02228362660607732
0.05196975567974622
0.018641405736592467
0.010095683545000341
0.007696316567596619
0.05593065998898041
0.0404050278704739
0.004338067701037808
0.009945188865198157
0.0024309387329089676
0.015438865531423589
0.9587940008745103
0.2024829315682311
0.9849981847520344
0.030336438038324323
0.283758266608499
0.07300043148070479
0.9559556311787515
0.008240315128579685
0.09349494847238271
0.03168522701044852
0.09325324499043951
0.01959150316020558
0.007854945995390382
0.02902112695391694
0.04220142840149943
0.026191255077281428
0.030365991792796938
0.09248704562203536
0.02196604384120154
0.012887356099556177
0.038569988622077264
0.01903151655221534
0.011996425657916952
0.04854076709109965
0.008449157138146896
0.01330654034025631
0.9818806034676215
0.06318358855400343
0.007132905338312393
0.010996624800933327
0.0421219228410947
0.009854267295221392
0.12278170522193663
0.009250832822150558
0.01320195111401828
0.007341801035869354
0.11484694597400734
0.007026823452193729
0.0076008672003162235
0.008459069461138075
0.12477125651639644
0.003939612531625183
0.0627343266077044
0.00946987776597853
0.11856148896920572
0.9825552386279532
0.01999611026334693
0.022248149114861667
0.06936606328530781
0.048616792255757026
0.012223191710132987
0.16428332810854065
0.09002229644100736
0.05086715036990577
0.02298011029649899
0.40409416236294515
0.0735582388402305
0.1698975376962457
0.0032140710279365777
0.008955945002014985
0.09859816204583524
0.9502062622364718
0.02498004180194376
0.17524267361527449
0.1664794477103182
0.002158263503866224
0.0055186420659910735
0.008949361784354948
0.9118611805231304
0.011137598696364699
0.05514114819606523
0.731553244456876
0.007611743890457353
0.014118392244247796
0.022060863093182486
0.010003862174815862
0.05146599133695276
0.05230072640105964
0.0231966709278694
0.03669568709290265
0.016710984252306063
0.03431427735394232
0.008380022185693128
0.08425624995710143
0.10158934236533637
0.08436300428607907
0.006410280322157896
0.04069447443757397
0.011244666133368962
0.9869358126982591
0.03830601869837388
0.026368145793297694
0.03591580453476696
0.027772452920263844
0.021098223502668084
0.07026496894761292
0.032895769673738244
0.29331459705981033
0.07628591236757572
0.12457303922288039
0.007078353351201289
0.8416405552516144
0.028498199108058352
0.3458569071267169
0.020063370984906768
0.0065905521623150585
0.9547364249514939
0.034503723663104155
0.9952485449837681
0.03624912319062511
0.0631869891750748
0.030494072160008847
0.012838161319220203
0.15366488767103206
0.016189779961615816
0.019492106924839447
0.07071834309883696
0.09028220928392902
0.04576738693037015
0.011328908372665808
0.014970650931102027
0.014600209555311728
0.05972439020351119
0.0072221318823848645
0.007830268604455163
0.09781728173434961
0.050363045648197435
0.01920992578497296
0.0635152312241269
0.0013118919352166226
0.011951523088541492
0.12122776883030265
0.04784421010939812
0.8941907021847104
0.030084434890045086
0.034288432108567544
0.0038192075892497456
0.015280475659816444
0.02778565827303921
0.0023644837754858692
0.9839053894933208
0.03153318415307333
0.1267063182343097
0.02994717853089692
0.39824639465695755
0.021840808476319935
0.9618465357810164
0.0440853141734184
0.40018045765441485
0.03797341174564192
0.002313495575445624
0.021877525501554352
0.39209934938363633
0.10506068860053593
0.9565757691993649
0.028642458102084458
0.2571844040031098
0.034672482351217726
0.22144210498948716
0.004099262219249037
0.9882400580725706
0.09033485170183167
0.17670247330822378
0.09751947479907687
0.9936900488775624
0.008525483751444173
0.01277952597990929
0.007559989509961439
0.12917815785882894
0.016667299396190043
0.02089523200301498
0.012764021684712391
0.09030134771035518
0.009120745100423483
0.5727871534578225
0.01346732405588632
0.02678188556515252
0.003325470800234873
0.1880901229669937
0.23143578812104676
0.9526213417758909
0.001080865798038662
0.8776785529826374
0.9609862408705996
0.023536532712482787
0.19652560150465914
0.04514559644512887
0.01506400046641206
0.08192476208901187
0.010662716417574658
0.01582806724170292
0.03043033695987185
0.20463027230478026
0.04945119661671035
0.04105592899471105
0.02739409137069985
0.21546223668763775
0.06468460098577469
0.05826371267403089
0.17728823601810637
0.009335666410587529
0.011507883805381983
0.009850646614329049
0.015842082049023654
0.09332271565125173
0.1701640061014614
0.03067327318441265
0.032584162176239106
0.7730395864408444
0.024824415525524536
0.008949354560590745
0.032170625723732256
0.002820319259484879
0.018390585539356887
0.09099885061096179
0.002343153329308954
0.1587342316906422
0.014938571071961053
0.09423575874377252
0.06047367741723701
0.014864993764879602
0.9879907412415171
0.0637722718020876
0.038457550286382654
0.004448846889165674
0.12148577885356013
0.8929423650420011
0.010875880747960084
0.18849899478459667
0.04274911842850754
0.0073877558363953325
0.03153352205664494
0.032459981090428476
0.11408374138060529
0.04145496411890263
0.9788920092985046
0.020350883502716483
0.11500601083380582
0.0056846975909372295
0.026779606755367155
0.005829186462712288
0.0644260007336398
0.017917397887240914
0.015392334358248595
0.032060216460499495
0.0292972104978673
0.04036282645526638
0.021374040152608107
0.03164547123197898
0.050727665059238605
0.25540599115568496
0.020957845318149253
0.002304041337315386
0.02851185473305139
0.020571734315599645
0.3247201653590526
0.934858881807287
0.01573450090587868
0.006150343762369729
0.013481408429471512
0.02278873332936975
0.046548723532062394
0.00568660099063614
0.019571511347254864
0.019408872193826334
0.013770027851115973
0.004641625798008153
0.08565487765564604
0.07741249029528562
0.01219072224420455
0.0250289429131243
0.18514649833505656
0.01042827186966316
0.017290108414872003
0.4422473521337778
0.0027793627670618915
0.027243311393286198
0.013103477350348745
0.0010440765312315563
0.02244623880276619
0.05601636046958756
0.0182595823093545
0.029159548127187167
0.013941684923827163
0.013529657348878591
0.11036648891455132
0.05693832832603382
0.40347733509195305
0.08670989980206718
0.016955471842035247
0.010208107655800946
0.049000544988764716
0.020349086772670198
0.0028759571134108356
0.012607483431593092
0.03450588607962539
0.004745917191007898
0.00845479258245675
0.0698846601127275
0.05375415169362752
0.01937807182376195
0.00531297586942247
0.9722901841856979
0.024534833569229194
0.06905922832080094
0.06662194745375952
0.012271823290214265
0.07981696839983335
0.029523457005266308
0.003186872124241923
0.010441934388957188
0.05116433158581908
0.2300170411886813
0.04207175895362097
0.02510873690167912
0.9760677882363776
0.038871650012962236
0.06189587349957276
0.9836933113710511
0.01650401907885753
0.0030029302673476397
0.021457346655427003
0.028298985129781865
0.003468070081143327
0.01729983042270944
0.017061544281519223
0.9309820808095551
0.00886508784445186
0.07170134371917847
0.016823281701458193
0.004572467081304523
0.0054797030693646805
0.009040689413193194
0.07467854030480121
0.5862825978193238
0.010712942274878588
0.9870967494605601
0.18052025204687613
0.02116806800049653
0.11823093628697527
0.9682439681117289
0.955498523284424
0.03224454886066915
0.1412029556442879
0.00595069658651444
0.055032668943078386
0.021580066318422755
0.05453839766709468
0.021945117593481573
0.3960205414188807
0.00987299040442169
0.04364244968219031
0.05312447564790545
0.03566748326282056
0.025882082832392787
0.008772868676221164
0.9394607509735408
0.03165211006889793
0.09095757804944245
0.03080373768312508
0.227012153608762
0.9822311428390351
0.9183727050105092
0.9563099165430043
0.018007756253169672
0.011344961249257867
0.011542670371029375
0.01328850124839584
0.02216740702591682
0.005238502039512444
0.9825021462233884
0.010860461667556885
0.6636813098180012
0.10873937186941326
0.004721760640941798
0.01971401188230402
0.005315519311569863
0.007729834837190909
0.09419873984705478
0.0017952669812751868
0.01560303231471331
0.014663251386118951
0.0224667911588023
0.10034185782912637
0.20469702994177727
0.02940606366330015
0.06465791996663069
0.08044231794125463
0.11285447339713672
0.026209008775162492
0.0968158765587918
0.29561642648121256
0.016662427127038058
0.030023395568899696
0.16935899297457627
0.003132911457013834
0.0019607932843852616
0.039586335082849644
0.02668869034016727
0.015297713918422861
0.026150314549885968
0.013948943787660723
0.07540290042555294
0.10586807518755156
0.0543866900847439
0.0641442047174866
0.15812684877316072
0.2354173716783423
0.9673400667510558
0.9758437099023173
0.008452433103674668
0.9789071250495048
0.0543075172251299
0.0235498498355355
0.10513933711651545
0.06764180291350794
0.017020648981121246
0.004657753637434457
0.01268021668529578
0.051628686953437995
0.0017735635812316354
0.041774456592055975
0.004477242579870678
0.10289796055492494
0.009151909399729811
0.6931322070463386
0.0012947572763681563
0.01894462661338242
0.06032457694336682
0.015903185831103124
0.05850548498972803
0.002107572642717003
0.031996654769414545
0.008970559044255451
0.012251595114166104
0.011070302258124937
0.10051171448740208
0.028890951896330726
0.0018139777624143444
0.033743737229649205
0.09255396698924269
0.0022968844661946817
0.0056761023070772436
0.0006530203910244945
0.03055410156684551
0.022663514758784753
0.018862571171525615
0.06635131099389097
0.9569739103455575
0.4440266905669213
0.033648100604017996
0.768312647875178
0.006846670677577608
0.01884950260119525
0.10231774376364569
0.07477003025937003
0.20512896839279582
0.04002307756408197
0.07766582618565877
0.009985340042748541
0.02271489623121877
0.008383927267583495
0.04723977332248452
0.016633315430775984
0.00678845514207166
0.01521688767315425
0.08741967438172489
0.1089218709576369
0.001503240385763853
0.009227588863179956
0.08572356980223315
0.8817184774585298
0.02413642299330744
0.04409960813963275
0.010429281946841146
0.0004137065233094989
0.423614397499738
0.0018551127210353828
0.18802748865676086
0.008437890696384641
0.08847022649529676
0.023416115101744867
0.07530622892730382
0.01559785487342009
0.08273421278095007
0.10228279855133915
0.1755852206215904
0.010158717736959401
0.05376917379626103
0.02572335170187723
0.033334780827683104
0.996309839376965
0.0031836572646309486
0.2917651441646413
0.9691318296526183
0.0715007538244437
0.00877871497743342
0.00831187541323256
0.0785488533493072
0.11831113788904321
0.026376886113920417
0.048240408475701345
0.00454181927908306
0.05564207392197218
0.11044225318017689
0.11234321157231163
0.10035407180625039
0.0009179825218814875
0.025368692078944884
0.01673792415922235
0.09869494777364969
0.9639942778417947
0.40384886275254966
0.07943363523890068
0.24884323449272344
0.21889481344653902
0.03145524699722345
0.0021770279429650457
0.10290733192179563
0.009935239399585943
0.02805946951849277
0.030571231486845107
0.006839828724674346
0.9864896747905639
0.03726744918863945
0.018293064994288868
0.007927328665269994
0.007912113065393508
0.005275093622441122
0.08935809702603112
0.035828034957695876
0.014451134108676371
0.1599580665827134
0.9469833604548971
0.444062702300415
0.01453631696517069
0.9398859399424757
0.06095966451605784
0.20082027673598635
0.1042156144351954
0.0062139014613864976
0.029662930679532257
0.11285294843682067
0.018292528721767475
0.00551607795178208
0.029753468865726468
0.07166028320198184
0.021760444702297127
0.03693228576536966
0.012710279578557018
0.0737245163455614
0.026175331005830197
0.04860806836018771
0.016600890448271694
0.9769442727987006
0.3138438917451831
0.0440843917673938
0.011830573918668682
0.9929432672473616
0.02239319705969329
0.01397732216460704
0.08636653910170317
0.009242995511465792
0.04307666438842235
0.09653189747025977
0.02097507541536818
0.06017077144213614
0.006164587371342605
0.031104331299875748
0.05012433828542341
0.027913591603890415
0.015982313936629453
0.9441346760202313
0.09214400755141856
0.05168294201283141
0.003294487111022809
0.006766735068296208
0.983376636060267
0.012743498352405654
0.007891062609953921
0.0018757045234510112
0.05883159189696864
0.002383471750177269
0.2917873707906462
0.05707826899456256
0.01788963295980907
0.09782645654134045
0.02128326672347117
0.040571069502233686
0.11216205871020984
0.06722682841047863
0.10543623523658421
0.025893625677113043
0.004371332766996148
0.03516066968811614
0.08260320472118317
0.009230471850815648
0.0053217878538974
0.02080022772976952
0.001803013027275321
0.005112561767667665
0.26322311355377986
0.052035878531107256
0.004356019176451478
0.17570596301573962
0.9717970480839659
0.015668131335630067
0.015372253682469117
0.024043669198679514
0.012414690928975148
0.9839667288591942
0.020851565642747732
0.0006753976849899106
0.023497672143991392
0.09364019086599057
0.1261717708559131
0.021022051518986926
0.00791096400511046
0.08478833089129847
0.04524674463736772
0.01829737268772422
0.7791428610586685
0.010589032683060327
0.023216272060372165
0.04187261956148719
0.009389406352697723
0.037017128862564225
0.010422319977424302
0.085228865554068
0.8627725103508946
0.04074693087667388
0.24218851902318897
0.9444003505213566
0.03095635911591212
0.030692238826117414
0.07415000074988184
0.01317882089865002
0.026359009972564698
0.019424718250705558
0.10869913028578336
0.05912006518296872
0.9225044410960214
0.04344468202960011
0.019866211022349745
0.018301079114890716
0.2951698438521845
0.005532532958111443
0.04192117224349208
0.015086293624352856
0.06800023880675796
0.045956788159274536
0.02022549943814927
0.042695900197491324
0.01586673823518989
0.03801596188321927
0.02784885849400914
0.0576228718981005
0.025497408875264423
0.9436487622438723
0.044354836148122564
0.9416314670376512
0.00857621366863786
0.08234311660020892
0.011545204619348244
0.03282020627566044
0.011005178187176912
0.01574321341322275
0.11044815468309184
0.13734330705953887
0.002588610578281042
0.011859403429886062
0.0070442996146368635
0.01967912704409946
0.043876699472725
0.18468452272139382
0.04047841421312991
0.0015815474260622903
0.016374872195469646
0.342714229839871
0.747168322984426
0.09704020896194168
0.022352754417490496
0.015044303642261322
0.3809204255278568
0.005650598455980837
0.012585631453211968
0.009088994812637459
0.005643352199266884
0.9862549334886676
0.9762088585687484
0.21205835835097236
0.05964800165626101
0.0020538161327257978
0.08697236531833535
0.01224477606291955
0.07323553429163905
0.019950614825126188
0.006806785756474451
0.09449839067418506
0.008626300000743218
0.029155596177888148
0.04041635903429319
0.03400341119625968
0.11048429914937453
0.002149420916647035
0.021333046449912303
0.01741656472205052
0.17430443059735057
0.01304911986054507
0.0008332142780372418
0.03601471601688786
0.007784408387672935
0.029726662594346268
0.048661862300093964
0.12944835042003672
0.015174317133430017
0.009553996616153646
0.0316981129182201
0.9648318157779369
0.015329171041858927
0.9406715318727896
0.07262698793797445
0.00826226433923625
0.048634927885726834
0.015789476898512428
0.1562753066797497
0.002100049958843129
0.17147470929389036
0.05060247434798774
0.033790599397163695
0.030750024669885443
0.014686675808102501
0.005547987563536019
0.9860886037892186
0.026306000406736262
0.3586564838528569
0.9780604908657538
0.014884527361369127
0.006984413775168227
0.9731998740604253
0.0073958897908358795
0.02267401731287252
0.002617003866653627
0.012888702544752181
0.02021300629128991
0.030642650421121173
0.027753066150553903
0.1903922032041199
0.9338213169882839
0.02019988450888162
0.16714856321663313
0.002498643123413767
0.006880460176272111
0.009661658645558915
0.01994294401924886
0.039250317730582886
0.17912596074107498
0.016995947910219928
0.0051171943939798195
0.06029957786385507
0.04552364363422554
0.0398028214006276
0.9654286630601988
0.9466723518669493
0.006703055570448192
0.09175711628086036
0.007512817435839581
0.0069250395368328594
0.07836948204711716
0.9523128436684756
0.025274716392017033
0.01777253853544917
0.016559359911032794
0.049721850388675784
0.9341029905679674
0.02547821531394882
0.01856283989694166
0.10629210308566803
0.03460148510014695
0.0722175363839046
0.04508592386246067
0.011450907494952221
0.001836150248621403
0.072997561830461
0.01016260870242449
0.03685760998735767
0.016158358415672675
0.0058698260007455216
0.011633178935011349
0.02806906289619313
0.0013744193071413442
0.06548919799506796
0.027889196125705718
0.017793040449413246
0.001311063423701368
0.055718231672835364
0.01307694435022151
0.045124403232035606
0.017624250634719438
0.07997657714176643
0.004332546156435086
0.15064127671815203
0.07000944560217684
0.08155740344028979
0.06675124301838545
0.01760598819663211
0.029449105037059848
0.03193450489512561
0.1438413790423671
0.07171531246156375
0.04808907840514846
0.046121953605744864
0.11329369651412242
0.013047129065998602
0.060668231310116096
0.007994877792922501
0.030622101255548952
0.007784379671158047
0.9700232832803769
0.013097516894326108
0.005037625409339099
0.015203556309843954
0.005992919982791849
0.05280416121806218
0.010670496359903756
0.012128367647559205
0.03284837865587854
0.043443735690405764
0.05656679035643918
0.05741307285733936
0.055230624940219096
0.06260269494346814
0.0022666172303243046
0.32150790039556576
0.1263237136351466
0.13537908467587073
0.09070671748792934
0.00707433328297682
0.06132717247720442
0.08226936087671015
0.020876112677792248
0.04730869769164627
0.012986930778374779
0.009225345920640782
0.0871308990947999
0.0533043763876828
0.023144369974879446
0.009246633990848194
0.024737658196043337
0.21665728073672505
0.017899149412383804
0.03930513030069933
0.18791752533696124
0.005001937226243561
0.08530326714479601
0.025009988012158722
0.032144970973529884
0.01824833960918664
0.006972146414816086
0.017159176828560073
0.00520622056003338
0.9799506352358714
0.7848596980002887
0.007824481555905356
0.14699043583282312
0.006842863520241488
0.07869552900573448
0.010331899295367064
0.9742668335711956
0.03154471196637169
0.009587765311653739
0.002824970369818008
0.9826897279425902
0.009151299016692852
0.17709779606287507
0.005974813701324352
0.052862000249564195
0.04429815236254346
0.02677207072260433
0.023014025739233328
0.11487858091285393
0.03015547733431353
0.029713195641050037
0.011469208775934688
0.02164894377465644
0.03249550612391232
0.042533281480830715
0.05417630383859126
0.15008077531727318
0.029514624062291477
0.026258510266679976
0.982803291356612
0.14806567820838618
0.018686202718418855
0.010805751882858736
0.014338900593999955
0.5927554872178402
0.05579287418926648
0.016598195319337868
0.019007415694820784
0.8689308539019612
0.006653569221584265
0.00351570603695547
0.025907586879942695
0.04041242818358489
0.01786055995086608
0.07328502189968801
0.9742371260775681
0.010840095487514323
0.015575468832488035
0.007909681780018354
0.006619306958148332
0.028737713268069252
0.9646655056625609
0.007955311951959322
0.8336799267146673
0.01591306629350074
0.013482687076132045
0.0014764733642957655
0.09541962590544655
0.01113144673689453
0.055463268706834185
0.001682610027643097
0.012589946147635705
0.02254018033982325
0.011538451480357413
0.010537335311765457
0.11750403566851947
0.9858898485669872
0.03053174145129014
0.2855695609526115
0.009909106097785815
0.9273570808757572
0.02448434786111689
0.0266050220415771
0.963719184754728
0.020295605007927514
0.00588222301258466
0.09866169006710633
0.0501362817432209
0.013120748041382128
0.004777063577115945
0.017307692119741116
0.9895111007849391
0.03322063574655805
0.019129094024795394
0.004085128136516778
0.4184622426457383
0.009992908891902658
0.05196540193967561
0.03194876366184771
0.9650401351451369
0.025695929601966355
0.01936520749459317
0.007790934541997506
0.015200960802327523
0.017932330716406427
0.03749050972470223
0.06509221468700924
0.01214616144684213
0.011764175076640593
0.04185717419685694
0.9914508521218461
0.02000100490436959
0.22014163345961876
0.030796103984617462
0.02053584296204878
0.12642073864727485
0.008839687919515102
0.021125567995228856
0.0340051337797818
0.046921422580122954
0.03878273194907142
0.0023851303752954298
0.9222068003813222
0.9681545896844257
0.05219197447769557
0.03325766995930666
0.020059612799645934
0.0018728408583555635
0.0775884505662204
0.9201978535055668
0.01366060259676618
0.012791945982783444
0.044971436622185
0.11071536943708261
0.02434939964884518
0.4155315246594459
0.004202383475350867
0.028338173783844872
0.104462807222167
0.062161129697233156
0.12033846574506543
0.2349888879893174
0.949386772192439
0.008101147730577444
0.14474380562852948
0.005185896771613508
0.014349280523695787
0.10892182956892034
0.08455279116224704
0.03516715049274665
0.8626711891190544
0.0039452322876572755
0.0018354145590397143
0.9865456593348751
0.04796094708176207
0.34729707105362967
0.006172736293866225
0.9394039006535652
0.0016299062042126945
0.2431388959175491
0.9768375266418556
0.055460313928883224
0.14658052764915586
0.036832282241850874
0.2479626981667596
0.05278459098673876
0.008281628033200063
0.010268748619649147
0.0023177460872429805
0.005421741766827579
0.01316881566272346
0.9354100347074208
0.05803953299815115
0.004908034204933012
0.008160534209477852
0.02629716386688608
0.003069342748464358
0.08586295070448752
0.02688855256154251
0.005328778640161637
0.01691697618102661
0.015842693617447005
0.019519925251865095
0.9454891850327339
0.001996485492551102
0.03550017227144193
0.07792650759925784
0.1253199791988082
0.007634329868295632
0.8701750748703828
0.032175197088174644
0.005648213142717931
0.9605463195613031
0.010339976200985536
0.02006841610269281
0.7468901774112228
0.026266381919818328
0.03742638858299051
0.007798276931060678
0.026502594549289684
0.012748549758466446
0.02656314915756976
0.01705589983734399
0.01097361438484357
0.004180259180049548
0.005170643318154076
0.019815881152265662
0.00935192924569377
0.017854684388627178
0.08918285414010976
0.020455390087894744
0.0012992885494857653
0.016953446539365487
0.026794028875389387
0.92534434139667
0.028365309063725724
0.0031314890762356652
0.026097565033652056
0.009826864075639005
0.22619311250763577
0.03187589952160558
0.02803763999908358
0.0024782209356489543
0.01914543922465637
0.045759250973622226
0.07662292195111921
0.018804902285617875
0.25403942789906103
0.06939805128404185
0.011375081482023786
0.043128885273978325
0.02122912036141883
0.02351995488751812
0.9645014291579734
0.03972899702560303
0.04515067989040652
0.11772611836882334
0.14029924868820268
0.003001781712450578
0.004589585305068941
0.013441512019576296
0.014179951213620545
0.9597437719504709
0.016936123560931455
0.02505952988984723
0.9562922208828105
0.04974061346237167
0.004087526995439215
0.9747818043853207
0.005602715206567483
0.012188706273168622
0.11027949541429671
0.9420899973488867
0.006256164864691571
0.03755391448508076
0.9091701308482368
0.017590025235998057
0.011739225894803987
0.005628617047570673
0.9783115356190288
0.3301653154154521
0.03718351399416651
0.975125769415683
0.009340467184055755
0.032423427020678124
0.06301390150895224
0.907198584108341
0.3769868055805504
0.010376424121057886
0.0033824654058017085
0.007096082763379685
0.03616538088289403
0.05184771610162915
0.03773707253109448
0.02806405017105675
0.13224046778796428
0.02500358780286495
0.03569899902002303
0.00508112704494668
0.07004431391735047
0.008955618990775719
0.9617376476714564
0.959665646878218
0.00889947790076756
0.016547667172248565
0.013200062916052881
0.17554919418328904
0.022713527643573945
0.019031268419849114
0.013504327535868296
0.013085001722573235
0.01206480318317865
0.014380166103703202
0.9528232621578318
0.0007223801435624145
0.016047296284995658
0.02565931851855779
0.07216807472860826
0.9729938688244641
0.27097064372650626
0.01922451240228578
0.8617660738480776
0.022866642421938935
0.14575208479358828
0.005626090142865296
0.029817204787707288
0.002908942054852725
0.025510014876610077
0.01061229971752442
0.04355510332070693
0.16966431424311118
0.038716265443981615
0.1008452904208959
0.19710117447791922
0.02943345130182167
0.0019940519770776134
0.04810732772911997
0.0653103548964264
0.9711107128275589
0.9516102932575107
0.020511583168299465
0.039369159755602165
0.02908323653802902
0.3639813043734323
0.018834008765989126
0.02529591996500308
0.13034109053247206
0.12322355331759363
0.06312896859457091
0.018361236649698028
0.13963035483099293
0.009741248958823891
0.015665912853165424
0.00583952190572814
0.16325767256681534
0.03649208663094808
0.01794672898038191
0.0063641165795504055
0.02223215645899828
0.028501477733815277
0.0070180444573540845
0.08870422766222873
0.0046635743993755354
0.920366149681758
0.02261685600212333
0.007659396622595584
0.0278246011221291
0.001981498176272679
0.023419849225811654
0.05170405212354432
0.9692807754849103
0.015466803181162931
0.015974233837616137
0.19479922517805492
0.2435930768069709
0.08669330311730813
0.016768160225448126
0.010674772466944963
0.0028766611322098624
0.019128866865969693
0.0039867397853152
0.010623169364451268
0.09485597579985218
0.033024003615040834
0.021389993598070006
0.9185497394375064
0.0028090451626299967
0.01600016417822645
0.013052294550773584
0.34987163974219027
0.0011569107381037614
0.12272686703756967
0.01804075203178906
0.20254299193149167
0.006710836178062479
0.9530319804308875
0.03197419511208438
0.004847020727601226
0.02730017181083834
0.03453751656981202
0.022787525605250537
0.9882701543872525
0.001477046235957296
0.02898189452974713
0.09724697592496
0.21081830984844982
0.041936507679983845
0.016818350921733435
0.025258278517419835
0.022993267550296962
0.044412920137236675
0.011138542681316711
0.03316128628184118
0.20849926407656516
0.09399206049676032
0.006691135724698958
0.019730247797939263
0.01756811814515805
0.0041023896551549725
0.9538353062133217
0.023963946613233478
0.0010690924978262563
0.012467100839727983
0.04836245771577068
0.053235371979412686
0.022199600271286892
0.0066382104658817675
0.022466280568840306
0.021677197543350755
0.028657764374674093
0.017680025855791745
0.14820831883423
0.04808331368373109
0.023631514740412737
0.980481879289622
0.024251704949315913
0.704318502659616
0.021507417966921485
0.07725149701737101
0.06438222025624878
0.015122571752877196
0.034027333855904215
0.013395951433311116
0.02341097455479013
0.02061787761126385
0.01227364512419444
0.07317765870820797
0.00521158153161644
0.006919818041750297
0.03873473561727983
0.03459207942808957
0.009004366506633473
0.039873221043018506
0.0213544076109465
0.007401558118811886
0.004450063812190142
0.027327981334195776
0.021698272053216328
0.14315848740019887
0.030449107376472235
0.05527897581035273
0.20774654952765664
0.0308015987346208
0.005929981276443537
0.12031893962352365
0.024178534236323587
0.17883560892801692
0.01827967420319194
0.040330127936357256
0.9785622300868951
0.023359326082937386
0.2038771372509583
0.1289426826861226
0.013729012637819348
0.07336328854539045
0.16706611192859974
0.011224069767078466
0.8922017322740223
0.04086824459994835
0.11270221858137053
0.01769251865513114
0.0063538632876585744
0.024690858801948483
0.03350174584290416
0.06324967325885668
0.11303377003069302
0.14006239543455978
0.043702504896364264
0.030385411801213152
0.013529013194279354
0.9794950610209654
0.2428602436099893
0.029775036392987807
0.0725087039177298
0.01815188129942149
0.01899048240858881
0.03461471385717892
0.009096639610695309
0.19130832929311875
0.0987888615576199
0.02372756861465921
0.02733887566592958
0.9837728178425394
0.040165333663859715
0.3291820486400039
0.037086190351618434
0.02299139635959587
0.0042983375702689884
0.982621956815584
0.08463439812776856
0.039347614437972626
0.09673213350742749
0.9920940688020394
0.006250466298266578
0.04598968896967655
0.9678980556596917
0.0383597632547402
0.011154633305156885
0.04926471297437505
0.02222006156853962
0.02374829762115609
0.046355357222955765
0.05016928948240051
0.13737075380652033
0.022975114710113563
0.007967516702007245
0.026385460092254353
0.021860753061287336
0.11534958720549898
0.004723568388490733
0.06368182905118512
0.014170929652822985
0.9322515965361684
0.5447620961647632
0.07284214397211199
0.0337747403198318
0.06648888131981508
0.08347105526903396
0.10737784799956819
0.021117377936152152
0.11171225966558772
0.20782438120873256
0.18867021153481323
0.004708346731534771
0.017829216160336753
0.92502688912836
0.0046801433371445635
0.021380099212480227
0.03880136193058734
0.060256626491376905
0.03589203678628882
0.9671395980560538
0.01250166051079553
0.045185718654557026
0.0033330915896458745
0.016806773073967784
0.02053506875742711
0.004670314551085323
0.9498758695845669
0.017177475408632487
0.0036188823274489576
0.07125400653688105
0.012771215398290672
0.039343134119272476
0.12244552628907324
0.0450254115582414
0.04198457413654559
0.8153830003233407
0.020156476822479563
0.11780149193699616
0.00778348235933395
0.015373737245279488
0.02562046528666881
0.25384086295608604
0.019749349643964097
0.1339741317572442
0.018205781916546614
0.04519974031178662
0.02207674216106019
0.011802971887669884
0.004992431366881252
0.013098251807275016
0.02490339532197696
0.06839212202295962
0.017343396962336957
0.2592003306407504
0.0324205851601773
0.050656906668699236
0.11327410259349002
0.006434901697683888
0.07431517620597407
0.005579208424387047
0.9333284623915656
0.87239646517727
0.02177411621772488
0.4023903456610616
0.03167864327397563
0.9883896303352152
0.037288891652630676
0.015454606523722844
0.03719053192694171
0.07665077986432099
0.019206681875807968
0.21491288650065532
0.020815048873199522
0.014124962717576708
0.027550037778091632
0.21417198174730637
0.9802899084129777
0.059893757482293454
0.03802740753265836
0.015023281238780276
0.026098766066593827
0.002353340208026126
0.9613596346794593
0.03729908282877553
0.02075123329339813
0.02485186460963904
0.005168537140007607
0.028009970974221733
0.9628146247323753
0.9674151749604766
0.018310252592279867
0.03903709791421148
0.019032674881448722
0.02655225953899797
0.11534406387588104
0.17242818424907894
0.9804271901025404
0.17954865986589894
0.13086207490916762
0.13891150551391745
0.29023156692363894
0.0046093203225573524
0.9132177964115102
0.01854956286084286
0.022790078838399598
0.9405755699445159
0.8459487744592193
0.0023302502600528957
0.14484782088085818
0.045282404199852834
0.02292164639220603
0.006984413775168227
0.17442598283004584
0.020234219283964554
0.07452352572837691
0.09829062257270255
0.026391590812819277
0.006958220188559755
0.06143804239462599
0.01514856564489872
0.0015898757829843947
0.015346805560714437
0.03510404047816664
0.3482269150676316
0.019758852022002702
0.026476950535282803
0.3055664830944392
0.1283147698220488
0.13414330935421206
0.06052990201589384
0.01484822555316371
0.11112750050495265
0.037132929223526304
0.015728897854177745
0.03882594518523205
0.0803554535384526
0.01348111421050756
0.15437429657151894
0.05883447595525016
0.005190393262328579
0.05421208344200514
0.9329378568888526
0.004965443313729166
0.11003265641465476
0.20543466045460135
0.047624009277594206
0.02348307537700305
0.017773214593507478
0.07054343303075254
0.15509048044692786
0.03289368102785684
0.03626101950954431
0.03172816745436963
0.03177228945477564
0.024094700003576195
0.14120725409161664
0.023212335674867936
0.010559342716951576
0.016163915109258742
0.936847991429892
0.08464638709158699
0.004738305411394342
0.9520272161883967
0.014833712590559786
0.020481240409935937
0.03931397896855023
0.014805901899928656
0.0365636626753189
0.02853264773373804
0.047805551388522265
0.058892299173313914
0.017163458457773065
0.019975263351329778
0.05269891575310622
0.1141806012879912
0.004724681639070836
0.16086914636619087
0.002462057996021693
0.013047116221551852
0.007852677697072234
0.02372266961392502
0.9882211450758334
0.0032970090746217637
0.06290248014257178
0.07751621022836952
0.004649191152788288
0.006871889309856418
0.011625139332710732
0.010118950490948993
0.03435277579687002
0.11408849830377654
0.052803820318461044
0.07645583714029024
0.002444628884070314
0.003787482307610363
0.03337835340719337
0.020600777709444944
0.014247908506337403
0.07462891901149836
0.5897378346190547
0.12772605229067688
0.0030412080070200322
0.014524528224397766
0.01921192675301147
0.11033055788546475
0.018527640791535734
0.012055223772822391
0.03874039315008981
0.010385327474674164
0.016118818657676788
0.003296083789255076
0.007616157384659202
0.05097786259695189
0.021981997274404752
0.25213925777887586
0.0582043573407666
0.0354068066398411
0.0021259117689311213
0.023363364728495005
0.047560052236151666
0.5771225677746905
0.07906959439011495
0.9852075525176932
0.014474493682947965
0.02084797181325294
0.04860170069963701
0.0573233112467942
0.008987334886926424
0.012006868528776297
0.011189275640001222
0.05608126597805873
0.06270454271997214
0.05036277110694723
0.0544382880105488
0.03000284271306086
0.26464954402443225
0.019243973425851848
0.9394943643790069
0.040750220560876065
0.021365304302369305
0.015519590958502747
0.4277417672273726
0.008868933252017529
0.0698468609087825
0.1261916259170726
0.04114598526237184
0.06860468867813697
0.014798870803958676
0.9906947598931357
0.004521058795721845
0.06779513310466444
0.0018462682959151015
0.9793487913758385
0.04528435143403054
0.06348642468539437
0.023437663374271674
0.009349899850616494
0.4190208350732579
0.020819577530315554
0.03242032727121657
0.0029966029125691033
0.033692638954942455
0.018371259236868356
0.013045116220696493
0.0034055931770923162
0.0040732926198211675
0.021458118177246768
0.0037745303740706494
0.044649422910332144
0.9574445346458259
0.003236821306335593
0.03632271577283525
0.019664242348891085
0.11075723511152663
0.005854582609484847
0.0028562506959011807
0.02387199211289154
0.029766088544146984
0.00563697662298052
0.0016888759060944294
0.023929352044000683
0.008518738446109729
0.019893929209953785
0.014175973998827723
0.04504271113797803
0.019158093149261042
0.07004593877399462
0.01771303165383987
0.07354946732603444
0.008275895990915032
0.010692748564560374
0.13827505187950684
0.045135742573677744
0.9819740376812768
0.01949212579686438
0.94994517214413
0.9783648302811496
0.08809513063893362
0.025404282211743758
0.0012039291824819398
0.008780042913391132
0.016218361625687055
0.004320786767029664
0.7208224370076103
0.02104672070672964
0.05037411661266531
0.055843364617784844
0.01989633884266565
0.0062827102047618814
0.20984141763586509
0.10177015079595052
0.9885873865486186
0.04316786318632137
0.8856647454202166
0.018533347145144274
0.0239884566109163
0.08062259418252612
0.021617244940139748
0.07813983180377165
0.36624381407653916
0.01761792898670426
0.026847205964869936
0.9003042838983146
0.06456255551504575
0.09490793716322894
0.04473031165055782
0.023895142773139897
0.04221806353217195
0.1189761748568086
0.01684389438637408
0.11207419830323012
0.011252166902302017
0.00467358679067161
0.09936886361760047
0.02477940222106599
0.1855296884036611
0.12505359309110958
0.04897890208029273
0.023975546374440437
0.0072828942529295695
0.008577820707971156
0.9594573166019906
0.162818740483899
0.8789041513455152
0.8026752957443396
0.03548359989432348
0.058334690468796996
0.013648899312757068
0.08458537356395042
0.006510600766994116
0.02666082388644496
0.12089146375130792
0.11604458699860372
0.07055918920636016
0.9768055900083625
0.07299329544327415
0.017727400103345555
0.01678372669799034
0.018517538328633957
0.016271356899110138
0.03719542071297621
0.05430275632259534
0.07725906806968173
0.09267496294071215
0.01852109887918714
0.013061023956874121
0.331834665752474
0.1347250843797543
0.07774512698533181
0.011156996693722913
0.014152536756110291
0.004823225632008927
0.9871732837515107
0.20821234746727882
0.21655659717382905
0.020908261253880685
0.012748739893565328
0.04558342352795663
0.03797531599813698
0.9740850187337061
0.03406508500560811
0.041388030860113466
0.01682553559971697
0.08856327187914088
0.005879930305675886
0.0014500006245541767
0.007619771673572931
0.03954516347881922
0.006350998854629728
0.019301488183630748
0.1436893799020797
0.005735395655079353
0.0233158539738496
0.02866039420380941
0.0033398494319336947
0.050522529953329565
0.005995462523280732
0.04838062986525215
0.05495393644249992
0.018472524132183622
0.12158705818715806
0.006650315392921187
0.09551486920623323
0.002814505225926649
0.024531901892957814
0.037353408614761774
0.008123626761627867
0.9715480164074124
0.025183068371126518
0.0053309630981134525
0.05032291450583413
0.028488983576297772
0.002986846760258381
0.011610177678939126
0.0016088698535903646
0.09341014627712581
0.02700626257423838
0.11279720081588879
0.9090574295210875
0.951538319131024
0.016763796433074685
0.986395280370717
0.14162443843548828
0.015886713966899252
0.04573788425457073
0.031153535742600214
0.1574175375899147
0.9432794895162567
0.1314325382816498
0.03131848299237123
0.012186286331788124
0.09032009793203065
0.008567898040596773
0.017094082225934712
0.025335634199459126
0.03265005259725307
0.05664484039183064
0.08831438061566868
0.04645092858551486
0.02396024280947647
0.01620827995356577
0.0024520600302106238
0.0170473256428661
0.09372740011179788
0.025812930612603414
0.031867597926583044
0.9097860156294912
0.004846815908253309
0.04960277845767762
0.03157469366984926
0.00673182470263752
0.10924340415047579
0.018735401064784413
0.012371270102146769
0.9869980387254881
0.02804954647713739
0.01399673411628392
0.06315281752539051
0.0446146905710637
0.04924713465948077
0.7770477431673374
0.16864771860726274
0.015290466136008133
0.16109965468208226
0.009064359415144758
0.003179157540534356
0.07596589055023109
0.015166031227829242
0.005152099850745258
0.100272015892175
0.31721731192454167
0.006455045236278818
0.035588803354536486
0.9759292467125368
0.9143383727652563
0.07236197926704654
0.0015650886979749806
0.14627732455885303
0.008366128097860623
0.2391010000467492
0.9676747674806235
0.10964195245615958
0.04779998148820815
0.023917667628920294
0.949820850905295
0.018297552043127753
0.12485385774272435
0.09943234982133704
0.0032081671834007335
0.9846854667816857
0.05858119274878498
0.0420346313364651
0.009235124919861847
0.08512585621875557
0.1555932553312297
0.08862634079846038
0.905492109731066
0.05409978008944682
0.032594842435627026
0.35286511829585004
0.06082493863464406
0.005954642402573341
0.015085404157748079
0.009957625840492808
0.042389331487347415
0.010481053511998944
0.01932473587311371
0.03362987939997675
0.04041358699956533
0.016101232339918323
0.02555282540554875
0.09272628274653724
0.7986741757942796
0.9278019874021926
0.22062935795276054
0.026146180573008694
0.035798464893482596
0.03165107710659734
0.009018338900275584
0.011923564939503561
0.9792092521557758
0.047727152267456996
0.09132488285643932
0.011215682650191692
0.026702733848469638
0.016867304707997882
0.024828764811924944
0.015656542719359092
0.017377809776778746
0.044572430693958935
0.016227382834562477
0.035732631105667
0.050701315418188106
0.0016935658561056614
0.014045783937518817
0.006611752594683857
0.02145389723619608
0.17340697607101982
0.9498348753315301
0.8586039042415222
0.13835606957930147
0.9497054601601764
0.012453274259879885
0.006034477800190252
0.9752008944886597
0.03890572767992357
0.8797032020450701
0.16226613027919662
0.08635234054623751
0.026683964154109053
0.994083024513805
0.9903066557132392
0.02111891190725038
0.018784042144555806
0.05592095939090888
0.038672144880284795
0.0016362867166956263
0.0013559332499093078
0.008446015318830451
0.029926236780920344
0.021449797613369227
0.03474645531214492
0.010152708577707883
0.045225638908681066
0.026962294977066585
0.03000748429094534
0.08459021900694699
0.015121328330332452
0.013189089403782123
0.011859991200276556
0.010206436110149505
0.004318637114255899
0.013209844223669038
0.021253921247172042
0.03167440788693695
0.46756838205255835
0.06527443429416617
0.007716566096630601
0.44617669302091356
0.015287011069060491
0.03176843552184981
0.002462271989074793
0.07313895847896378
0.02497437224002971
0.12956724249491414
0.008768562948908315
0.1624949236929352
0.00653808335927202
0.013198316950863518
0.009047504548261183
0.031214822608581883
0.08265767907850886
0.012272511602391727
0.047177601406043504
0.02683785297368772
0.04641427232934969
0.03273121038558966
0.24099308187353297
0.0318488381533637
0.2039718880820879
0.08115077494763832
0.05346812938679245
0.10309849187206957
0.036199828670449546
0.028696050809922734
0.10763704392931356
0.03332558975891895
0.9870984201256898
0.06427346799800272
0.042447820022155684
0.02168442499695599
0.015454274392368387
0.0018482255640888945
0.9826353259622853
0.14381804544834853
0.010962454605029748
0.028002126543442436
0.019809566196683004
0.055947373129473385
0.0030832619753488385
0.8780359168478322
0.023384383898547436
0.10291520743285368
0.00818235858363489
0.11268467112476152
0.01613423580079674
0.018722272269475457
0.9869082394027141
0.036366822688633164
0.9220030195524458
0.03409106046225764
0.007594772624923577
0.004444724408278685
0.15761953710471988
0.011442374138210929
0.012356788834880427
0.15500977758346737
0.035835398094064407
0.008467107451820968
0.009287480360159264
0.07316152031414704
0.01602753500163865
0.027918024731457505
0.009487195564007272
0.010087241035721239
0.06063907124076613
0.038448241183716036
0.019518696487605746
0.012296530474101853
0.001996711138278117
0.22151501290982648
0.007226688602455067
0.01317384795117093
0.020897939425361455
0.02888583508998277
0.6506996739623473
0.007420873377720493
0.031757912657807
0.010881301527801309
0.0242039955092395
0.9640460838380732
0.15441910472111303
0.02404673259911181
0.08094698236518372
0.010687433940638764
0.983070584641548
0.08010211713281308
0.016969348803836784
0.021221594303220116
0.025811453578404354
0.2966201147574989
0.013934217673800852
0.1052495966895691
0.0024070547903262923
0.012668975052460245
0.9728875828034151
0.02259425943312639
0.15987102162507655
0.007782932536138358
0.07215630972675018
0.04416607974684142
0.1373027740683331
0.008903672759433531
0.27484920055925316
0.04110336422699767
0.0020811954939941313
0.8657060512922269
0.0072594778966808245
0.03744924072404149
0.09960958537012758
0.002543217761919295
0.026294711400099025
0.17982761461945043
0.020054420480689582
0.008219560532120302
0.14714217802754087
0.022267290587926678
0.049545821994698924
0.006406149819956994
0.004110361924614813
0.10584788227956066
0.02218983584819585
0.033449786816181014
0.04807868833221634
0.025620211355463655
0.06655758220770089
0.060185080420714736
0.024312176041313176
0.952893396183996
0.01063776565788682
0.0347462223564988
0.032998675068419504
0.002167296734432312
0.1396787537536632
0.04070253155249669
0.04486144007137324
0.98546593565657
0.017623694554640325
0.018883790285248322
0.033888916088004366
0.02644098519041597
0.07386636455659916
0.08056638693581218
0.05506851293569424
0.027053025390496616
0.002361878933641713
0.12742427861039882
0.0014121017697681453
0.019358832510169673
0.819717860666718
0.03719215974889758
0.008497070377351645
0.5539721423260701
0.9622136010483926
0.06840523167528452
0.032017335553110454
0.04868250515094323
0.01274430935824527
0.06057126219747326
0.18138641153706417
0.006578936245610725
0.019516815890725122
0.03104111661420653
0.03743875251141884
0.043708769369297906
0.009646639443635335
0.937085746940243
0.015203371393327189
0.034573573812196404
0.14261243413849822
0.9754812772686189
0.012599802827966465
0.0022544538658222655
0.036343696389032565
0.016986593695003042
0.08744849495373105
0.018232152679506914
0.03981557607012988
0.14577055897891086
0.012298835424238055
0.006659487822575296
0.028090043253161244
0.9831912471641437
0.004806488441457825
0.006086903247018192
0.026551488990322253
0.15879784626963342
0.1315232840144943
0.02876955486143547
0.010828111502182833
0.03324671907913288
0.03008028731031252
0.7040888704703895
0.1320325737436507
0.9824926654866756
0.052981585878562346
0.006238553256383813
0.03447670026322165
0.3945992389517877
0.9659769244365635
0.051069057546345484
0.22413614131541038
0.9715265070588249
0.007995608244040671
0.009718216431179148
0.25393915300100167
0.010745240381951963
0.058859570586313734
0.043001541348513715
0.017839431158114226
0.006812832641503733
0.03862603684242323
0.9779055185909613
0.012138842203412823
0.14630193143531486
0.025647409750887643
0.008087292578074962
0.043707302558886586
0.010222740629754382
0.07433274999732759
0.010917828271876333
0.0029507754750849094
0.009441901046784374
0.007060958314533046
0.006544290522855945
0.9848215360559537
0.018783521623179145
0.06766399677654013
0.016608696388913817
0.094018027465829
0.060649210036552
0.006275992585010343
0.013998998037074788
0.005884333255675074
0.011636046472920925
0.0019128639319583665
0.008872152103278911
0.002486023863647682
0.05966432371988438
0.14979440013129994
0.9898345153977636
0.0086564447545058
0.0064035890928607776
0.018329580442616077
0.09445072739002126
0.01564038871724098
0.01793642417899072
0.009229166348055312
0.9140230226786012
0.9242048826815119
0.05179616614965245
0.0020432074819181265
0.029445195841360818
0.9503939214598008
0.7152831693415602
0.014062036085778029
0.0018609325213430781
0.030318371355710087
0.02675799311369161
0.8723295275395293
0.047628980499535886
0.03391199747933264
0.8544868561767043
0.007523462514711304
0.09473773798205075
0.008454211996412494
0.006172953289556141
0.01788614938141141
0.0260407782594755
0.01156765898258714
0.023819238822631327
0.06770473669769767
0.017098805042369356
0.027996569239903315
0.05742475854318746
0.14754772005892478
0.01608907311745533
0.024863073637881986
0.16765614401730589
0.8412733007914035
0.005866909958089921
0.016679962126584395
0.025737214830300652
0.009963705678551557
0.026146978542451904
0.03525569190166457
0.06171031445475337
0.9624495917896896
0.04521547873747617
0.01386727709165971
0.05210343883557385
0.09112897307585766
0.05717132074055416
0.040145494924823937
0.05271057931926207
0.012936244540601008
0.30665516640288965
0.02757289519095556
0.017140332454810135
0.044123687026663305
0.014405407006209106
0.03451820938367138
0.047097818831190096
0.011569783509547332
0.025621382199945475
0.9214054198133923
0.11381309422714071
0.05537434713656053
0.9299368570358513
0.9826557770368767
0.10460152551510937
0.03359069429363559
0.01362641258305233
0.014332120017697013
0.06738214873247256
0.022491580466954295
0.04493929305584454
0.035754973779038926
0.04606206440347827
0.24738577948265128
0.014705030543518993
0.05709097785976021
0.059658362389911644
0.03516193005730198
0.020010517450945554
0.040040586215704596
0.12791842434795034
0.019717329884377383
0.06707967433835255
0.08688030096012336
0.03034783846278648
0.008672211060357987
0.012262659841335259
0.9751769980449597
0.023012950356689817
0.031004143270498077
0.0006554289655328751
0.03614156271795317
0.9932428494024003
0.007248539381671386
0.005655951808713404
0.007235326600770553
0.029418775950600332
0.058952178556197894
0.05333176400793625
0.05038243540864426
0.1518661966821491
0.16302049425171905
0.010454512949930184
0.04780217904027198
0.032077964522776
0.040404624937646676
0.004417998062721589
0.019004861425204328
0.9762545042492775
0.014557336333624606
0.049828047651236634
0.2654499570080758
0.09468379211890365
0.02943949712085409
0.4000000988917432
0.009843503263230526
0.022942615269488
0.04904997828324635
0.024441251393325356
0.012492950451005137
0.9729912041314667
0.023075892852922948
0.002492586180470793
0.047073161022240594
0.06541860296792011
0.014984881761046056
0.05737529157034422
0.00288926935946588
0.02869071979468937
0.04650548813571443
0.030264989771229475
0.9857095919267763
0.016754803290499456
0.0011576399509140212
0.02178785844490973
0.012308262225007428
0.12412397719237196
0.08703211307200104
0.1150198181853706
0.03959398182807329
0.017959454823531035
0.013135273286117133
0.018964404218662915
0.0006945627478006698
0.983051033078623
0.0033170701552936816
0.014702863747549182
0.008289358094327098
0.02690010470908574
0.036594377672327864
0.006017784746935318
0.9661285164008079
0.02580581184793593
0.011812099186249658
0.085765672563265
0.06745178131409969
0.0057036519485126475
0.32439906813460173
0.1366574524767251
0.009219978569677184
0.0614311841441986
0.09171791074469542
0.9741995933461758
0.0769480798307006
0.01232549197564943
0.08011840422053591
0.0981359573578925
0.2536275954861739
0.016169830338678894
0.027319272747483834
0.014014791349841202
0.009732335783734504
0.004216388268275133
0.0652481181671202
0.06861295386863071
0.009690280071135676
0.01915843592761551
0.023511491566767535
0.035866101442837466
0.0057166911387726525
0.11694225524398447
0.007648012055262842
0.008796403752873624
0.005418134727795645
0.014940617022063946
0.027196852783646665
0.00396347432639797
0.052914831107543255
0.007275947745210836
0.24078153794133908
0.9909485406518527
0.04020642318139732
0.03437721025386402
0.005856961550401083
0.0036623164268485635
0.9610830605191114
0.049046413438492024
0.008616177695075257
0.0007595903468135317
0.05224452902697979
0.019209560616724762
0.016677902351280353
0.9607716734836473
0.020627229127362087
0.02179901690794279
0.9636315167482258
0.017553927862414553
0.01935974542968954
0.01867699335141017
0.06954806868169748
0.02565750005377034
0.11601127055232187
0.007673997192293003
0.004103057756591625
0.009829802879830629
0.002743935697945197
0.0614584030236665
0.007301534262373313
0.023989150099527054
0.1611246103165165
0.06713375179988247
0.10315014711854456
0.06785858714916936
0.007961101999360218
0.02566847055930285
0.31249663215159484
0.037619559678790146
0.41758146056412304
0.9197897387424371
0.01626579571845776
0.1475384527070235
0.4588437035423428
0.09405235529652507
0.05628303650469581
0.1878533298836576
0.027992767340521352
0.04279032458960858
0.0210944271619766
0.9860799937767238
0.0036654107116709327
0.16442454533471262
0.03167305125377443
0.026319620594269046
0.008824359025336959
0.004389163347616016
0.005040204433493986
0.01738469135608513
0.0020693782315765455
0.06076766701268554
0.009171703715386984
0.025818663723752692
0.04953180125349705
0.0014270632099565252
0.006894587612719118
0.003208079306551754
0.12840197984056057
0.9822586530331087
0.01071428854269723
0.12414703575470275
0.02553689854324736
0.03461940132479928
0.9756115586550496
0.03476021361563995
0.015288128937142795
0.01080267862620094
0.024219461930021155
0.970245046701476
0.9706351652221904
0.03501262485473971
0.115759970957427
0.016831296291360372
0.29929982656734155
0.9804823970262254
0.05459894293944429
0.9686310591606175
0.4478378096819144
0.012987861143060934
0.007826688865506866
0.052613611878044975
0.007543444511483733
0.05573771832798989
0.030398016560645533
0.12342678796034352
0.018609155236321447
0.008587496860544625
0.012238243722802624
0.015289765384751946
0.03232459866830107
0.04672665256957708
0.3422489423253401
0.011236752941850735
0.0009489066804342685
0.011728037211221577
0.023734191387654556
0.006553726696209472
0.0276473553098789
0.06148355234163788
0.031263303901139926
0.04958142497007151
0.04517205742797403
0.15294166633380776
0.9589227492920613
0.004889522166655999
0.02054521332259299
0.2277553969049722
0.11736593274103746
0.03367193624026949
0.2911930987239036
0.05025736714098226
0.06971371174176444
0.024825585630422965
0.007804369749484033
0.03854797046065837
0.0029249335837568773
0.9218633098367793
0.01578959684058756
0.09667148478793246
0.0019439670667155131
0.04147881783404176
0.002795620138662049
0.010565946917025932
0.030460297515372037
0.031681094451248566
0.04359293196493466
0.014304209680236279
0.013483592298360686
0.990749600736351
0.06856282087375647
0.025792291608459014
0.034829837488640075
0.011973329205330391
0.035259970168537054
0.172012753995533
0.05177396965647265
0.09975681730433962
0.02610025371125327
0.1194232968082639
0.040194552983588476
0.10991882390623298
0.00620109906135338
0.005155190594820172
0.057709975186883006
0.17032829729775786
0.012397696504754007
0.037624808796736624
0.017729828697051878
0.0018398492940523723
0.003509102923527671
0.008463536979546145
0.8763441378884796
0.046442032735785656
0.9452572498320091
0.012902637547742821
0.15282002514226586
0.018472849953495338
0.039852043952865554
0.01042660073783178
0.0696817767571408
0.04476695164560795
0.9458532319729694
0.08809133477970507
0.01593500432978978
0.11268494308231142
0.029293950297619074
0.9691678790496645
0.022619575054949524
0.012002256935839823
0.020548118409609482
0.07787247336946501
0.027162361324976847
0.5684038898038761
0.020477134545890084
0.5422433764642368
0.025030874646368034
0.01881749711126189
0.052562701019817165
0.03183506229909243
0.05380212414969159
0.028914771444122335
0.01367870500570842
0.012646757186746323
0.0032116124660782844
0.4955296092153615
0.09950572211118168
0.216294674067037
0.020925512765356608
0.018553210058005358
0.0782193473980642
0.01990827526293158
0.020424966190768546
0.021762493956978973
0.006864497135022047
0.03907567507057882
0.3084157488297309
0.06485092589572342
0.03253161694740917
0.010974224282664499
0.6976153779553388
0.9834130793858291
0.009134750358385495
0.008132632885924505
0.015555587216415201
0.08392628745790374
0.0264464071508762
0.8987467278073289
0.021281127573801618
0.025758717819514027
0.0067195351564878405
0.06697608943799212
0.012794673390113847
0.9757702865472506
0.11368680513517414
0.011720875701641226
0.0063120320269101525
0.033264928638605896
0.02261477672516468
0.07643216401781126
0.012728748872119802
0.0197025505711613
0.11806744530480186
0.0220997866704629
0.020756959381050082
0.9727471281604292
0.040428628161060284
0.05196804280560327
0.044953430885153835
0.05307577772103609
0.896836022797414
0.17867086014352482
0.01715595309169455
0.17172356643458533
0.0249785325518446
0.05141699397595522
0.02893157803580231
0.05551944064209741
0.9815173762835281
0.0062652570843797625
0.023938215611978703
0.9769995285843824
0.014117884134389969
0.045793644420714125
0.006533634407188694
0.020970618018305073
0.025962113876683495
0.007025154682066593
0.007713032667329599
0.05118591542137554
0.019579967421616423
0.042199588501552206
0.021311952618313645
0.004217811541604425
0.01741898402406239
0.0027922523050356637
0.023404434456059952
0.0007987774826261691
0.946711509381964
0.009180794934526858
0.02702179244606581
0.13985596155403093
0.03709085269921246
0.013056311702051779
0.13690398652513158
0.06678639735958418
0.058322981210648
0.022067016372148588
0.9360501060386845
0.015431331605309826
0.03565401971669839
0.08417485011395684
0.9277825496912576
0.7701568181777728
0.03320247427841735
0.012730859153908083
0.00326799361127884
0.004738393002452416
0.9108511952366091
0.0066379414556427254
0.015688635191923962
0.0031700151425443713
0.08684212043869169
0.007217386867859584
0.05706101320501524
0.020421709604839168
0.007343614320530349
0.13457701408714068
0.03540359445995301
0.2643868443793117
0.20177300302617313
0.039339153926878936
0.007295402532966477
0.026293493776323222
0.02862993231276349
0.013930256118052008
0.06829887299988088
0.007094290314420453
0.02475928636069494
0.02883125332660081
0.024968068793220746
0.028391348988017907
0.04217835968235853
0.03064781971927898
0.001596545996526485
0.0759866135287611
0.009000977472948219
0.024553858277768122
0.04871775691106599
0.19180820336444313
0.024130083648113417
0.015459567718922063
0.00931186973653121
0.005396429624795486
0.028552766898755185
0.03910869745932527
0.0617689091327677
0.9634456032511225
0.12034943742331079
0.13229075404952287
0.887795863020754
0.9908104014094021
0.0447136377125938
0.07940522459567362
0.1070798163842012
0.9585159293860581
0.005578018028145091
0.01785030626170063
0.1752858819255091
0.0035500644476519727
0.044752054600382715
0.012975456147525623
0.1284958721111626
0.016311648232189203
0.014585397534271665
0.02394806282724427
0.1244585058886173
0.015377301270244113
0.04259713377655797
0.024262329971085832
0.12540710486678852
0.046499240359799826
0.007290893713211534
0.02600707238130558
0.02292731335559105
0.00910455839177244
0.014397155640039648
0.09386313143236512
0.001225780232144949
0.9450193815810777
0.9672386394197137
0.015349196988143618
0.032284084774314555
0.018175895830361395
0.07785461865321923
0.06423535081202611
0.025997492553068588
0.016996787998546935
0.14005131434870066
0.0049199360984428534
0.0015500251467832887
0.012106163450223757
0.02749557597184571
0.02639898515278066
0.027311448900681656
0.010697845975274022
0.018504047697171375
0.013136206932172533
0.11057330200438575
0.009653318885283186
0.02252352041699596
0.4280258667674466
0.950007436963471
0.14790444893390778
0.01966623716368361
0.01648677915514815
0.0034524140633999606
0.01927037051375378
0.019471719554217927
0.0017562153328384085
0.02095574581182236
0.014150578687479123
0.02156565437544028
0.23209286410778326
0.9723086216621155
0.9832865801986841
0.011472466107852344
0.20933061415315823
0.012918595794508082
0.006558362047338082
0.048854584953720234
0.01773403592169459
0.024815708343480663
0.005064095088685913
0.01125678997242032
0.02680748481820581
0.9598734849665809
0.0611089257552686
0.0794117433168194
0.03768243209496603
0.0018016521216531068
0.051466985171146805
0.944628103018946
0.28800221978226764
0.033754571802632895
0.008587136900311647
0.9584955287997872
0.9609575928630977
0.9571493999032672
0.012247119618776859
0.016467023624803116
0.07586525390815452
0.02628523377385934
0.018229068358565994
0.03429902643564993
0.03469420371506277
0.004614653714171472
0.019490550673904077
0.01161481867049507
0.047671477832596065
0.01475287479033745
0.028383540141678147
0.012455112802147448
0.0012116891286045083
0.018628547746416195
0.01568365254693733
0.01016742289681305
0.12455186212934183
0.8588233617540867
0.07896936686965911
0.030266078876941428
0.9644280245275402
0.020691256933358024
0.9689307434073511
0.04256248738320477
0.0042858487304492715
0.9813663907968813
0.03222150162479555
0.01690619040437473
0.01434828307393861
0.47316648939513967
0.02063999797578506
0.0015138016125201504
0.05050510530847797
0.03846739811541642
0.020462288518014553
0.9644203115100711
0.02620595369976124
0.012562942461679358
0.0352505148711287
0.2831342224461733
0.11654501207649934
0.08735029744558657
0.0029420044346925114
0.026207654999840093
0.009305396384549563
0.6395530770326082
0.04328053208583559
0.9257460004746806
0.02078603375653967
0.041592537596102756
0.0061765426946369965
0.026370563570725713
0.018852992221261505
0.012543134406399169
0.012007700067131425
0.05305740640594439
0.053723079564710945
0.001679999619379603
0.009348091535924622
0.0758493382196191
0.08708979230689869
0.16428839175975865
0.057304097302378836
0.015762811868624924
0.0563137629981518
0.03233115653324216
0.005751999339246668
0.15098954165609976
0.029899552955108315
0.06572740724253853
0.0759651605412452
0.05360473489076594
0.06777150507550689
0.01771632007192188
0.011892374918040162
0.8336585016248348
0.00368462055598117
0.00999678948615723
0.034751254284334364
0.026528128195280914
0.3196107670288555
0.0166808183026054
0.039416917827514206
0.010123382888756803
0.007732603298167511
0.10082378529087534
0.19074148083549575
0.212689233691315
0.011819617438037212
0.0018135569891520491
0.003088071037549188
0.02261929936526382
0.00670385569457078
0.15626776147983512
0.14231393675497866
0.007193087990163175
0.016012434489241032
0.0043174543821185175
0.018246625982052997
0.0038010082709054585
0.035625891971059136
0.006971188224610388
0.04478621934889107
0.25861916670061935
0.0022187830295631295
0.04801991396420533
0.6012401892255815
0.06248615110892324
0.0432888710398997
0.1687365276942962
0.01034566827878463
0.017572521751736882
0.01707961351215862
0.9707285023336883
0.054000179140313596
0.06588797851903126
0.0072439044366773295
0.02254353521082682
0.03440502293694264
0.08216101972507088
0.04329333458594422
0.10855493655166122
0.0390104046531998
0.004461506852664867
0.13505093009673308
0.022962338984400386
0.0053776436273574955
0.043574885394126864
0.02744082933560228
0.010063876165965756
0.8037537905798037
0.023184154532449933
0.16943887023087623
0.9129279372746177
0.8223616265549464
0.02683286929346128
0.011881955415954215
0.053658841239756304
0.00952063165413142
0.9692905279489106
0.20541717300241863
0.7527928051721979
0.01687207686385134
0.0027172334191839084
0.9562878162357653
0.01827600679985141
0.1374164118717496
0.089393148017386
0.10130675142519298
0.09461834210199505
0.04497930955205843
0.03970982730081628
0.011027151794345352
0.15208493425675715
0.011290711126408169
0.011125392532946601
0.3444310733706659
0.2345320896016644
0.001184702496182705
0.05651865424529627
0.21005399611556722
0.019171903537934958
0.0075519064364052025
0.01743951597318958
0.0314019790242318
0.02916513608007203
0.1219930055165783
0.02336598066187946
0.9520806419118325
0.0030730489107676814
0.2607342920826258
0.3452972063327229
0.13255384061282388
0.9682696365926052
0.03864846397870641
0.0029185787492166603
0.9855313882293048
0.0026579917902538656
0.9676923757831263
0.10495163212537015
0.03213479363990701
0.026768692161584114
0.02463494780809267
0.9677676326133643
0.016926336510452104
0.024071158134496166
0.007201036451362659
0.027021426734617816
0.002858194881173406
0.9611709394474645
0.24349774384142214
0.009188292092604564
0.06372533359095774
0.011127180697503864
0.01402886287419202
0.9566870546986218
0.06845457097536405
0.9770811797954273
0.0023361671910122348
0.020445742340169715
0.13817669661872398
0.015811235412600867
0.02963333914432474
0.004977678712755414
0.13501628795824316
0.010706577813092135
0.038351685620815125
0.011995353247907455
0.00869902468046682
0.9735759870953584
0.07723731854681373
0.018461601683190495
0.0467018816291494
0.015308951578836712
0.9805070507145965
0.016562239025505854
0.027689442309537612
0.015446595415297814
0.018654138335371998
0.015601342433116568
0.002828455327827828
0.02497462539860745
0.4228416461828811
0.02059031538035367
0.09395745120145867
0.013882626419550752
0.02599451959667756
0.0007384599468930141
0.017858930615212112
0.0580500621242394
0.009561519866113513
0.01536630387034596
0.026545531177352793
0.010961541352186077
0.015521472909679913
0.001019998530691088
0.07168985143832396
0.09048085540883394
0.15927438212191156
0.10661043433252425
0.02752667061145767
0.21712213860537788
0.028472172014624385
0.016925372944315134
0.986295422164013
0.019004213975657786
0.018218850951837225
0.00958253954869529
0.021588342848059036
0.010464073309941814
0.41244901343565843
0.969006643763438
0.05568886797908691
0.08732749811201349
0.2492937794955663
0.00455701318978928
0.021702297207839012
0.13714282508119208
0.01047162539692648
0.012746638411701913
0.002171129380114251
0.008978966070159664
0.006370878279489603
0.006858126194473528
0.013718641578401258
0.9755103671561852
0.04034570930818437
0.003185371688040743
0.02523745365906956
0.011008750269346114
0.12102583100258493
0.9209078601985388
0.08930829207415082
0.05039015079873211
0.013606140820804085
0.11032532563513148
0.9574657194794074
0.051966196012346144
0.034474943872812185
0.0028057740099487445
0.002534716441861934
0.0062861252301977776
0.01007896624050061
0.06427896050205809
0.007635618214046278
0.022892258759920906
0.07095747676622656
0.0603489375773091
0.08665422469047433
0.008781541133316242
0.0035749492754843905
0.006482300380330184
0.13622059228637343
0.06428114542341927
0.31303419760860307
0.003749370065989198
0.9926983734930536
0.4396923196786754
0.039240560817629604
0.022441482902681362
0.017405750515867725
0.01865638309158769
0.004242543320868259
0.011868394141874005
0.019529664228738704
0.9801119672704601
0.009904485730260985
0.023433099386682716
0.8991111714025591
0.9818575535668025
0.007586558751232301
0.05414948335111976
0.18915964697232512
0.01124545822851631
0.009203470330942005
0.9872445353148911
0.003145980495928221
0.03540932401536059
0.0386901414939105
0.005772862542030426
0.013991852156945976
0.04265414259101641
0.005924403782719122
0.03126435747752081
0.97127726184631
0.016681551521648966
0.007550427318685559
0.03783979910377015
0.02422863378862386
0.015468924143428844
0.009427798386031108
0.12744423444681693
0.007123082860491624
0.9383128547980966
0.007260118904926218
0.015623886039341662
0.031801903998566285
0.010655448689120038
0.016149706074690365
0.9737844280170557
0.005539558623829179
0.024782297269202894
0.004265520512061994
0.018747744723613666
0.025291067194415862
0.010138854055907153
0.05083433533817028
0.0010596764367895007
0.11625061365734309
0.002271905242636211
0.02676543260112153
0.10007544099644265
0.03941471588100889
0.011186891847701752
0.18276928944404933
0.020021547948004106
0.4130000570892534
0.026480861709587973
0.0028256776434211063
0.04341098027594969
0.04849124243528007
0.05073553841648874
0.03540651884890815
0.03309884348044891
0.02882456032995035
0.033494151172307945
0.9857357283736862
0.20490219285519665
0.004569312061386896
0.00319800875985856
0.9620554054476852
0.016371875046495434
0.022978897035452896
0.012895034483091549
0.010956143844557465
0.00250072071375969
0.014925990475676682
0.012556427596921747
0.025025167728565487
0.011540445514729715
0.08474978014391357
0.03481817725734179
0.01935484085018767
0.011254647873549925
0.0020203441593680403
0.010722333895929232
0.0114954012877809
0.001827449242620466
0.23807105304715273
0.1654571885122884
0.01761041882297944
0.0033309514950034557
0.007819314300664777
0.0645668771620943
0.08551619086428537
0.020295450019286444
0.03755569693171598
0.08278325836881108
0.13619228315777107
0.03864827743003814
0.29967031725979115
0.020340144159968352
0.005276444507259372
0.04043403858308588
0.9581266562375796
0.02225437084555006
0.016019538489023905
0.00986131089239891
0.05531249982598081
0.0640502013550493
0.9750012956658121
0.07562394637216979
0.04066460987608171
0.008567632957170189
0.0070927726776153005
0.05720940159846818
0.02446819685889155
0.010622540097980868
0.01415402303277507
0.005924773235859939
0.1682491625223971
0.10242435153797606
0.041131581322421895
0.012637431599953522
0.01461371966367122
0.004876348605177157
0.029936283832207616
0.02949090303924789
0.04751544443465069
0.01515485630943719
0.021491575018159008
0.06402769432639824
0.01026806088964604
0.07843017678909926
0.9648016002943544
0.01737773921128008
0.04226357440011452
0.24846887984378788
0.980338818485151
0.07624159575512507
0.237411430430889
0.4148501884205627
0.0315021557265776
0.0026630531528784138
0.012969924371446749
0.11583617857712625
0.10532143038155564
0.002221063169985463
0.011654889434214286
0.05187771551662516
0.9645354573759998
0.0026570060505828373
0.00989372398065066
0.13050636632715118
0.047559698099431336
0.009894986589712428
0.020487561776823485
0.28860397771956925
0.040294740496167644
0.03270043331576366
0.020201651267083787
0.02075770531017803
0.00936495350970586
0.009073731419152393
0.04063686905943816
0.09074677923262006
0.02745521125116233
0.09848521525149813
0.027374870024669144
0.9528361183494519
0.07223434513571653
0.08847933677801309
0.0017329866429672356
0.05171160663723317
0.060889442391106566
0.027924804275108628
0.22781568003322142
0.0797868398189187
0.022124672248267172
0.007743693021973019
0.12105619768022123
0.014660414909325355
0.5955417571564469
0.9833719874742404
0.014616390210781524
0.2668527101333593
0.0012940649884747438
0.011137620859687822
0.16784683785371937
0.00798138378989274
0.1363448917429675
0.03665147558543913
0.022392943368840606
0.10982370033942226
0.04041589816506692
0.02500665196359497
0.007857532358315192
0.03360680085178512
0.06553775260800007
0.031761948015234215
0.9710148354388937
0.07874396165861831
0.01726221175049871
0.02473126753105447
0.12192082411170913
0.10806924874278423
0.03311314112652792
0.9965418358442822
0.0039003132297168613
0.17180950799487524
0.02119966770437454
0.007221169327669403
0.10728994842974082
0.044341167510547834
0.007354491461321394
0.9833304006158632
0.007729201722765851
0.04855577894955377
0.011828004808129478
0.00726554973760199
0.03580568106855545
0.001008821233889675
0.020253370121347467
0.013236405119908114
0.007363072872084589
0.010462304264845035
0.010816013034457726
0.013153789290230903
0.3611344286762091
0.013316866527225812
0.020974013362530283
0.01580269569679226
0.07777693224271996
0.06144828099871634
0.9634449111946284
0.19292492476931714
0.0015781128920956478
0.07283362641569611
0.006133745460781923
0.020915094792795623
0.32277771093721047
0.003486745330518017
0.013009786621621519
0.34510658543286443
0.11116245662401476
0.06750298151875359
0.0020957706769883263
0.028130658107964165
0.9554094375638654
0.09956748805722257
0.040448438613918176
0.18404790118462355
0.0056372666638376066
0.0061627966416320365
0.1275468585789588
0.028331494886743584
0.011413175703295869
0.009070393693313163
0.289201824464513
0.018375358091483655
0.10276052675497348
0.01142761578494888
0.01012766590748111
0.017835508718362675
0.002359870208697515
0.014154377447173563
0.9819422235567324
0.009397378548960469
0.018682948334075394
0.6224052524262882
0.026522298266034708
0.06377632320001661
0.2580836997912691
0.013919796963569743
0.9963254411618268
0.017073056946771813
0.0975070041010291
0.00940757223959983
0.020980117681369644
0.09968123203290281
0.011357311661313046
0.0179479938654277
0.02745024398231827
0.01786355476532054
0.013394247013389675
0.13695743934994392
0.061528287296885
0.942886123016354
0.04797590458684662
0.009900210896989576
0.014444501651052793
0.03038473557114508
0.012199486868828947
0.010524197902323852
0.0065773149716340925
0.006100545922001109
0.1300135788636729
0.0026398547808425105
0.00729815770847133
0.16851696569147268
0.021425256333110435
0.04199968936310067
0.009339167626735667
0.03050552373768839
0.02799433283424803
0.025511165293862565
0.007849080718561358
0.046625843130311165
0.018227060547421323
0.03303713393585522
0.012127418456639318
0.9148162229479645
0.06959471701585891
0.05789273752367493
0.01312699392734931
0.3747161410729735
0.06977090287758063
0.9789388190246359
0.009016628939251203
0.011905910235462313
0.01795505845011904
0.013627586042731512
0.004883318668333851
0.01295486838048324
0.005540210671396731
0.6641725917773146
0.9803071495441448
0.025672059835438965
0.06236262633055783
0.01700207947751311
0.005903963698618546
0.034150236306588436
0.14058133685906396
0.001584047539996269
0.023607381214562486
0.019573729938181947
0.017766062321109284
0.19918561298694296
0.07410735450200037
0.03354499653494832
0.010374510248001935
0.9711802360426982
0.03349358163608188
0.1130178522845261
0.014380749711197774
0.001329553107255692
0.02344513248142795
0.11266116635235146
0.01590889907334929
0.06823908937042054
0.0029820178815155103
0.0199580487010636
0.006951909618513981
0.07136224367570884
0.011311049542944112
0.9645110340843419
0.003657211190074007
0.004808276414186959
0.01475548615358601
0.9091001696624558
0.01924256472234181
0.03730827112493212
0.3519772760955792
0.06997796008450644
0.3093459579659595
0.01989478481725643
0.013944586958619576
0.00606496326038546
0.016575538452617663
0.0035257831650223168
0.2172363584475129
0.03818046294540941
0.02120950148672084
0.028615959002811987
0.011640774941987187
0.1841461888483439
0.028797382055711508
0.021534202287030294
0.04121247926538178
0.025185011118423133
0.0027311861178652814
0.025630369755426683
0.055462094295623994
0.12208774129772688
0.026882515018257253
0.9713880636330696
0.14024875002265555
0.0794269119850613
0.015848612400724132
0.0038346550509284825
0.9759831974354356
0.07907498142588716
0.35158595920610586
0.3094623293826285
0.002317090628150706
0.0733540295243039
0.00081546451557794
0.021272851504286733
0.01476590242092172
0.10302725470026129
0.06765683060645164
0.10738112968239723
0.22534075445052193
0.04576536713485643
0.017199079098026412
0.03574361057036011
0.03901755806536309
0.9679124889542828
0.10527045684883808
0.16280047041256845
0.011855132022664762
0.0194147274372718
0.771771173476677
0.04653557005487723
0.9658664430393434
0.021658543805532445
0.00809976893736563
0.9800059066592863
0.9688695332044399
0.016158852814296732
0.004964951299276046
0.21393473874796812
0.028960327223958485
0.0015009496961680407
0.03584105070354681
0.9844580702162409
0.007239923471155676
0.14001768839065637
0.008302013794590033
0.033897596205361015
0.7780036141149359
0.010810875371101057
0.04223776007465117
0.014192610130561367
0.08372787069178399
0.006867087919281115
0.989531477244799
0.02569922593217933
0.05230358912332212
0.03095333418408813
0.021748064496717352
0.15487931921209533
0.9887994165723516
0.08038865914009649
0.07049498885270473
0.04017841106969241
0.07369449534435497
0.002154254119371041
0.010702957925319799
0.0357452846599584
0.9656567527172515
0.8746603899790709
0.034746054402766124
0.08921311148307719
0.01997383004711985
0.023976709929905228
0.0614650437340893
0.028407338016177407
0.12541127155606885
0.07003694390841868
0.014093647205670384
0.12349474654924057
0.022936902948622037
0.30304914666514265
0.012317491525375686
0.13202784226338007
0.11095595913788828
0.10572532998195619
0.08240327579785556
0.005578359911972228
0.0516392732877638
0.005048842725091576
0.10797502851132527
0.017672752614768125
0.09711782704869934
0.04102165271901404
0.005475488638212008
0.01939200010678262
0.04320697825467671
0.018173443883713433
0.36309069648129194
0.047718694172371616
0.2962607602309458
0.0009020529928578282
0.06948025175526609
0.14644919320040123
0.967251289616311
0.3747963353490156
0.027627927335172595
0.01337015220333635
0.006766128870884899
0.007822893760532471
0.16865325477249954
0.016746724753435287
0.03533047950214207
0.004709782521300657
0.0108468313281515
0.025660211514451206
0.09698858895544643
0.013025853717300617
0.0032126043842609737
0.03389770048623542
0.011137874251840828
0.8772425306256617
0.041542050563658346
0.03725933550108448
0.06658865184128919
0.04982001423742639
0.036243638135710035
0.019319742238749348
0.0015597522233040822
0.029729446283388857
0.288719478079289
0.0057317959223780034
0.028175014318523296
0.009309813825795139
0.0060475437196394494
0.03835758652779911
0.07054728676926814
0.07992126778480094
0.08202606170544224
0.004797909619464763
0.968245167155139
0.016801650505575545
0.011947028526279659
0.21841743560655613
0.9895024215319721
0.02465164134413656
0.0028685970347654623
0.9909866265587587
0.012540377095752012
0.046426063319016816
0.2035474727928036
0.0017024204581208065
0.02244203538806495
0.9089644567897875
0.019132140118666305
0.008576703467431114
0.004999664850685008
0.006715559810866298
0.01856592100450359
0.013276836814993514
0.004461937404812737
0.0018153021593595338
0.9549355076620986
0.016449165542227542
0.0034075891276664945
0.00590943003420878
0.00462440356843135
0.10734039213344809
0.14443804025044113
0.013741113053648186
0.02454839982585558
0.06465002366784108
0.1404138813544864
0.004831631025582474
0.0030467191070505137
0.19479077735115777
0.004268064847319805
0.9894856760697792
0.028744107927978973
0.8181772646147062
0.03595732318824508
0.00396847742214888
0.04578153734628551
0.02182991986102844
0.9794562973317144
0.0006200566432853021
0.003788955653892486
0.022020818812733375
0.5122174493663143
0.05643318077953259
0.016155392733852077
0.9916818090481025
0.021271404599397383
0.9835486498270667
0.981740413973524
0.061052052857715665
0.48833375305939675
0.12908883999388598
0.2496536639644003
0.022595581883116386
0.0019086052813918433
0.01260147492724425
0.010729132382982705
0.020689665223248825
0.034158412878107475
0.05482703983854506
0.015426553064153576
0.013003236539674423
0.021593758555113658
0.022447098577885623
0.006238437165892877
0.03199672311921146
0.013439078679181418
0.0015106279859787026
0.008466791143117857
0.01831353346950895
0.05509304636994238
0.05174569438901194
0.09010033677191391
0.0009967970023544161
0.023741086943271785
0.013610331603256212
0.007443685820504735
0.03225340868983895
0.008082356765823402
0.002120071628012902
0.029720862345004123
0.01597277730126591
0.056448819307275605
0.05763420913705223
0.0032195760283155487
0.11074466682062344
0.05373275109431694
0.03204597321371054
0.008939169461265486
0.023155456647967417
0.08749117728363368
0.001403964437728327
0.03002861698305
0.0861069818639679
0.07010639361938796
0.06882564228849991
0.8741434688293548
0.9861498129690814
0.05327008300119188
0.10278254418399652
0.9862660230272772
0.03593980068278421
0.09475299071755434
0.05938343770396962
0.010448013393477427
0.040522684210604204
0.9258495884270477
0.9449495730287198
0.9501001211996489
0.03365145542019802
0.0011495657622339881
0.010691970583584814
0.0027794443491192503
0.027772446282159958
0.051007141022369
0.028469063233294543
0.007833166861800134
0.012138708325298448
0.0928684211401921
0.029806001047624053
0.0759994058945429
0.011559955035133837
0.9870402241241425
0.9889407431260792
0.011372404284981598
0.9613624342726494
0.07040984693182127
0.1376585363771471
0.09535625680174206
0.004956286921748035
0.008194049626981486
0.03331266390748574
0.04126663666913853
0.013422529495390629
0.10256313447975936
0.013907089977682861
0.013529442282781147
0.7795213311451328
0.04213126151771924
0.12482245230735992
0.051935446663522025
0.9823281614213282
0.023553603221058733
0.010179188780690096
0.1201867865654113
0.014621149232894584
0.16267517181051178
0.07105869404851009
0.04344737259796702
0.033958551113206226
0.03399261385486781
0.04325763284793874
0.03273870673276754
0.9649158307523331
0.006846738576421452
0.24129973344780867
0.015075503606706743
0.007988578681439413
0.07846093421183749
0.011813101230790107
0.8949004482118379
0.009621112990425723
0.17205064301956827
0.0401195465854912
0.9409382722013928
0.01779961507603341
0.007291935404831494
0.016874926553444906
0.007826003934850752
0.04719590601660359
0.01485727998444924
0.018876498081044357
0.1166210315088085
0.00612855363659601
0.005183562215534809
0.06803468735160333
0.04735801115466244
0.0219569153542304
0.017296565301038735
0.03243214381152617
0.04965132126694959
0.016120714146141635
0.01014458204628635
0.013154893915510887
0.17963301298339543
0.026445978341373005
0.007812653736856861
0.06511680864219004
0.31955801685680485
0.0762865721934585
0.002333907891285619
0.018882644452429966
0.05161363896956656
0.06615215743143067
0.013377930519540693
0.9779955438417545
0.31022826778005536
0.03420987539265949
0.02023535365006656
0.0050314614011363855
0.05844720664667003
0.4023427496410751
0.025220528006743695
0.03170546966081955
0.015455779291504641
0.021305964411846293
0.01415626651455677
0.47144419017854156
0.10773283206392727
0.03181241423139728
0.04137207223905517
0.08915069275223518
0.011861139282219749
0.0853082042716895
0.01472316512047916
0.0064603534469174885
0.006912013507976133
0.0013862469391263952
0.12355515965667022
0.04265172964338086
0.005651574191804778
0.049208748830685
0.029382762651226142
0.03243915590990718
0.9737580617706331
0.007390280847840192
0.015571004233603886
0.11663656076242847
0.01279654843616972
0.014140100031567942
0.953818094864743
0.021167764309239966
0.01931162122563936
0.052070887360026866
0.010123279788465394
0.01735887219802451
0.0027838566069554684
0.9747410097453295
0.0019674830819223542
0.016492890206585464
0.006112867527425763
0.02066836423362007
0.017711326000716163
0.1482208164543707
0.12593024104121112
0.12013932812482651
0.03022045890111662
0.017901420497524363
0.010858110357849554
0.003059568793895659
0.957419460528528
0.03044311844647391
0.09383943917916014
0.003058640007839174
0.013281602964765445
0.052623307398272666
0.0059727728672339855
0.005417687242505663
0.04407492031147328
0.006493503112597844
0.14768211711574702
0.9581405932976051
0.039901105864771975
0.022055549095686706
0.21251436066793197
0.9410635654677513
0.010435094903889948
0.9666933475975378
0.03897670864659079
0.011492251700912054
0.026010906812418685
0.015999659323660403
0.05029530182890873
0.020520804781188198
0.008953432928068116
0.05360065697363288
0.08517526520375512
0.016795315532075614
0.06196107372901803
0.0061698410807648945
0.9836241342105253
0.014362545648256042
0.054421503582167796
0.015011861364378045
0.00479665466804597
0.9304834149778508
0.12741948273671871
0.014344589718120573
0.018308755918330717
0.020132545817858605
0.0948832602625595
0.02465081979690322
0.0179431619408557
0.020726600634149585
0.030933645863630187
0.9773290435504871
0.9796797768207894
0.04946862624949051
0.08156852667316986
0.508873149955005
0.048814813046885244
0.0670273601200974
0.9854412545007027
0.043563050731263236
0.007267072192388376
0.00799235487783999
0.025581701865999933
0.0029987393115238656
0.020174679289405643
0.014899629507575627
0.005194728058322774
0.07630995706878334
0.008152858151717086
0.028329804664151772
0.027262358580891533
0.9784774887204135
0.15440576893697774
0.039150503762243084
0.03301577678686324
0.02927696499321933
0.04223244008874237
0.021195296514815262
0.013602625137399347
0.9855651612744716
0.009373908920052144
0.039645686928664055
0.07191240568083637
0.01577416204222658
0.14573304610054266
0.008323583582909654
0.059647679444999026
0.040073449188843605
0.006801099060001778
0.014484390599916422
0.0838761170426345
0.04147184895362169
0.0015176140017009571
0.01335656039451278
0.0019964876988079615
0.03128241923895618
0.034018236782083724
0.0180366990894626
0.005663647802034017
0.034170698438513544
0.018233106184298346
0.010387163906677838
0.9777310901849052
0.0025894576697908928
0.00829885801462513
0.9695059105645222
0.017089583185192103
0.08176958052005996
0.006135633539182349
0.0014911417790708474
0.03077600968345912
0.9669038320135841
0.020668960686927067
0.14501283859702851
0.028996211245429608
0.9689802343260694
0.014947280368130604
0.05701852597967164
0.042670794246487814
0.06910117846380706
0.01782031327851524
0.11030295556404648
0.0061074687294602106
0.03405148484345188
0.0562799558225644
0.9370038029591199
0.052751470189680565
0.9221635054542744
0.019903624988923535
0.07249424690543683
0.46632890374666874
0.020679577266228603
0.1820177173434053
0.017293341050555272
0.0017924755788380855
0.03683363286901845
0.006519427871806942
0.04621736899321114
0.0060577999034931865
0.003624503380272027
0.12508513605885124
0.021289100093147387
0.13955965465222786
0.9269830251627418
0.15597799926533323
0.07745495108418479
0.03235979190984655
0.02890126923698913
0.018699990292294386
0.14754733453173105
0.48536667587482096
0.007861073117810697
0.06469903684701632
0.0039368347642518625
0.05034727298343924
0.4883293131844982
0.006642566875664287
0.0034615049650291714
0.13226048822045064
0.0106558298937832
0.8186896107943876
0.016288362403836246
0.029601659483508673
0.023555019398552327
0.04949138060636914
0.017669976601397543
0.02720254325413933
0.07333703432136843
0.034387758055520454
0.019193058907784246
0.014504843920514566
0.07673150158377674
0.0819819598399959
0.006993644931857393
0.07717364848839088
0.006363554050939114
0.012164339009496232
0.02149343737358941
0.0586513788556843
0.008475310698777473
0.14382922724700029
0.010664196369854176
0.00981060879113177
0.0067303066240762596
0.003128075341169045
0.9461794010792607
0.02543912453163856
0.009148477251592086
0.09836407179873351
0.017564973077318913
0.11038234977376483
0.008015634717201613
0.9280910590519049
0.032217325355205814
0.00875612259291945
0.2194655924909503
0.06552809849381429
0.0035407116622659645
0.0046515606959405455
0.006905241143155731
0.20579138392990678
0.011651618413689356
0.009347891733359816
0.9570576720887175
0.04163150672688662
0.0044601731523644
0.06009892050715436
0.024454406654260758
0.9626914538925744
0.10493407963793286
0.0143904947525482
0.0565598140634779
0.3026205955521052
0.9751507081087138
0.026913492764566886
0.022451657806332678
0.025838390066506005
0.9443027408377723
0.021676449110974855
0.012839908763048469
0.01490047175907365
0.006258473031547205
0.964123360401615
0.07117687191659386
0.030515927935020344
0.3622048632472926
0.012483474895333775
0.02196875369218065
0.9750288905769173
0.018241563150948426
0.9745066653371607
0.023523106712913182
0.02012216607129695
0.02530384506858194
0.09375590464750633
0.004346504903903009
0.013159921762969543
0.1612406543077165
0.009766516895884259
0.9876670584450303
0.04281087001468975
0.008147823621333958
0.961141907661537
0.17963793148323684
0.027609191114009588
0.07959203407565442
0.011381684092630611
0.10492132269704584
0.012015443992677692
0.972226525751019
0.013757403890900344
0.03300391066251317
0.014374163373132026
0.01606964584233224
0.07570576154873726
0.001340261227033929
0.052177843144385595
0.9498262845968599
0.0011595620195612142
0.013933388918216121
0.04057511448014795
0.014221983916117013
0.34747192349538003
0.06870054991913631
0.3918382898380579
0.007191337763613728
0.005607618593803854
0.8215420181840832
0.008387795337940063
0.01814330670799957
0.9806742936843565
0.06939245640674545
0.018538434536735014
0.020832284584221337
0.9827075582294416
0.020286274152947176
0.04166895463340155
0.010954276025935896
0.0331936579046753
0.03076062727502518
0.07772301890342549
0.07407087344229944
0.9169183477975406
0.04702166529099791
0.15577873800253356
0.059810160209435595
0.03653075592860783
0.015363592734879082
0.059120094242202624
0.028228060216549018
0.003956469581690465
0.034523093225378415
0.01588963805284242
0.016931980989679275
0.9640660382213808
0.04351837992422038
0.0906903664166083
0.014252167904142236
0.018746693791484238
0.012666801430778364
0.8396919271514353
0.01566977209205954
0.05790044234652837
0.009777398759304844
0.21432527750642563
0.008984698861891434
0.005040435104124719
0.017815278574435673
0.027744933207075752
0.06388221601482633
0.026134951821454717
0.9626343788035082
0.0072208552108934095
0.04459905942050237
0.06498685863909288
0.001509507594656939
0.01742515298205041
0.07986157608458107
0.03463140860541078
0.03843250109046247
0.011695048976149099
0.9424757909650336
0.029293175036032616
0.017528465755750077
0.005269770627962161
0.027094536694787688
0.18625259170335395
0.06011821367148962
0.06029709296414553
0.01569102483250064
0.5310421081719023
0.08291601527079491
0.023610577281609816
0.02501160825917522
0.13367139596377015
0.006521568055997082
0.041233967019247975
0.9802165375724183
0.0023524069973378096
0.021784376230083197
0.03395612906110564
0.013818235964210092
0.03401687997494864
0.9695927521604989
0.04648171243376057
0.1897073001506358
0.020087315757291828
0.31057164117933506
0.016060967461778746
0.002069153430166558
0.01316573703169686
0.017584685406327443
0.02087637472147031
0.03670510813345804
0.14458263795191814
0.005139583482047886
0.017976957023805924
0.0660206751449565
0.006647493899990976
0.04493877236109121
0.007041970347491513
0.010526513914798502
0.004049019121659383
0.0687734795252726
0.029390741977263456
0.024688052399598703
0.06854922085667688
0.013015764516589727
0.012443459241716944
0.029484955963356253
0.006723059624184453
0.060998388669104765
0.014487405797575298
0.009142090886974631
0.024544559702696124
0.11622335590340123
0.04515249177602665
0.09671565494472932
0.021795586680826474
0.01724710160103137
0.02670068463376619
0.44418410456021945
0.9231844874732273
0.9091714853191352
0.009643772051388414
0.01777639161714809
0.01361054280187336
0.023025266375270706
0.9819310072783677
0.03318301529627805
0.027015493150285907
0.09502145522468182
0.033464003620432496
0.054442101850114916
0.021524696756050954
0.003984209214100022
0.004363629059833905
0.06592277807231653
0.003732609928836189
0.05999203135325853
0.13663359624929705
0.011476968903133431
0.08997628089448267
0.026407106363098353
0.014618872575668563
0.3810038930725172
0.021154552068019583
0.09322539515064965
0.023938323759929388
0.040796747137682304
0.0473566108184447
0.06269857211029871
0.003197314273680885
0.002371023440254475
0.05534839310413737
0.14636372160151268
0.12114185206196312
0.005982670065508231
0.004789137742031728
0.04052257954834855
0.3137132433873097
0.05991825679598565
0.06037890002827928
0.0054475275483546115
0.006947664568896819
0.180668854308171
0.11182388551372786
0.9381058957925904
0.030833550459549622
0.02642522593948681
0.023565653055302463
0.020308003967358546
0.036698359373300564
0.09702696504229488
0.12866134149232528
0.12128222503024641
0.002443206251737218
0.1535528046424148
0.022571664006666648
0.018972517666489306
0.017428895742655222
0.02649362516313263
0.00675936292881762
0.9345682508029014
0.10120254639620493
0.011972794777440442
0.9776368791011367
0.018934287176796148
0.015441207985013715
0.035842119980510845
0.030665740764184456
0.022935003714839114
0.04832986683408466
0.0903837970828234
0.05272222431313926
0.06130706299341974
0.1134829772363787
0.009653373067900886
0.13802356525394166
0.03904289683431906
0.08861472854105706
0.011752751731469809
0.013623020150509748
0.03336950809375398
0.021137657320014276
0.052965118300649996
0.026375921415275984
0.031172584822514993
0.036906993317332056
0.14154347098458178
0.005961976688326151
0.07454852873076151
0.04081082964501615
0.013690035677366338
0.04139896258639666
0.006173020722529863
0.07616701999472981
0.2527694119444606
0.02226761455663253
0.033121584589216886
0.07547209750636023
0.016528769811480493
0.4072931097390912
0.05104419816373623
0.028171635887225353
0.02560634886219885
0.032754691285044206
0.2625281058260971
0.9739930015028536
0.14035887977423808
0.9403259192944832
0.039162919450864794
0.01591353430865747
0.027915163422119527
0.9436047052196834
0.01393197839444568
0.005745753458992036
0.07066375036450157
0.029926444859784768
0.0018481308839485059
0.9413653824632819
0.015511483823768513
0.10506187588106135
0.14377289661835815
0.0029881919144443157
0.0356683152712842
0.04321169108509844
0.07899615085282881
0.0023065173502159896
0.09293353370542223
0.10277440410643154
0.11853849844262392
0.8934477367968542
0.9591964984288105
0.021709443224078667
0.00712215273886164
0.03494073588968539
0.015130872540741592
0.014381526876803085
0.04377310850263085
0.9591522916670154
0.039408111049332645
0.10026618866196851
0.23321182886277184
0.03401831143130149
0.025126503264049783
0.03797089535491713
0.7534239890384998
0.01520432533757285
0.05712165026743494
0.9709647865435782
0.0546432041688815
0.009296958996367163
0.008512743707326676
0.11836777133293988
0.03822251182643062
0.004844098536610441
0.009202963019840176
0.13194786419093266
0.0031720024640052662
0.03736956770064288
0.041934835481901654
0.020139193214817053
0.004088889815507486
0.06948391172206532
0.026401353634272852
0.05414552207411745
0.03819677973191706
0.05751174802359551
0.008966667336686458
0.0300827697656699
0.03804209716848066
0.025532854962408345
0.006240283978068368
0.03359691944135177
0.9802268228598692
0.018572719219682773
0.02231794523513226
0.010470056062752977
0.018050886696957442
0.0021757116794310005
0.026185582329459636
0.02065620841072337
0.03517771667374904
0.016956244827409792
0.030844636690343263
0.9787676782832748
0.03662193601778107
0.019171625678495795
0.17515402209719994
0.00887393904488963
0.028590814385533396
0.014926280576309493
0.0017173746238877058
0.9461350991785894
0.029087297623499188
0.0062773157976277385
0.017043114721999097
0.028604476243681478
0.024824151291240885
0.017299275983235423
0.011309670672380817
0.03641191495197528
0.9713681089364199
0.974788964342218
0.006953049490266496
0.006730358193688044
0.0183706455626931
0.008482825384328976
0.0017550129298461367
0.010950095947988014
0.016784435772801153
0.008748796835210158
0.10523650013904517
0.0011228287742361912
0.008780523770725215
0.10904202833016913
0.1447332832902546
0.05455231428969323
0.058480031741967704
0.12929305378051717
0.9827784480856013
0.05777000992657781
0.01559419819187982
0.01586401249044204
0.9471213851069503
0.030299807924115008
0.03522015125306508
0.009470423613358259
0.0034063171796451077
0.0047802344158936775
0.09510479439027253
0.006185812912801058
0.01759870012971044
0.04469196244510479
0.04702166529099791
0.04289806677571029
0.11900342005893293
0.046172374635114394
0.04172603992685338
0.0565161715572712
0.9812535322823251
0.015931631883349864
0.010935284239880919
0.04034884102702551
0.011920393642650821
0.0195693140814678
0.188579634699918
0.9839888602604295
0.013166707540843241
0.08701616995510768
0.010034562503434942
0.031607927158153394
0.015438943267177837
0.08687019339829945
0.9630638250482544
0.024145095831140766
0.31340659874263116
0.9705092540295376
0.0717010316484475
0.0602365390287405
0.012448110397148594
0.20368317069617398
0.03804341678796526
0.09751121353112029
0.05122247938014867
0.010314476151853009
0.0342845835206507
0.017709335077379897
0.007018625798912035
0.008295067562746325
0.04885541786663325
0.01147943750033284
0.023999361790362255
0.005436202680095593
0.017357599284833564
0.019999092708055773
0.014692527649960227
0.005691486500451167
0.0035522222522696807
0.005605830991637071
0.0017888736600693777
0.9510822141292885
0.08214718821395323
0.026816402421614136
0.10228612631020985
0.037978081765538164
0.036245759722474215
0.14300367030294614
0.042862494970598686
0.015062130637213319
0.26255835491500573
0.005117576478753826
0.026414747791056528
0.14753653857474344
0.0763455038303968
0.0472188787752184
0.9485937705557157
0.07699464097746138
0.015474995964422963
0.0639344248309871
0.04391171757804458
0.1770532420831293
0.14677328001716536
0.004697477546534995
0.008958333334795373
0.03469793805672567
0.09235155240757997
0.07348259752768249
0.006379854446805303
0.9847495393935316
0.013816990681743774
0.011653027193451754
0.009714232507580444
0.03876581363972028
0.00939948958987816
0.05242229002407471
0.14028256904147432
0.012964196163968449
0.000957855802633606
0.027320010402884686
0.03661205510425041
0.024917903248045492
0.039680438214886773
0.9175978116591521
0.13199076333056825
0.04179876851812769
0.08505864635814583
0.9584198699015875
0.05704256799716924
0.016623790004061764
0.8979936503460125
0.069562730082276
0.024416317417901064
0.005580860791264357
0.042071870407926114
0.026498801504058877
0.0013974129119140324
0.0339414606476791
0.18733261286570096
0.039833378380619774
0.00964119276148083
0.034011526246766066
0.09452402960084788
0.011917532620712653
0.023488626800442152
0.05826487038795567
0.020886225772852762
0.023150174238428748
0.17212677716096605
0.9747503175430883
0.009800195172749276
0.9700738747050436
0.07591886297024468
0.10036662954277856
0.9821578312185888
0.0010741926193764634
0.12053352974625835
0.9765171529103873
0.03223894452313106
0.005486309522781784
0.03911988451411266
0.03200036772966307
0.07775662037777117
0.013195845183058932
0.019342288976099884
0.06664371559499355
0.015630060352325042
0.006668906872399501
0.008684719751476349
0.04279507087779923
0.013694177091641752
0.019726240509615092
0.042566790198993995
0.049390332658777174
0.045123552274147695
0.008051626689505039
0.009134645966046124
0.003939612531625183
0.3347319224753074
0.8864870080368796
0.9042476690840056
0.05181562395663942
0.028044925715090038
0.012583369263090824
0.00890428888129795
0.9868248925302961
0.9461930541479668
0.004399431046587963
0.023469564060718897
0.028901390294399986
0.01052571692280181
0.01588970908975553
0.1329187361523151
0.13066950413224807
0.972756372462385
0.15816037430449034
0.12038048500306262
0.08413809837647555
0.1265903655013759
0.021910563186694897
0.07730682461726683
0.9740030692804889
0.004855000850929227
0.9948860102623281
0.45623403147695096
0.0035203262565918227
0.04138817781372822
0.0013029786174654238
0.020672270052540864
0.06514135630979362
0.28489391645091
0.020594630604346836
0.11454932630193602
0.2954693127287258
0.050045626358496485
0.0036946214238587024
0.031650689960363416
0.016588713593517095
0.9686621521844996
0.02983826869166208
0.015080754642398797
0.04232910515821231
0.8290538169963428
0.007711452630425991
0.09077471662167608
0.9789099182004637
0.9354765508689076
0.9891259066265733
0.02006278613955357
0.9798158233499352
0.024313371217841384
0.07036102834184815
0.018112176397513738
0.02833574297807572
0.0036155096183809743
0.9718631096784929
0.014537634478844841
0.9581798579652684
0.004994760667293077
0.034569397046216956
0.015217524582127407
0.910405894764879
0.004126626575335148
0.03612868683193195
0.0012613475169051325
0.980879806962942
0.05877090813294805
0.023114529158293415
0.0067559546785030495
0.016656452974799056
0.009987226666944947
0.04746115470581355
0.021694275763553997
0.04346918740878724
0.025760984498709495
0.02798877892073093
0.0032826789020359566
0.0165832329547471
0.08534949918773221
0.11112254292128525
0.21632685262985768
0.014551212056615652
0.043678523642708744
0.964541615053125
0.039569580829665135
0.744656628282999
0.01077617023051416
0.013410982213809795
0.001728806170447239
0.010177310872103062
0.005879386668855889
0.020363962474315853
0.01069779594638206
0.007995862470236014
0.09368513281231457
0.12896412570187957
0.004011501242106343
0.008142839845166474
0.0012464962218317218
0.012611402809473846
0.08817799593381977
0.04817270482040059
0.011769760549668579
0.04656021617832764
0.03939728221761815
0.026079367666192673
0.002779518412656189
0.008701963783789214
0.09512358914985963
0.009219923619474556
0.036712197697930805
0.0243451153405653
0.015400031831364312
0.01056332157889884
0.015398903472176397
0.09893216335276495
0.8971725993522668
0.01758188559905352
0.006427306790431559
0.01444925335934494
0.016953630625322465
0.014444596483075316
0.1577845741720954
0.01409063627561528
0.0629046072554176
0.00908195053495311
0.022404820964334354
0.007052690600800634
0.012359867446582113
0.0011548190729500827
0.009368676987075294
0.019609039013738533
0.17137966358957352
0.0029112952416560406
0.010343027642098096
0.019164929574995215
0.22313276688971648
0.019380568471167706
0.001997488681843463
0.06347501409637225
0.0577843792630692
0.013774584570090294
0.011323023967119556
0.002650459845464684
0.006268840273124209
0.038563436338397795
0.08416755169480424
0.14900194481952925
0.0025974532188374343
0.031197593274034242
0.01818503324250164
0.010842049033703328
0.9551851100501366
0.006710505907278454
0.043530823380992706
0.21312570248815424
0.007906180007014625
0.26602940441705414
0.0018090648384732919
0.0173370396868834
0.08875054269253775
0.01837286574458603
0.0318800063887847
0.2173090492293487
0.014018288972433136
0.0028225709597537165
0.021182037215859612
0.012018469167597292
0.9802311059004016
0.011098795683219798
0.023986929642171483
0.017184509190136636
0.9772993016149368
0.006114133814184966
0.02008360527308036
0.0030271447338973837
0.9382128418373689
0.08764342079465134
0.1065549309904702
0.0966848287320277
0.9745538488591379
0.13427581233765187
0.15696131398792135
0.9573249470657227
0.3858162887882044
0.029709205732874333
0.03591604893064938
0.02018977683210308
0.018501402229209932
0.002705888554684322
0.9459738154324625
0.36693415537795854
0.031126943699577143
0.007729253447634294
0.04822883098669999
0.4595754595198461
0.022580497977476712
0.026509603774773807
0.8485225708278411
0.009421672055145616
0.00927918817772041
0.03820098664925376
0.9767035093362675
0.008988243951014588
0.01225252336236257
0.04271181749939266
0.0317235495523779
0.05398124716843811
0.98334166786979
0.02933054875153684
0.9732034808513654
0.026856189562110486
0.010220569462782984
0.9008256023540416
0.08886236460376953
0.03613345759511223
0.00899403608913685
0.03009381406388311
0.0017363077752687698
0.17023712732515894
0.9855983523759955
0.04289715657897588
0.07584316939275011
0.989469532828482
0.06050091206640967
0.024168338711947672
0.022111514302282018
0.019062195850817636
0.08382325696583139
0.08878919774428086
0.05024509121659475
0.9865137502693447
0.07659566828959158
0.02343028919893293
0.35141307853893083
0.01690780282223317
0.008129976002608215
0.002827122843929307
0.007711789856801479
0.06442985639212497
0.03592891346567151
0.00664475699777131
0.9381614952458636
0.0316820481548799
0.1415483951810025
0.011404340710540972
0.21979594539781677
0.029058476987094083
0.044152478640302036
0.03517095770589797
0.010145340825775876
0.025715463322106145
0.9412551721298741
0.016220290050781388
0.1623277703165025
0.09732820585978687
0.03994268576856543
0.008972851870247983
0.2467480124444741
0.0060462988680820345
0.045790968289506344
0.02107289412819704
0.5570279963751759
0.03130111745927401
0.0218175644846238
0.4322899638734332
0.014690509413483072
0.017834254011052212
0.10726456246780194
0.0161135785749282
0.0011399855285567325
0.0009201986991969666
0.01799009719285943
0.029819164952969664
0.01018161371509722
0.014505142607841515
0.023153227731093323
0.02363579445162431
0.05400201122649423
0.02656762649992885
0.019326024261739412
0.11078853294010134
0.07208045849601795
0.02470113015063996
0.39055263015972463
0.9756796204594721
0.0025331087237840757
0.015955508099359278
0.0080178754657533
0.004740564838922464
0.025615405650002015
0.009295892623262126
0.020089213827630542
0.9795171567433768
0.199105413095472
0.13683501132664352
0.016277265962890353
0.021948196409582885
0.21485409340464584
0.01840491791321552
0.0021132057573401567
0.007714425873104035
0.04722954213988146
0.049278577918901334
0.0429417611566559
0.9743359165630775
0.1173003591971627
0.018744434085298682
0.018282297116259165
0.007157108590020733
0.20391081490022533
0.0042466913693334956
0.019747719071794633
0.9575384574379997
0.09785462029640998
0.015375758375249559
0.08800787774279527
0.01836532586814332
0.05525437396133289
0.017053337981836923
0.025690196964010627
0.01955340218025203
0.07243137480198407
0.010999289402354243
0.009381370258789953
0.01050794166684809
0.04648414775768892
0.13558665180437915
0.9556667200298776
0.010389788189362061
0.004549583590796673
0.8047741678134068
0.7413417611050501
0.0164468801069241
0.01842610950003047
0.986264606926029
0.055725357653863154
0.03050106081330379
0.009979417727578984
0.007373724742279951
0.8992386897163119
0.06072144666615455
0.0014691996489879192
0.041683847504962825
0.8030918948560569
0.006553070257780635
0.006668402404218565
0.9750697989111426
0.02597106770499968
0.0381157853655816
0.3076323403014869
0.04719168900390564
0.02107548274897983
0.05056678411037799
0.04200071803227126
0.05232626790352771
0.02444642305434878
0.002470890132815392
0.002147917998584018
0.0623076183851799
0.007174923141792724
0.01095227781088098
0.0270225472921605
0.008211934696535044
0.025291409661297466
0.019299387384866952
0.07583194409285039
0.031444287815382166
0.023088671955034487
0.01826012531677735
0.015378702373513476
0.008531812301633142
0.05939811460575655
0.04630753481341738
0.10809445979023262
0.0037707619266454345
0.08147328929977708
0.002943209810273777
0.009613342287201902
0.024353618682632052
0.0011171492609206174
0.10455404076978982
0.0532299157116364
0.032621110660916726
0.06267583310888021
0.9786435236265277
0.025266467484539423
0.02191359527420432
0.012393631139921434
0.06953595153908398
0.016431464138038154
0.04635082452201192
0.0422197276148238
0.026441760890972322
0.006940524971159991
0.08958553277660748
0.023589316463194277
0.09493297284086244
0.1075920910117227
0.018572582230032282
0.05222134964895884
0.02464721503824727
0.02265772637660953
0.00806651861409413
0.029529315200452926
0.029821585134028668
0.016896684339165403
0.050013966998608626
0.0017427722363669513
0.0021577107802002913
0.01676865313435888
0.0050593491390118605
0.04045810800920459
0.0045164494256086235
0.018060883997368965
0.05393213462763404
0.11576217840982676
0.0259284395690777
0.019150839378239318
0.9510769408297212
0.050139760808154965
0.08078266667187844
0.05283518004110309
0.06393751157022429
0.007128461299381357
0.9603086732233423
0.0181156373650166
0.01523515849799249
0.010979376024965746
0.006401670309205442
0.00966605620691868
0.0877178753484189
0.9413372063843058
0.05640046047490498
0.10851641944756966
0.011169341123686572
0.05003413713058143
0.19963204031146226
0.9656257753291354
0.12637807567894138
0.025869862116951532
0.8511836070728604
0.03587674560628001
0.030788027151399885
0.4355508864400081
0.025702353050522087
0.01851590569594312
0.0025934257364322614
0.0059020452131342315
0.0820354117124177
0.006174870772506502
0.013165403933228929
0.07999898507071398
0.959342526766668
0.08363006873492404
0.03616004922958891
0.0018229561346524057
0.2101550719734206
0.015673712059172517
0.027201567484775008
0.01395450791573014
0.016227070706175423
0.09261437168755982
0.0021181195596235492
0.0019617553884943876
0.3346968412868346
0.00892916601416466
0.008611046359116243
0.0020140581457147163
0.23649337542226861
0.012036963887247598
0.9888159094014882
0.002559781481650898
0.007724455567904016
0.004354519727651612
0.2817279548650849
0.0020480677007893994
0.08827268492853076
0.05482169397991005
0.3772769976342246
0.02064452426370511
0.03462451316948943
0.19553212431261557
0.9842394426285109
0.011883163238655348
0.11088358543486884
0.04734047463666764
0.026377126370700305
0.0657680467846313
0.08568038643941821
0.014478678914325634
0.047906361822094276
0.02052235953469419
0.004177196029548393
0.01045701951804522
0.011075640844615061
0.005346514103689956
0.002221832393402334
0.009868211428770967
0.037671011668424126
0.07786710601716174
0.03571606931142883
0.005539175805185934
0.13743970160715438
0.10432662256387036
0.02716930428470756
0.9621907186316567
0.0073157360712536815
0.009979395606093688
0.07843863211048899
0.04620976614627211
0.010354127618304097
0.04245319633600737
0.023478986054474904
0.034716544352145044
0.012565574664021195
0.0223412457987368
0.01755991747113124
0.10758102772022542
0.02213350506363401
0.007680954253071403
0.015721616784709094
0.24064539068920152
0.04788346157438572
0.9828125228969554
0.005596169002966309
0.984098452623413
0.002123367184439406
0.2346839331067365
0.013645008547804895
0.004195859365765379
0.005268835719597664
0.9682444026073856
0.004880254982473909
0.10424034318290336
0.039035086448460724
0.9963901540521165
0.1360363052359864
0.011551575371832892
0.04973178350361335
0.0018007666691973393
0.8146793213386743
0.012948087550591
0.1703045426959082
0.03199277215640363
0.015194906969470595
0.0053634518026660395
0.0013093697648195034
0.019162179658773558
0.01663593041571528
0.22584390191139259
0.9866459823333116
0.011111228098111625
0.018186953538975585
0.05410203142430749
0.9397065818546734
0.9880149361120115
0.008000516636812867
0.08134968932714236
0.07015630515934032
0.09101248911113255
0.009912946904486028
0.020462344390689762
0.07582281576739833
0.038714294331016474
0.09851662793703052
0.019034954246610176
0.6987094245696981
0.9908057619780318
0.032936263505489984
0.07316783593480151
0.9349824839808033
0.04171643101257064
0.9690229408925123
0.01788322387424109
0.09249481555690425
0.007199040386754747
0.00948371603630047
0.0563492610081183
0.08782421445693867
0.00200419689685578
0.015900611412480194
0.024691589427366382
0.01208730105419989
0.03022045890111662
0.017981934737607706
0.06011599473680356
0.00210617747174711
0.039252232628053996
0.8774810629211198
0.020702257607855625
0.019961141276224635
0.23998612859184382
0.2922049430282326
0.025865112174461007
0.018245690229806415
0.020354406301814235
0.006226041621364107
0.06666909526784807
0.05296272880859557
0.9246604554992417
0.05210307417593349
0.0030912343005814547
0.019131607102184894
0.9824608951449086
0.012893821511741014
0.004304199099323809
0.17778721394455074
0.004210961765065965
0.018418611647084835
0.011528993220550447
0.017048332684681325
0.008847328101598738
0.0584767348368937
0.08424685579438798
0.017573250403675425
0.017131325506307978
0.07158565251475649
0.047913060358779756
0.10152998940854724
0.004672486221722973
0.9638149501334168
0.05321103534391097
0.10914181153920029
0.015194761455318607
0.0555973533238256
0.11037985439063536
0.03757360178298069
0.1068077343218702
0.019678093742562314
0.20950577193549635
0.11279988004845728
0.023510419077550485
0.09477344149389876
0.031182732816602974
0.012104446487661312
0.03146056326062588
0.974145152415375
0.8454930476330074
0.0623711501100809
0.026995523169856504
0.9513579887009601
0.06380590010186431
0.02671960561859202
0.055967718575468936
0.028868094225444906
0.036836363901706914
0.03958038326195159
0.08015903729834799
0.9127338430843311
0.07420239667014147
0.04312311994130104
0.01665468141546472
0.025866298810996325
0.011414060538604031
0.97381046502835
0.015612747799216302
0.0012472416343939634
0.019720544957208277
0.007587461930088403
0.047352098638661
0.16151029532259126
0.002662798317909747
0.0190539879205975
0.06407775099285866
0.9572497111560082
0.017840012743130667
0.00828766068121622
0.03516082963665701
0.014230970776766255
0.02067340144958738
0.016433004213955722
0.021676613163451545
0.012185960490225318
0.006041340123437097
0.0021862625589750212
0.018181396398784577
0.05361897946997842
0.010075409028956792
0.018280019257289233
0.44779397893276907
0.011770337160045071
0.06613774562862622
0.04366526905705882
0.041260207390189485
0.06427402594934573
0.015200772270766306
0.039354481063947365
0.13214548532025042
0.10278713956794255
0.0035313475369419976
0.0496915512694772
0.004253408625850679
0.07166767111979909
0.01769050567163413
0.010458027595210249
0.0212889978453325
0.042481590795188665
0.00862949131430457
0.026453955458633733
0.98232931457952
0.02364096205165485
0.023034821093952405
0.028510700576703
0.016670372481461845
0.03544813230400494
0.024952527405148153
0.03524076895347431
0.03756538545188874
0.01727288475327749
0.030315898380915134
0.6728015766239621
0.019953349654919086
0.29931816921890103
0.019607550162958072
0.02978762898709445
0.0574221670325782
0.3704854373278545
0.01842939854030322
0.07900999233317564
0.01784370151140514
0.007770801949655586
0.8720201347651058
0.9179049827366201
0.007007610419088175
0.06695351769212628
0.9725725072403332
0.08673404571383782
0.019205300844723147
0.005608071504116767
0.01883292974913059
0.003142114738559411
0.11258109356140417
0.020443201651331087
0.01140420399710012
0.025341305772695638
0.027500215371286572
0.0041474860401379135
0.023851524742102267
0.12225183959089997
0.03427502767863066
0.9281072968057223
0.976489537925458
0.05377810103586338
0.004943829273125475
0.019521523599488347
0.9930773342582306
0.9614876218403302
0.02617694407953578
0.9794394614117192
0.01784276317217958
0.002547518085759
0.042159531958707065
0.017287424051043086
0.06310970704214817
0.01283119266432327
0.9540631586986804
0.0052757563946198545
0.43155810513039833
0.7890344081373287
0.09330813746728812
0.031654501750197406
0.06070143780873569
0.022417005852103787
0.014773701972281634
0.03178550062083178
0.37999661502398835
0.03388402354620072
0.012867797290582643
0.01982749821835635
0.2705612099088322
0.05302703925274281
0.020784208530073085
0.9423762464247896
0.01318239182492221
0.019059873256599982
0.006878468790042407
0.9524680531642992
0.03188287046346216
0.010237189648623312
0.13070871486469055
0.06111246651215787
0.026054902098197
0.018315208891556932
0.039972616051254545
0.3854620539554872
0.01824602546419819
0.026733549489164173
0.01862435428029375
0.0027280301441697974
0.0882086332462622
0.04467909813414509
0.0021742255202779584
0.005172063371155049
0.1801802816850159
0.03129711369577229
0.01372165385301178
0.015223379463854662
0.01940264000567231
0.061730709354451345
0.05038793260626186
0.039312718467629744
0.9840497856907233
0.008498779104841425
0.016207122926889424
0.9713324844236777
0.01991241983155717
0.03145662547715237
0.06286904722528804
0.04840169227064769
0.007038522674108999
0.07033275945050904
0.06807891667670044
0.061141659082872626
0.048361215016638516
0.004982007176847286
0.07787190629543418
0.008789114950874085
0.012660934559060822
0.9561180555656045
0.003512382164884656
0.9837744147573517
0.1410986640999033
0.019521593162776966
0.04530951514353098
0.008267065272675497
0.020646859958023008
0.005076752872240749
0.013750302064191845
0.016064948709775685
0.02969842542376255
0.9695172012443758
0.01826729272766466
0.006296872246839356
0.06567031941852174
0.9722054123798388
0.964945078924533
0.015284482556097734
0.12018173399068033
0.05448871665561254
0.13360396540884636
0.9091187356976853
0.02888815128394886
0.29625757393511626
0.006431068107046756
0.06157496203317202
0.02572434853296738
0.018220544307948634
0.07922896735774627
0.05242663725433255
0.03041358982885472
0.0700547024070705
0.003475487635509507
0.9821875872084215
0.924738543238404
0.00769666180035145
0.018487508225177515
0.9725770906502486
0.8991765665365432
0.0069385345805727085
0.01553344972901289
0.013188953021605694
0.06690239861942102
0.051342868938058506
0.03539654630676698
0.036702391470823686
0.003486376920386784
0.03295043608708883
0.028607080149544856
0.004206812403908175
0.9499466609929357
0.02302546507269487
0.018616654099599752
0.06077954833215076
0.01604284478921788
0.040649878776462624
0.010181534802545422
0.015374375585977032
0.0010830576893335368
0.02227919196252506
0.0114536572474971
0.006655943224936897
0.04918683709167003
0.06525243162072754
0.01445005566406505
0.02196263470520485
0.01616488364719095
0.041918792781630555
0.07924218407905216
0.007979038183620994
0.00658042835431637
0.016228256180704156
0.02748909959497569
0.01827057551302216
0.028056691106082898
0.06123175238148024
0.03329037798569679
0.006745984048172476
0.12113175636045395
0.9647084997481041
0.02171252499866138
0.024959610978936897
0.28013399095477515
0.04893214977301483
0.03631164081421756
0.003837365470389645
0.021133034067848114
0.018290336882223483
0.02937456939441629
0.004834388368488137
0.015736231705442173
0.24158286731262266
0.05993208176583092
0.024788648941829635
0.006661761653157848
0.030840800164829804
0.9800636227198588
0.15072066324295136
0.9845598809697085
0.9686224037496033
0.0013892839681992216
0.007661717326706821
0.01843209851575167
0.030049898588464335
0.01001828161889711
0.9303010435653492
0.025028037499700367
0.011823053667828747
0.03963820614623159
0.05520553632243084
0.9401780048998163
0.03266702144650138
0.03194748453027502
0.9074951606584801
0.013098607640256464
0.004090276310397878
0.2061479410829851
0.005541936698569098
0.4032727847670071
0.00455216764739852
0.05681824368467632
0.03027119939085084
0.12417655413187802
0.005704418604970961
0.01159104805451209
0.013388256871257744
0.026098788895115983
0.002250222258319053
0.09476253836556865
0.9835808684605364
0.05033856823108597
0.16220709573529946
0.011434002784637751
0.05119395196062753
0.005010025517583662
0.01351384403049676
0.09796795303161972
0.02515748436817974
0.04148951948905057
0.025532074861169485
0.051801661082828694
0.13825778422862378
0.14517054699382786
0.02384449352200112
0.10411012445408055
0.08294005420253416
0.03199240730378634
0.013892636112663996
0.019880683888158893
0.012712027394208738
0.08469663694860587
0.36712345004756813
0.14683670025158638
0.13302637275451912
0.01805387690785473
0.08705144345308864
0.9810336091180744
0.026757522523102976
0.06547770304496407
0.01780265369075679
0.0278095467359218
0.018166374983656048
0.03091724205598027
0.11088121942858382
0.19113753662270386
0.003753801555131406
0.01863342932637994
0.029630577307189838
0.012660202670809676
0.08403585569876025
0.010252564449627112
0.019354031578371313
0.9010357211223705
0.016332081108756027
0.008849206787307658
0.021642910121940154
0.027593596303692045
0.0019115484046746392
0.09958032351139269
0.018881665908672796
0.9053738378911722
0.019153001056491457
0.021554747975618817
0.011982577321209038
0.0165832329547471
0.03397364426647479
0.014972886557412902
0.03346041767137025
0.025405154111065364
0.05293854675798191
0.01813372530691732
0.03314789470472718
0.010697231916233505
0.04786979239718024
0.017129807973998008
0.018159736870616682
0.07206874730960289
0.1644566371360931
0.010065745390795324
0.06747266817230332
0.01761546788158228
0.024860901804391263
0.08061843099443225
0.9156798538521934
0.1110191732834422
0.01577937044242365
0.05903882087274715
0.015445499348997188
0.9066001722102845
0.007031043543072781
0.12140119610029536
0.04878120270400824
0.03204050948038312
0.005333894307511417
0.021693175424502314
0.04084323637921142
0.04531924118749446
0.02867768609158682
0.028762692964699573
0.07846765475294612
0.04180067770425229
0.9782975652082183
0.007326195367655385
0.023192509510220973
0.980491418501114
0.1558243116418553
0.045548846702437494
0.004626581097096953
0.0020071490537009198
0.009696826537387609
0.02576360397756605
0.025513329451775826
0.10286952723574268
0.01420599451433155
0.0648200999854684
0.03924917288230191
0.062112284659888946
0.09639314109012793
0.8027184927517692
0.02653998556455597
0.022542764429856144
0.0268532038796917
0.352136039657728
0.001852378100780626
0.23000055996446836
0.04642116880084207
0.01292719843741843
0.058479189825414224
0.004925772948050416
0.02372336865499592
0.039675016482625156
0.9731215992928484
0.0049886981364347825
0.03656609916778001
0.023174385843836364
0.014221722462369992
0.022459494360339494
0.0801979556123277
0.04997870541012957
0.02313176694173552
0.025294485350997584
0.0014059314972385006
0.006572159003155044
0.0019013874179056728
0.0059976636544346535
0.06593176993252964
0.01896930950553908
0.02154756564724454
0.035510188250294165
0.003258722256879404
0.018478004563261593
0.008689318451599402
0.006328898185784984
0.016826202151260468
0.01694667389720935
0.020550788543466272
0.005124554247517266
0.032150907667144485
0.015865589643530666
0.016055178934444407
0.06913419322260717
0.012273420095835798
0.0839734758517093
0.012344371314717908
0.9873264189392469
0.005795229718123857
0.009117075855781573
0.9476990782802621
0.059175194780614955
0.9165797539696362
0.06895194714634797
0.9348229753046747
0.08568893841607925
0.030947375507570707
0.043526638556263535
0.9809616606034358
0.10143544478810437
0.07833245852774881
0.09581366909940404
0.012704169973777286
0.008120971091459692
0.12683329349877823
0.039882000371990994
0.008970581584318783
0.07833512045073374
0.009552214715524749
0.03909910819353324
0.07773051237090385
0.017672085827868236
0.16140755023514408
0.15182918888713048
0.019378397524156543
0.001500110212033754
0.4601126152271319
0.967788242603876
0.04855163026129236
0.47234096922216995
0.1651105114007696
0.03533192555838829
0.017184309664417655
0.004351392852664721
0.007287403700724199
0.03198000497635482
0.023554541084289494
0.04142061631304489
0.0053680581040498115
0.01008916857655046
0.03141603125112452
0.9753106069618582
0.04965778043382821
0.04459997972175194
0.016687189313881197
0.040112587768522306
0.001214240541945416
0.056144405695690854
0.012702335040136447
0.0681286179375071
0.013658508974579868
0.015057008292679504
0.014843653154483112
0.01733289994956121
0.005448203652279503
0.2717505491642122
0.025322257195539946
0.014483764535362313
0.0023349547549905755
0.046090425721441126
0.14415634240443034
0.014884140994976435
0.03290259107930211
0.0639214764117711
0.032581219877063666
0.3068888855511374
0.04018177164216918
0.011593909814383012
0.020559016937129814
0.07374055348738183
0.0034717875449170057
0.011286565324165469
0.038953596182711554
0.04563746386224565
0.011277065308633668
0.03480613101927969
0.9734433988497148
0.038137871754961666
0.017529380409529904
0.002370802184957783
0.0024544583419813994
0.060706512880550116
0.006788992756623565
0.02509926638230676
0.05386886233081691
0.8456120682314726
0.01120695733264101
0.0039048470482935757
0.04692884487633827
0.046158177101980453
0.2872472937462857
0.016480971602795633
0.9530850034000273
0.06139412148417234
0.1868903655239861
0.1195118662135887
0.07515033653612087
0.13624318266337385
0.0064456163523109265
0.0420760913268327
0.08354769257922419
0.04420818600180438
0.014785695178056535
0.027641011315509886
0.05929733070741827
0.007361528356441012
0.013017128131383317
0.28107570874311644
0.022578971319062075
0.022646268710250453
0.050536956369821064
0.038995378143423236
0.045962312594284516
0.029765320762065613
0.02014638977337446
0.003923124971121352
0.047147325190393406
0.02343425982037059
0.006964395156800166
0.03428490851369267
0.030541250880344734
0.013397761962635514
0.010386323792057943
0.02149427375805609
0.014534250332420874
0.03163614691311754
0.034887084013686946
0.29668959203941947
0.045568393343366445
0.05925404305495315
0.968943547793219
0.013922742061676817
0.16346273071196232
0.07649374690823975
0.012100179971575689
0.034554395218089486
0.00546160346277979
0.1279809121195972
0.10715365726431146
0.029257493728495315
0.020047923571750496
0.011466265149257516
0.01777033983039029
0.06454432402431183
0.05547465923525097
0.031444200950002596
0.024482434148837766
0.03169142291462501
0.036191447420548854
0.02666111248048167
0.23010073043808663
0.001871026216607333
0.002786199979087423
0.017868391123659497
0.2095623507592392
0.0013800501778305936
0.06108941495510535
0.08642003771202829
0.004375040171885761
0.008224007268822494
0.005710033872172067
0.008821711599533537
0.06666955931735663
0.014090600422784172
0.04918571309158567
0.924472468420215
0.02003924054240109
0.020780928841495547
0.021781187243737128
0.06667454665846163
0.043770221506105315
0.024183395923764023
0.9641684941113575
0.39167238988301
0.01492782342758839
0.11066418105371216
0.015279973836958205
0.27354713595463054
0.19213396470678334
0.973577488804446
0.046187583241408925
0.011867894497775838
0.023814421707191686
0.0047270368925684345
0.05123840344757043
0.019436433818151994
0.08464856951688894
0.026405857056134248
0.027244912282743488
0.014557315681353584
0.002208526663358288
0.013574577622850149
0.020330619080383847
0.03834449115273542
0.09385347741891074
0.02504321139599085
0.10893355182500067
0.07226339503585422
0.28105764222288543
0.005096868340821335
0.0541190836749856
0.04599545125117842
0.18947594933287076
0.14374101386963212
0.017979987710552568
0.0013507513910499408
0.007234889433211518
0.01705380430070284
0.1691286042282415
0.024560251078017088
0.014263609239047119
0.025100239169311842
0.32605770982807325
0.0016807592234359863
0.1817975885214826
0.09980383214349199
0.03949779264982346
0.9684256801935378
0.02793111097375985
0.0584567010289874
0.9967345669703447
0.025415702363358692
0.1321739426465764
0.025190355724755805
0.04606657376692157
0.008387135058958932
0.028706501784804838
0.07746882518744616
0.007066910994847886
0.008371266394555012
0.025634972743934125
0.4606683331726303
0.010676545216655056
0.05453558359089163
0.029593406533580804
0.002902020174732826
0.011021725915644305
0.017929516825301906
0.022125715580869097
0.0018022818454930297
0.21066288546144007
0.013704217085327205
0.0004006389338074459
0.17136227218909608
0.02356555655209143
0.042355909434793566
0.015403246403180342
0.06036320400428574
0.012622793442086043
0.037504536961598826
0.04550881392205317
0.8583179220934068
0.006817421017997053
0.08186838289777147
0.9344522168650023
0.02791798814122624
0.016573510175408892
0.9451208394126959
0.012441365477740628
0.007852722359996678
0.019614953395877193
0.009717273070612606
0.02567969482994567
0.020093274049795037
0.44256098245576386
0.01626238510898265
0.0024253007122461033
0.020611393573052385
0.041063044132040406
0.014403652726020186
0.003007038697757849
0.01821374688275774
0.020346575139578795
0.04897456751783309
0.0061228860527952084
0.253465620487941
0.0018571246903119722
0.030723876455825222
0.0952698108437323
0.21375674375984416
0.03338822360330808
0.10483427678657803
0.003866043939745845
0.03398734919648863
0.023644014258077356
0.3759251753610515
0.9694927389794845
0.0071235568663866565
0.014183605110691317
0.012063924449022642
0.012944223990556801
0.03873871054195419
0.016373258250970957
0.9768338746424393
0.025275358416871823
0.9826435890266679
0.9686841490703191
0.09844449490537492
0.011259163389347559
0.9716951527463361
0.25586553327415057
0.9794558087390681
0.08903035642049442
0.9729591459342415
0.9785304675636037
0.004422386926994386
0.008336141494979526
0.797251827218557
0.021794917332371665
0.0807086918018596
0.04078052285547057
0.7769758038528853
0.010824066046595627
0.08697724212561146
0.018216005630444322
0.9731213648602636
0.007846251511226981
0.017503228544106037
0.030644556353154193
0.9716138742928926
0.036225020502775686
0.053673383457467305
0.02536788280593848
0.0982390813488178
0.031514256171869204
0.008411675709921823
0.1727833456355203
0.09013710744854948
0.22649467288606545
0.008881509377664772
0.08343713523072765
0.20491788362671085
0.014756392957458175
0.02065216289024377
0.027264469934404834
0.9770249393430265
0.009749014684956672
0.9790180149582566
0.07477571522289703
0.02884572548479276
0.04398288418792795
0.02624479193886711
0.004995380615492302
0.014943646188281918
0.9708799946154136
0.011190361734050277
0.005914258543992071
0.009973101792555958
0.024865368926455658
0.04221763230445692
0.9696123582657517
0.017944072898482273
0.004753730730560531
0.015550754058703
0.01004483858614927
0.058768950606635076
0.037995154644156405
0.02292430690644117
0.1302579272719961
0.02266080229428359
0.982046895968962
0.03675892404252787
0.03790371324821224
0.02978980250675309
0.972600784678965
0.043244989005309896
0.9161548334766808
0.006513531441986844
0.00636911501949321
0.03138702461913145
0.08266485730354588
0.07625519795295711
0.015736974002623822
0.06297806293873176
0.007088521094145741
0.9389868720823757
0.018258046164510485
0.07032798698211111
0.30883552499194106
0.05624173582786882
0.1785165325345531
0.12813472948530522
0.8974496535673754
0.07011885637815375
0.5085929207630737
0.01584159205916947
0.9828149955840516
0.11820366935424358
0.00925194191974312
0.011688159605928406
0.03342503616299147
0.08278237181678542
0.05575156073376305
0.0030639388748662476
0.047986555910249404
0.052570212296841924
0.05464786991076999
0.014408376058922069
0.036398217107663125
0.9603316250435351
0.9742637893662782
0.05720239105628538
0.15371018052318036
0.011910293136649463
0.2713787783734148
0.04135377170667836
0.015365188254226598
0.9715854900882713
0.9606902636308252
0.011224468414933048
0.01844878666558139
0.2407359850664824
0.02463308387771053
0.007915408432172292
0.0160663730970655
0.9574551965832515
0.1683452843265826
0.10511890989292888
0.00315991117529739
0.0140625280553323
0.928693139097183
0.11359062342096835
0.02680572009927851
0.07059374238663566
0.01142651898502318
0.06121987092670402
0.035600864194511535
0.04277545350716361
0.019434804547759952
0.039708394500281664
0.16617854267627927
0.09492600565228529
0.02386962189083623
0.011975108727396695
0.07819139588329281
0.03210073080524317
0.020088029324506755
0.9390657904727008
0.0363412968216862
0.03139967849473968
0.018920286852596214
0.8234512097594662
0.01465735503993126
0.016526829997236377
0.00842619558521999
0.008839497420287789
0.974543591433568
0.004856977495462513
0.036660651728903614
0.9550574183868267
0.06931117665618464
0.03345505776342368
0.04665016794728632
0.0029568225329224622
0.027022933004221112
0.14531026392333243
0.007200345036059367
0.143477834140419
0.002236179665543944
0.380025013241675
0.007044314160513732
0.009388853658255184
0.026474440265510647
0.06794519812692754
0.008583020299204087
0.014785104499241782
0.011853724427964223
0.9798889768447975
0.9824874426843917
0.021778583378365777
0.021319406237400286
0.030184812070451934
0.024211941795100972
0.156013058940976
0.027268314770613932
0.00945462015728777
0.04445686237928143
0.10782475097729502
0.01994681108042001
0.018725879615660145
0.033963928688595685
0.1162500240371815
0.015249215326824456
0.054880852431978946
0.0157245540698156
0.10559951431716197
0.8687428964741966
0.07067194638534918
0.025793994642944316
0.006114072147186802
0.17636485445926284
0.01848101739042318
0.029843417529207918
0.009640917733120296
0.031220182847576855
0.9646773493024705
0.01373201295478139
0.9843514366176156
0.9059947503047278
0.0022213910329246743
0.9763698556014849
0.08261171445382874
0.007056278436424522
0.1282428274345101
0.13208904825221474
0.10490582505611368
0.928281929230206
0.005225795792013598
0.037337938605154476
0.014771370143479703
0.012675441886329408
0.0031098159142883995
0.0179662666263276
0.03770556239244317
0.026422008811166044
0.00790656824107216
0.007601753236548563
0.002185365337142379
0.07026435857011318
0.024783580519204287
0.025113469926041323
0.03494265495015736
0.03972928173822738
0.9756786737234333
0.02368082744204138
0.03956291773027625
0.011841265333614298
0.02948361160150191
0.0024191264582672256
0.007336160632677557
0.03714172067418101
0.007638749543584021
0.7943214671539892
0.928387442297965
0.01880283529786265
0.014904020713358297
0.9964920634805019
0.024651738663065952
0.02239460986615136
0.5138289336300081
0.005831603843038036
0.43240705592250844
0.0010816466521963533
0.11163317240733583
0.02451423385938735
0.0368979439189164
0.041364310635731094
0.0009220804006423112
0.025910321371947324
0.019268179265734126
0.03229405659830059
0.07506148020230297
0.003963629424789028
0.1557302977637722
0.002304507164330963
0.011056136409934114
0.907337528411042
0.014958695770627178
0.04067561511431543
0.007422447861589673
0.012192304575610515
0.019173480514961608
0.4884592928556343
0.01821857375509025
0.022236169920992914
0.005197130837550218
0.010203676775209083
0.09437745184838688
0.04276431778898167
0.013850461527323445
0.012218392357597242
0.03305022336219675
0.01610236853666269
0.9893953468428952
0.00557596391778746
0.009740046010823778
0.009744515463264483
0.006111159815101992
0.9453443735186945
0.00372327253405077
0.9654065345341187
0.00791378672981677
0.05349801369192517
0.05534522542116115
0.042153345388275865
0.9526586577547337
0.09239484276346865
0.09348259193628003
0.04731552245314445
0.00527622165984752
0.04145058161483666
0.08559981168676675
0.0268719931335292
0.17136819283178004
0.0158365227690551
0.00634666561327956
0.0009129049156898338
0.006671879032196183
0.9774430589457608
0.013030114405883888
0.019355017293833775
0.016442117974940097
0.13247067802650894
0.9482131263330574
0.028765348675315605
0.1610923176109334
0.020744029256198122
0.03920405870622378
0.009108010469061721
0.023352444085379478
0.053518535944502475
0.9546382349022371
0.07487832168255343
0.006397545813650695
0.01962573075539082
0.0453621998564916
0.1081825952598458
0.9678230743493427
0.11532923032158293
0.01623076792494111
0.0022134995755968704
0.015905922992375802
0.037725108016806
0.020668440427098346
0.0025652732056881166
0.02839117563325297
0.3667364477576586
0.007470747995184308
0.007991780667231163
0.10864916233110548
0.007877563163084878
0.45185479980440785
0.020941316353596494
0.057953939048042434
0.06404510536203054
0.003596896773085174
0.01324857289802913
0.02886828810444054
0.025344370388852372
0.9780048226215652
0.12772631554963892
0.10822614659949961
0.02274276554102255
0.013482687076132045
0.014036684013131325
0.0052938292005778355
0.009730955658489622
0.01079361058473584
0.12708520204324456
0.11675024306380793
0.011565832192553128
0.036800102388688305
0.9018269274261878
0.021506551126716032
0.4387532799176825
0.003404912718562066
0.02150814800037163
0.8045489520919841
0.01891258139710794
0.02423756151418456
0.0008564417546906256
0.004248454131877152
0.005690547339488967
0.04427574276457018
0.09135470430365181
0.004525837120410965
0.02292664517587785
0.02969744262671862
0.0031397167645465457
0.13946787046814002
0.9565817672139809
0.04527789196983679
0.036114090327024534
0.02732156727833751
0.012688850616265523
0.03840808180235861
0.06513390254328556
0.011064503001805783
0.954706215030299
0.0968158086580783
0.024544043278675085
0.9467574843748437
0.0040987612795845745
0.08480348395825414
0.007313031467069357
0.01315124111393179
0.08849878205283668
0.0024404736743605863
0.0022830800053666505
0.03240919585988235
0.970716139665815
0.007054236264155036
0.009370550541050777
0.09811423928477553
0.32809233005575766
0.07702385470849697
0.05349409230558647
0.052813697471888944
0.03397036925505775
0.07770329494200855
0.0030079883486198874
0.013634911509837254
0.005569665384780979
0.11562252550730902
0.009295934178329628
0.9836869465737044
0.002518631179056004
0.03304286547848834
0.04297480989380958
0.23110528097479097
0.3176840980506815
0.007338148967323811
0.96301092266462
0.06604917456358375
0.02445995972005204
0.07183802126628364
0.9236716373972641
0.030910321988822768
0.009928102872209202
0.015026450266254328
0.011233574290564248
0.020435426923165162
0.002873372325738258
0.013587738444653226
0.9777477880312725
0.009044586134380259
0.017922538004211893
0.00844913820924128
0.049463781016503526
0.012316946695684025
0.01107593185061594
0.08706133063987505
0.02658421921898626
0.9516997476922551
0.15074443492320477
0.938346030949872
0.9790958853447679
0.06471768860229281
0.3074851850667832
0.017691643202424813
0.01251700841179285
0.9780380956420249
0.3621415384150316
0.02767808888763833
0.03608561754287305
0.01699295284986026
0.038486197619718075
0.9721881091904718
0.09494102629846352
0.030652092038281203
0.017811949460163377
0.0031421098883540562
0.04000844680373397
0.9590817059971779
0.8983552107058896
0.017788023077893976
0.9643236555221204
0.08823701684878646
0.0017341674919977377
0.020450532401280763
0.015082227028878136
0.03931880452250737
0.017273422648549135
0.048211543518818484
0.05233712802157928
0.009538732575012233
0.034688712613506444
0.01676053736807384
0.10162182222191414
0.09437867265573074
0.014808527846388
0.004952394307852281
0.20834548107191586
0.028616926803883853
0.020573657542299763
0.8960365369015363
0.005042311695595486
0.04663670531453483
0.01356736167230632
0.011727761001902306
0.06781955041120112
0.04596992840793403
0.9387181406063541
0.006501349988424118
0.027828190004522302
0.009224239350083372
0.007540289948437416
0.019948377479410043
0.05754383984009296
0.10405420734998484
0.04839061307442525
0.015798986765987656
0.021375803995355387
0.09751701250208591
0.0371957731677092
0.0200740476300447
0.1069671359190731
0.02933492557101762
0.009679260165469071
0.051670736811771485
0.015798480936798906
0.2891963283963562
0.0157817929989275
0.024380642861621372
0.019317994657819904
0.9894358063297243
0.015089757354276147
0.9494654516843737
0.9735801278321579
0.10942635546466577
0.9699977205631255
0.038642591960990354
0.03365619426156657
0.029201075011032456
0.0016540691379850318
0.01927285320207591
0.04935516538349343
0.010128660807468598
0.36933287171735407
0.026648922820622613
0.308422309446905
0.0178801652504996
0.9853635476292197
0.0071956054165519465
0.07958877090404277
0.006222400293487964
0.04238389656383652
0.037056732506998806
0.04428905172894461
0.0014951028364109306
0.15623623664408576
0.07856136868171575
0.015512132430521644
0.013943262688716337
0.9139529915795735
0.0456798143532297
0.1856631285484095
0.1190259687182821
0.03046925780011801
0.013747123607954239
0.037080799091104254
0.20943342219068486
0.8992586842367656
0.09105822030881305
0.011389422374224054
0.007299163065416823
0.018130732099361273
0.9392587849094017
0.07430949132865848
0.01409636677963392
0.006767871331183709
0.01042280432903389
0.0944979857951656
0.014122049881263627
0.03480766390804002
0.015790404133093936
0.024942986762444486
0.1713154652912848
0.008112539516952993
0.05216281605543182
0.0529391250869801
0.01865013358026137
0.037498693532330256
0.017647034090943713
0.01245419620636463
0.02480737545123418
0.09548566219602221
0.007158865115482904
0.013164865013665988
0.07430993085861202
0.009032322576329388
0.09390439152536724
0.0028779265803845
0.1097945337115706
0.002571230198768951
0.026191337560326176
0.03806521913317395
0.9682090625084797
0.06179057898496718
0.24533326243428333
0.022807272971504068
0.988735005921531
0.06435145579919875
0.02537061173507598
0.022068926053731695
0.009686772324204992
0.0017425083298833928
0.011417356875386052
0.03018698900611343
0.01189392501609439
0.09981225592447703
0.02532495617839977
0.05460098430282771
0.005183844836153609
0.02877963653953474
0.010231788595584658
0.015832169426975046
0.9640529810148436
0.023020899997262142
0.009230700438374944
0.02213622446022388
0.0513459745428052
0.14925093311114873
0.22924504389723405
0.13577663831882242
0.042203873412093966
0.0015204858833468293
0.08596205361522943
0.019528950891847613
0.022173215505301817
0.9408898053461063
0.08866889149019505
0.04359689033874695
0.0172121961394182
0.029361413752753997
0.010932356803760285
0.02633724926856277
0.04196322873057719
0.008098714508597673
0.006832983018581811
0.001647078511502553
0.07133992541786856
0.004497799371252959
0.04416518789118169
0.00578626429807932
0.11244600293643087
0.9798732658162778
0.002701578852103635
0.003644330260534482
0.006792839397721992
0.0429910125225307
0.09676971478372659
0.9555517888230788
0.05038776757248746
0.0222019189328514
0.016990757977215817
0.005060844753239006
0.018499176030664168
0.0014915793845016283
0.20753628132072258
0.023986009002813717
0.09025432000017111
0.9695487693199053
0.02493704090658358
0.35135434706763125
0.0038675528821547184
0.012152873962092442
0.031291028643283036
0.04979608370685929
0.005689675433704773
0.9098153907723859
0.8817219374884852
0.04562897511278896
0.07330120733453901
0.01580783804145467
0.05426406720585562
0.013056725840736914
0.0025374087495863267
0.011810002201063617
0.011475350985866231
0.040885340446163904
0.05117623456909922
0.0022898990831638146
0.02247947563470171
0.05760909241882686
0.011905762563157203
0.050025786496917544
0.9837978621205754
0.052019660707744476
0.06053881687605997
0.32875340937533754
0.009003883157582614
0.1327500769734128
0.03859850479316577
0.0695118645723019
0.0802188033188529
0.06863158561993697
0.011423576639258332
0.3310072814650638
0.9726798652879587
0.09867215282042138
0.03614434796727256
0.01750205758272013
0.006454209094960616
0.014026985652795282
0.025509511116326253
0.04921452906252782
0.9795305216979799
0.03067001130487509
0.1695446356689372
0.018082779833753903
0.1482446609385272
0.001486083443543413
0.01807615915636279
0.0679089619848437
0.509962961897774
0.024211011290673306
0.03135829354213319
0.988270705392545
0.9695614385265926
0.020845249256928957
0.09408963935034986
0.09438193737443344
0.89676144055163
0.04407418670479928
0.0010991656816775985
0.02121639244511929
0.9930048772992225
0.16977103465245535
0.01057901690887163
0.883467024323723
0.09688879705646049
0.07648591025483108
0.02469898252808335
0.09873622427585618
0.033987709924206334
0.9006130718569563
0.015800506145947163
0.040867881393001654
0.014669563206764017
0.024715551241845973
0.03505231597418783
0.004995980017076481
0.0031336420275172054
0.0060729647298375326
0.09331930510346025
0.029504498492937643
0.01662283314102319
0.11997926461424778
0.02864004362368345
0.09182324500142736
0.014102517138004807
0.968282155484854
0.00872233314025956
0.009015197037073538
0.0007697772463911393
0.932737858218834
0.03176183285733403
0.01743576103447495
0.018112918365724248
0.02938422156250232
0.009985067970263904
0.002167888267120097
0.014127954082224326
0.06693527970773547
0.033652642620870754
0.09070561215276333
0.006757444639836351
0.13374196374358166
0.002514100979139954
0.02640917038176212
0.0007544042535883564
0.001543743004559271
0.017542542391611377
0.0010467240963786585
0.05119437745987448
0.15222169961230556
0.035882705292881366
0.009436642062037648
0.02155990782956964
0.9389962215820579
0.007526478521562466
0.1920253370670609
0.8858695621059172
0.08964465020060947
0.02151326832196704
0.9834297584488318
0.2243575464065208
0.0635443001051672
0.018738348342975348
0.007971185207811064
0.13536183764381818
0.016520708816472038
0.028878182439731576
0.014555311861342407
0.005378645492284938
0.005011798073729406
0.0122362714692743
0.014934688051475145
0.16111802032139952
0.013777520571395835
0.023984469983717945
0.01238163954896543
0.01428308704702584
0.007279680661173635
0.9731059632250978
0.9623956380711891
0.006128383394659684
0.039681782869450434
0.07687712473029754
0.05320339947296194
0.015627892948268638
0.0021542200680708676
0.0023354743194221395
0.08358487241882744
0.12249133890059745
0.4246655939779098
0.9548107106533498
0.005654636855936939
0.03270966968407102
0.13853928549804498
0.033020453269791035
0.011510179923325821
0.031033195990445316
0.009583274150210687
0.008083719423053224
0.1529495776428099
0.06840508232702128
0.005162634654869071
0.040497189895758755
0.9872674168048043
0.022723053311873558
0.009123935716047245
0.042934188859523
0.1489907924685973
0.05141121296228763
0.0009765765636487547
0.008978952761257136
0.10304161807642442
0.0701801274626597
0.42407551123539267
0.06538643630479558
0.01406227793404741
0.0130776105965551
0.09604704601869099
0.943458950711382
0.06683625441665782
0.013349289466891236
0.04746139419470508
0.27788996478135247
0.01330102941211786
0.02643041649582928
0.9785246787742887
0.013548863481735425
0.013821758344599071
0.011977269713387868
0.018713690663972653
0.03622158119467952
0.12289279335401694
0.02406590497073017
0.056756228968245295
0.04440885480448962
0.08755385343222338
0.010990921681274616
0.03179590039598954
0.017587607137022784
0.010239439739321054
0.06917283181033011
0.22232239828033243
0.011824549569135553
0.20116745447069984
0.031643948304993084
0.04145479948504106
0.01494062059091582
0.05951363106742929
0.007642543877304648
0.020976317980955665
0.06735909208669824
0.012856402746130768
0.003450157543406885
0.012885663057299088
0.006166146495477591
0.011670764106093086
0.034692640395812074
0.07367279791881062
0.01572509989540424
0.03726654337125128
0.01918171498845267
0.015164876670587859
0.008339550201845628
0.09332698512151406
0.9667743804126094
0.0047552037030024925
0.9526894371286179
0.0011403232551968636
0.10258203492829718
0.02098184732798195
0.2189061978255586
0.02258470139396861
0.07384515799675775
0.026862069798183053
0.018748234601060332
0.028535832312281118
0.1306345077609361
0.024156247297574936
0.9825641119843316
0.3749395049320478
0.1142660791690789
0.05433203273039523
0.05838735266452127
0.003905824248989732
0.032627487359476924
0.41453771815528173
0.9377594464432196
0.00127492517562394
0.013049621442861386
0.01727235621871037
0.03482787077913608
0.9770950954151724
0.24087016749524656
0.9337824659247771
0.029691972316948687
0.005781532773689716
0.005726728874535298
0.017822138462259836
0.44727592267387956
0.38780486887182636
0.012881825580315837
0.08744190885476721
0.9333113029732394
0.02254634748677166
0.19343546932201353
0.04015600117344947
0.08823965394780749
0.01021816979684441
0.0265839855250344
0.9678170396356988
0.021150982831768448
0.09132263417847784
0.011911544510475366
0.9247763667622346
0.03553635936659735
0.04930224131150007
0.04629400293323238
0.00369763108636477
0.030737001739295368
0.004993086899394296
0.008147123238207387
0.04861367842613889
0.0052938886139634435
0.006778442978396119
0.14292028649821856
0.9786411828227103
0.02476745793691116
0.9746890317971221
0.12152776255599641
0.019935126918365246
0.011917443877689417
0.0631540464426923
0.9766153370107328
0.00962302909510464
0.006563444495167058
0.020380779585325602
0.010625867435412766
0.00561933698281851
0.007437961696390309
0.022077879293545145
0.031091685605023213
0.8998676550056414
0.024260857574717038
0.10992925036048608
0.06312449158365341
0.021513181883186717
0.020070958305244663
0.11734249177201247
0.9777848740906997
0.08981030503086922
0.0180656443957262
0.04672013452429874
0.047438615835686655
0.3481430485633256
0.002071275265979667
0.019322503403880455
0.019869068214290516
0.014942924932838891
0.018001108895203788
0.9943105146819973
0.007085584731523714
0.06883996243397865
0.0069232070556503825
0.007719726711142555
0.005555078428775581
0.008631739906593909
0.9479770392349018
0.013282022778395937
0.0457733901855509
0.07583199020345126
0.5305959786326543
0.013306392624154282
0.058115755178192424
0.03740801052737615
0.011859609514110496
0.09711016623133382
0.0006656205472449549
0.04165300096786233
0.4326275714451687
0.03500296316290877
0.9264810778866358
0.8984997696524518
0.027311240725750644
0.07562374351725819
0.017783691041746378
0.058953267223637834
0.022466568251836364
0.0065594336936500705
0.005638651820613524
0.011988524969607632
0.011627507547928543
0.015098307522609267
0.15969883952627495
0.9648726576861967
0.012924811442023678
0.1706536501244882
0.0532628959516193
0.0024479828094611245
0.08432438177315435
0.0060602657813168745
0.005688590150340559
0.9537120094905543
0.015826689974396735
0.04405275827220497
0.9737735472835862
0.020968571107663665
0.014577464583333538
0.004818206744897547
0.0430457623911262
0.00648858746056239
0.022697226521195886
0.01986963849839759
0.007145793365470874
0.9794049935839922
0.007106134759260623
0.0020602427931348853
0.001587042948276788
0.017287424051043086
0.014004963376970452
0.013217317493298233
0.010235576136575981
0.9785374023416341
0.07873331635014157
0.07433488744470587
0.07573107039154889
0.04347799087856249
0.011817967477931061
0.033568033009053116
0.005668372809084469
0.05388708246989411
0.12942084951442892
0.11071575817264868
0.02489871071131187
0.013477383589127853
0.027650614670214017
0.06020026467967815
0.010541277587216395
0.006382488674369704
0.2449009736506763
0.018169440740656125
0.9849825412067635
0.8823483798146348
0.10499103437816107
0.0034154144150286224
0.0884619109782134
0.018880753819728587
0.04621736899321114
0.06349516315576181
0.018782615543069446
0.09960323244358232
0.2204823994372461
0.00669852235611945
0.08164316372494113
0.13859752030232003
0.010490253012257717
0.040110680290547936
0.10259203144146316
0.3039565636405563
0.05779151128854765
0.009545952420782915
0.014782085689347288
0.0019344434482545729
0.9841185117057377
0.04932275839904136
0.015639455028233624
0.04281288028457026
0.08230046757562673
0.002767490894000941
0.0748822774093166
0.01775956214971079
0.015060095838693733
0.0480679869517062
0.01093003766289207
0.005778712841989356
0.020544504518814108
0.008528037074635854
0.008209222920702556
0.12824970247013476
0.16262682359235836
0.8802090054261651
0.010150085916760521
0.019046949093912028
0.031972987888016044
0.018973923350983496
0.008951925554086594
0.03700538669903912
0.9888922836481947
0.009266329783258365
0.033940019994758486
0.018666674930396254
0.08420659355227905
0.9409871931304788
0.011120975061839634
0.1929039005099624
0.018334034805608208
0.01184804391678549
0.018790059621855714
0.0040705625562549004
0.010171194219261166
0.016545016547034976
0.9784587649226354
0.002055575220410482
0.001279337424390848
0.027189837120057656
0.013157991656846868
0.004398015423907114
0.016360220459832594
0.0182116278848742
0.013261113024073875
0.292825385801035
0.013379196074436696
0.010412871947502855
0.006279783757987926
0.006596832641627299
0.021707093757805263
0.12737728651840716
0.01409862015982931
0.006185697117435061
0.033736110748746766
0.004699829219113902
0.009940890351903972
0.019777563938748584
0.018498369646126448
0.009055424089281523
0.02620579714324877
0.035038763948538436
0.007555074666127591
0.009930999595373207
0.01145111374541672
0.0020373349625276544
0.008203825012745043
0.1368627363566253
0.061017784146732104
0.07892145164783144
0.006822425041746671
0.018096835138516388
0.6563595864930772
0.009196067695660374
0.1391424953050397
0.03293100273697393
0.03202279797427454
0.030454578951803455
0.020572465159609123
0.027042195432143427
0.004258604249259716
0.23048673391374105
0.056415206156183714
0.0244917521453209
0.026257412158604585
0.04220551569920545
0.030526626286497254
0.9850077726559094
0.025307914708290347
0.05221129719628496
0.012917230918030856
0.01607811936430319
0.014713443041162016
0.015276634046530662
0.05488923194944669
0.035617125232481485
0.03745938080642597
0.03012974689698568
0.015858533113042018
0.016127610471565267
0.1159513668270801
0.033491296456947484
0.01860102699915647
0.9648014071983659
0.09095038310186643
0.02480500440977484
0.000873808355451441
0.0729347676104055
0.9658914405086151
0.007402581972343627
0.9622121762868654
0.03875771474097007
0.10263954064193972
0.038556378206656174
0.0057662877734985605
0.009704004111286083
0.04554321884058587
0.018852903743778703
0.10120720579240042
0.029793646675500815
0.020633550947357013
0.003439071505809544
0.9732211416979374
0.08907660737148734
0.9469070604947569
0.0481619923601739
0.024732956129532677
0.2005098221590231
0.009516989204952891
0.03266693546251879
0.016545959172371116
0.009085487305195901
0.07945915315650988
0.05055279439004894
0.005355918176686168
0.9639107966332094
0.00883872907524034
0.03094102021723477
0.10199586856109039
0.02339142384279525
0.007708783141540561
0.04354770634712491
0.004494895995948097
0.757421310420726
0.02929111107234171
0.01916422300616796
0.9833625482404895
0.08641346463777601
0.027863433453726504
0.033328369744433074
0.002842323269555597
0.016283155131722807
0.8204771657187009
0.00867748001598109
0.009693444799920506
0.07119121657709657
0.0035486986896747868
0.11263343786848361
0.10336433258464514
0.002202229963988083
0.037492680616236375
0.0024648037588074143
0.005014298268203989
0.00975143150992794
0.003232369853860293
0.1779376207085901
0.9662481116124062
0.01867002359815275
0.011387957943761212
0.19636379441111068
0.08089112410326076
0.047350940308531105
0.045315061993289586
0.0031891771737104545
0.00607684500394256
0.030827349696355495
0.011924628845831155
0.002891847025227293
0.9691629872810312
0.4878175025874203
0.13852086644808606
0.027769908406976067
0.09878600433555645
0.012711016599281099
0.24555582538940332
0.019152123877522194
0.027948566950200038
0.021591595284856834
0.16426168957715856
0.056805612847755156
0.007951684911331905
0.017710780307762502
0.02120841115483167
0.006616802092246321
0.02252833567541893
0.09062898345670858
0.009602671018554722
0.034709178161179154
0.018946754688903944
0.029183082162791592
0.00494822221987834
0.10335413451055667
0.0900179797136163
0.024945250920255315
0.02102067164498349
0.0013641334528201139
0.005861285028176303
0.03739721303746704
0.045688369366486466
0.04490077594196097
0.02763350230683929
0.026157676805950884
0.013750061372129413
0.0034740416794845075
0.13921774520395916
0.020368578036911507
0.0263246925331028
0.04768796017273097
0.058763809699223984
0.07931325525778685
0.10538469754002674
0.11131730205554327
0.01643204618730583
0.10688708012941855
0.00954272514813539
0.014265612478972149
0.04379296961864268
0.005486024638398834
0.0022159933273313104
0.011656453253562703
0.012918746349508015
0.02794339344241016
0.0064522008992388205
0.03068259832086433
0.0029827616204291295
0.0022271053060132634
0.001586200189829169
0.008798624289918731
0.020312172774146264
0.01294640003699755
0.0037246038246129425
0.014223434847974805
0.021556769592714617
0.016099502349552187
0.14874745595684935
0.015801743866021865
0.028277403802316903
0.018782159798402077
0.019515347248676814
0.01589999406009645
0.013753144380727158
0.43160975429388543
0.03807837853804446
0.028319433002670338
0.012165147793462158
0.1399009678559518
0.9685771241119383
0.016478274109927093
0.009797626845914658
0.024190470537724832
0.1336499811731541
0.005618167475100351
0.0392559385555916
0.012863555316831969
0.01121901923710458
0.0012477588573652418
0.08152162364397292
0.01565097984671494
0.009981409984040098
0.0017152616599207776
0.01169202819175767
0.012994945444580484
0.003634379936650317
0.009832728870105936
0.020514177535880175
0.01179428855818071
0.0672146991023125
0.0026225235599398396
0.026817748323480783
0.07122163428183952
0.02305171143530248
0.060544089820220685
0.02958759749457047
0.009153806483570379
0.12520171407279315
0.05064184202596215
0.04950334250323356
0.009555890515956232
0.012423397882480243
0.9824990204426404
0.06332890788937036
0.0020686398789125887
0.004575620968045658
0.007696446403762818
0.05107759209080786
0.2172876767865458
0.019734112054722138
0.051593402064359715
0.012969067411586998
0.01763541824606233
0.9543969823657745
0.0601388165175411
0.1607229449923351
0.05732977551630162
0.018732647265358636
0.030068115945207065
0.024308948405406185
0.025221648651941056
0.07979071599032622
0.9515474981034728
0.007804600723073794
0.03764574399143036
0.027442187029978766
0.023739877874352975
0.007786772692377602
0.0062897962438104894
0.011126652742814071
0.9911769696131186
0.9870528273522718
0.025171158872322144
0.06480935438699126
0.0030347673657396697
0.012653191485849171
0.9411778241737669
0.0051909028194393
0.023902893932890138
0.935562559686917
0.0029429872270902682
0.2957426087817248
0.02277688925864231
0.580908922950594
0.9342024220560521
0.0014856851508875605
0.016664861329983485
0.01880049319277106
0.015287202473408479
0.29296365584706374
0.07909863315750741
0.05056619098847241
0.05144255672187758
0.05365135780091074
0.00962005322706173
0.9762991498205807
0.007898774588779862
0.1287826821926572
0.08667492015739965
0.07223951688040979
0.011191291443720545
0.11534930078442558
0.03132258287561293
0.0340787370477332
0.11919965570537551
0.9780923802806452
0.03449659800885522
0.0628307724478687
0.07309492331178555
0.045535846715772266
0.03644008281587615
0.0016929189024331337
0.038976808974166534
0.02111868586075502
0.9401000765508278
0.9590498007977563
0.007709073063042321
0.9413134008397671
0.014872060060245551
0.020932259348596896
0.31180829547445577
0.026135899460007092
0.19325221715580101
0.0030334179314669032
0.005309871856075773
0.01562653974987386
0.9674883133594366
0.00932515207162996
0.15492743656583052
0.012604205747952704
0.025575701679720186
0.926638181162388
0.07982316062326036
0.02407954549293492
0.019449514638526566
0.08855664273348461
0.016440066160402923
0.018190242603973047
0.9404307867984993
0.011452266637927819
0.016395256175570513
0.03194079715143524
0.13907954422436075
0.01850200236880856
0.12632416900265184
0.07710970350925084
0.7547713982537604
0.16946564576756296
0.0013197084833940073
0.003904040743100348
0.019739974632163558
0.010806927822999676
0.38098454227228357
0.03388373151883182
0.02558455505423104
0.06556140135427141
0.042145723108658585
0.010350329022076723
0.07354535745310094
0.002276926267378449
0.021251775165368577
0.05518072299749978
0.01896327341043051
0.019242873896098796
0.01456718212734219
0.13461588312462333
0.11807171608972818
0.04633917539248599
0.02065582525769612
0.0790299576866293
0.008372874130936101
0.0368743458047614
0.9472556591972604
0.017582645279801176
0.0192326749937742
0.04970920808598331
0.020489645768556577
0.18265508423990964
0.03534951410218438
0.01987581056546452
0.3252654675835867
0.01896878672711061
0.018737553918143496
0.018320987703359323
0.05272037627749957
0.02878338913528619
0.18435505985267248
0.1338667848051963
0.045120548851976194
0.9583257424060111
0.06558083106438345
0.015277604415119364
0.03498695806792807
0.19601760478995459
0.003361256681570337
0.024217836446987974
0.026204100470803623
0.019420629599368223
0.012404350928189315
0.0037291862670214217
0.9501819463169904
0.9966640472351739
0.016457059408133117
0.006240393884784065
0.10490773899679472
0.0074348793104934904
0.03627420616809616
0.04943941542615755
0.025725974423641867
0.026851944586069522
0.06079691665451246
0.5627009874801612
0.016935417271118972
0.060068048800833745
0.005758889096402725
0.11835075158040394
0.1536966380632076
0.04045156569944538
0.11887890297393709
0.4090564834747843
0.1506453109075687
0.012742225170789762
0.03486614451530171
0.006968351331377025
0.03358843809029531
0.004714090129617421
0.01902658905501813
0.01770631969104017
0.04669975214405838
0.012579623205524242
0.08318996226534121
0.9819648228434441
0.016109334308070156
0.019843600695820127
0.003657293105608567
0.043999507549426116
0.006503858054081039
0.09056066056797488
0.05312742279808993
0.018966562528397343
0.007470880798910447
0.0356235333041778
0.06449002838691918
0.029649365459988704
0.14006148669411175
0.9518858398395658
0.008783064696277747
0.1720750828916672
0.02777786154693911
0.04429689800550062
0.001842516955220379
0.028429258539673617
0.0013466062975137237
0.0073486753972703016
0.02191921442957769
0.0026708464133623367
0.030541216700383806
0.04170289125911363
0.026226736721218284
0.015158062629803692
0.0013855139381627015
0.058976534474943526
0.022380014129855116
0.014102184409937062
0.014273934565028039
0.002750464919280391
0.8136846731567527
0.04027926363200682
0.11015995465447406
0.284146260207045
0.09382062513867899
0.22259548742292917
0.002830765116490391
0.026874458288630398
0.07656161130703655
0.05155766104408014
0.0200135566781438
0.07408388033889574
0.0073777561063485255
0.010029805021082626
0.1044105919521924
0.11533647592567636
0.0725016013899866
0.05150507386578394
0.013300118733556647
0.02983644545624726
0.02000150195441263
0.019814894021282746
0.010279403432102025
0.0655029522154351
0.020495428160932132
0.022481645533563546
0.0011209331298806633
0.9592499955669541
0.01887276509137668
0.0707249700287277
0.07709418063868538
0.9663252599957788
0.014768187977230163
0.11855576014962636
0.9212871449754078
0.36707817576630425
0.031610522645481025
0.004174952647647364
0.0017328543786746537
0.058867262244824504
0.018041410260755234
0.009065468801270125
0.06319923604624668
0.0016923874392062801
0.014002243732699805
0.041048801162296755
0.1411578160817666
0.009538962035661932
0.06131358645837895
0.05139190943471755
0.07237311362652353
0.052100546641057156
0.026134803286031263
0.10917898665511236
0.014591052317799393
0.026680587848713272
0.005851606559391986
0.025761511042259138
0.9534615135512978
0.13564361116938897
0.03634961926547049
0.04961197805179047
0.008786503281845187
0.0035034487089538875
0.018460282602492273
0.019804493993928352
0.007579293115649886
0.17312149816924471
0.21364344487071588
0.0730095842275856
0.009241595667153563
0.0026757983124125907
0.08863031589415898
0.024395899974302575
0.025924658021600353
0.07391647871818564
0.008197415034084447
0.02897673513224648
0.009543445703962464
0.006632291796068509
0.015915267856496027
0.07502626316635863
0.005092042916745668
0.05628115265943557
0.006220518972504329
0.01783558032038055
0.0009561109263037961
0.003923942212594001
0.04979050281617751
0.01027443418881532
0.009470720956513601
0.4749256652459906
0.0019554369328963865
0.07765216847479503
0.9559394416431612
0.03506174485799481
0.01772828865212328
0.2707442033127949
0.0032326766945945315
0.005450059031357317
0.0016644478043443605
0.005101372513350026
0.9620753212496646
0.2675596882397371
0.8103445515469734
0.005580741543768174
0.043519421403428356
0.009623105471702564
0.021624967511109542
0.009706345089306496
0.36446823247854937
0.017204378709091358
0.9646523234297538
0.01959176182830695
0.16684657429064906
0.31281783731168017
0.01380184491071716
0.16707657794237743
0.04729309586226451
0.005732023141863331
0.003444664024456592
0.9559230748508618
0.01148881980964194
0.0021313988248608364
0.08867690688505776
0.2124454388538166
0.11621431937221577
0.001661790338711829
0.3459257856252486
0.8504233324424201
0.9742475039044426
0.01828999327555133
0.005183612034966689
0.04068779439078497
0.012660960439511792
0.004664190736613284
0.045699312647679666
0.007988827533880754
0.21934787859659827
0.14034937066138362
0.0067694024541834616
0.005581686545338913
0.027568982005712398
0.03082222121386292
0.00950512263996947
0.02005831219856268
0.05371623112404091
0.020862350491340192
0.931000686449961
0.03437429894215622
0.01704748604514853
0.33268630975434454
0.02079429081062782
0.04884894700042347
0.05585170731317557
0.009782212663668834
0.005196018666809152
0.004330068860913799
0.9863623418464298
0.9789790848087674
0.01875624319221526
0.0011715398543315776
0.965277355226418
0.13247597102007302
0.006947751427634196
0.11661288955581584
0.024502454920405748
0.964870501277376
0.46408697662276915
0.026872585046191277
0.00602992234823362
0.007128951930239748
0.07438734762329618
0.004673504657480396
0.006473074164608756
0.9836214815991613
0.03723972453404034
0.11845037624957518
0.05582714076017517
0.4991805102603735
0.020936089042065745
0.01301772115781122
0.01218846807806389
0.008470694442985021
0.08565721412618474
0.03497541745606236
0.007838144343879618
0.004540608154810647
0.15414613964676405
0.06774072154045988
0.9805058556520977
0.05895196751479891
0.006205591070735028
0.0187978754158064
0.0687875360379863
0.08430532099015088
0.007183613453715002
0.048794867191344335
0.9624748402335408
0.011078173284839668
0.0015648427301898876
0.03343461697799709
0.009256338157299742
0.7384493241228938
0.0244810613666525
0.08940379536082411
0.11837278762419316
0.020881239808168504
0.013740739003960764
0.002803990657395859
0.00920165331051707
0.09073492265945093
0.32359796197755186
0.03513002434877186
0.040701048277428584
0.015281943217677361
0.05057413911965516
0.17615882774350414
0.35148527510124605
0.02777137002975377
0.17281223205932358
0.005488410243876499
0.1485965871512498
0.08648666197202196
0.9804410619764794
0.9872878168258393
0.04167191322982064
0.0061448098208667845
0.018544005625023875
0.03614588027707558
0.1319243613834134
0.9883444942826473
0.054904209066513575
0.06273105349138222
0.08423157075954939
0.03828402814853225
0.2550024604710269
0.02331147173938983
0.020386638003692385
0.02675196861659637
0.01995709778839325
0.019426350940912364
0.008312823886532515
0.008211522798882025
0.020788626552531057
0.02150368169467744
0.026539834463521324
0.007431555813462884
0.06610525681348586
0.0068667940503062625
0.0024030192075333765
0.04843589891322309
0.006862837842394127
0.015818774319940828
0.03853916818310747
0.006372428730611391
0.026464297009057676
0.19801297518591562
0.9462624383189161
0.035673081611711004
0.00326023593825715
0.031551119884024946
0.9882720963854187
0.06738916920365248
0.013793375713979638
0.006991133793781291
0.1468187033618229
0.01122577268534528
0.043585873892957344
0.7543521400941986
0.035643159567246965
0.0067625899427657035
0.29593149666682494
0.06064089241734666
0.0021213456327487915
0.031668829464043695
0.8647357730928775
0.06921756146921548
0.08999986958015396
0.1279682848695607
0.17095023631964704
0.010639194411456778
0.011754908502240945
0.010458027595210249
0.016763149319035206
0.004544197480473376
0.08490254653947672
0.12013036979432822
0.00815727162494804
0.0075258098676593745
0.8377217390462525
0.030679855765149904
0.075226691280906
0.004795714843986579
0.964816414417586
0.0008931086941641556
0.023087801597238722
0.00044927396178139214
0.07913038445940994
0.004098728392241514
0.008100155062121694
0.004185197739249511
0.0084758733293674
0.019982943199186247
0.018690442784973164
0.003797018027721922
0.028083439865543916
0.01512632087298838
0.003336818350341114
0.043638153459459324
0.0033458462199604183
0.02234093493860058
0.05925889164600381
0.04172069079402032
0.05679243085363169
0.08175905678175495
0.01614932761553482
0.009114073578113046
0.009941180203995972
0.009704480353758984
0.17159947180206206
0.013112955514760398
0.04049656533142716
0.007918792126693046
0.003649049365208215
0.042956236038923415
0.1144037347893036
0.0057360949370857724
0.06056231901813207
0.20173869466599298
0.013369855940627824
0.9489190015365132
0.07046305049244636
0.017910977729733844
0.005832963351524861
0.004206185117649691
0.3597667073124253
0.1392844861183898
0.02433231250736227
0.053030379911786114
0.10351977325555893
0.0029052054260267092
0.1558140740455335
0.02953875436839511
0.015422743146609403
0.19841933544074314
0.001553284204263547
0.05027256360313393
0.06825408938188822
0.02523017177102135
0.0320476241898674
0.010479048243008132
0.08166962731616015
0.028374671506657696
0.9359868834200178
0.029724469255944918
0.01612768336016162
0.06185365449588997
0.9849935809993422
0.047804908341547596
0.05361911562582118
0.016319173829659233
0.0019174741288407087
0.022951188425754287
0.060406714142384625
0.03125186679285498
0.0058373904581669545
0.9557007776165866
0.05681275114385705
0.10208405019675268
0.10837066236605716
0.006420699450067624
0.03396776292958476
0.06989074535814867
0.03439516490421102
0.17151765813374434
0.004793219640319019
0.054132573931547114
0.014876255459001238
0.03727641940026852
0.6911777261502156
0.012580080413695552
0.010272636147928652
0.026368145793297694
0.060991681972661235
0.01980312467299951
0.05920931367131004
0.14633229921912533
0.014599533830763595
0.0319587178834386
0.0016131580547593082
0.0127615326583919
0.8736188746281717
0.10710614751085208
0.060136613887851895
0.0027446679200228124
0.03386420545368865
0.049383978958418895
0.2334810420473813
0.01612722321262234
0.06243954071512172
0.039547784874181625
0.006732660199905926
0.0042076259377772434
0.029985314411778194
0.004335141189740709
0.04916195185872003
0.00369433294222376
0.08912287695532266
0.011045782967748125
0.02205402811209735
0.0014525336462360384
0.04036175001671488
0.008383328179229797
0.09512375288002298
0.03682113664850768
0.019333941598290518
0.018990000027494004
0.039528500643264644
0.12957061654253405
0.012711586665506886
0.03310547293394454
0.06707571763763226
0.11450085908860416
0.9498129114230566
0.968012988803504
0.05420043537170461
0.05188493088296587
0.09186436903898765
0.005899842264866342
0.2846517592690848
0.11888878995939677
0.006268435734404594
0.004716274491482147
0.09807007382945748
0.008101791449825483
0.8674111470117484
0.0020409214826850436
0.07300287893652223
0.022037852479088925
0.04113370547781818
0.13715660882020994
0.2861566249154752
0.07592931671531314
0.013499697428862652
0.02265084552763512
0.02371236060339492
0.0201961168082312
0.01762129810922594
0.1729493014387897
0.06775420937020764
0.020620601780250266
0.9839482410864047
0.041850679614128264
0.0011016086386430612
0.0018698273008767713
0.018516479668366583
0.024468238597024093
0.010907976719884263
0.04482110676911901
0.049762912404096755
0.08535821215565713
0.04854812174295591
0.12236806885502184
0.058432891064309336
0.9813673871440495
0.052876894003194
0.021537957070957396
0.9198023046702478
0.023821527289215196
0.08154495783766229
0.07148506294146868
0.015599110657676484
0.011686676325807497
0.07570991569332707
0.019580804888944425
0.024245657348689706
0.14662593740707505
0.011364409437551242
0.0028651750485395775
0.9751093060081765
0.031908274324411
0.07637308856634217
0.04962748027583023
0.037655063050574686
0.022298001114268707
0.01948852495771338
0.9567254088848463
0.13348670352927222
0.009998562029025748
0.2074259944789838
0.023444948249417674
0.015869403977767916
0.0487019143813358
0.09518306187439557
0.9166704436471468
0.006233786329030051
0.02288957523754695
0.06602204923088775
0.013756551655508075
0.007190568475852489
0.006525335230890059
0.020965257219262966
0.7487634198786202
0.011380858519703708
0.018257565174644576
0.023853092162996803
0.018803776992533633
0.014479035531553436
0.017541185320166883
0.059297577878784716
0.9418903762350674
0.026560211725047442
0.061123995771377226
0.15616208166597584
0.010627673443259112
0.08127436086296838
0.01292370287814223
0.03867625658424462
0.021809043896877805
0.5803879656603761
0.01331317867590196
0.013938697656611498
0.9489603645385553
0.007803728254975963
0.06065078535907647
0.052950534766620476
0.004690699875982307
0.0877985351708364
0.0038640514768628173
0.07333467803157022
0.015924009837178964
0.03343794374503208
0.10994959886708836
0.08400656793243602
0.08572314220664792
0.07475626954166308
0.9563705839987889
0.011136811863967234
0.25421270839837934
0.11160739728270826
0.1047179015398725
0.16477988795832552
0.019044718255316142
0.9907842256594931
0.004535999351747469
0.01624643261560508
0.0047355274831640615
0.0036508599364608258
0.9464860146949785
0.02969541501528872
0.0023077456436230116
0.07498066395041024
0.008950087064944885
0.006702047021133439
0.02996219347735737
0.11646251727665373
0.039294921183707164
0.005755594341893977
0.017947159786110604
0.0091173215570026
0.13958947441560268
0.9926830913248123
0.021762493956978973
0.009680247044108454
0.43038103342009654
0.8281693861842768
0.9800422189589652
0.04299797787506592
0.008538245873431632
0.023527990636941727
0.06178017525717139
0.0048453351588093364
0.013594812124837234
0.0030080606796523426
0.15479796659408052
0.004719366889180841
0.008017260265804608
0.00592999048136852
0.027806136217379762
0.026876506752529727
0.03287460569249841
0.037539945219758175
0.01187880366335536
0.00375801548280397
0.02760957033866758
0.9484921866044811
0.02403643885283183
0.07847005774774428
0.03531890023085686
0.06483143801227444
0.013209600501990888
0.0628816981828445
0.9513383074862755
0.12503221802509676
0.09379751610564632
0.0016753971173722973
0.2356763279187997
0.014903565527815585
0.9787187183546502
0.1277702913830139
0.028178826250087028
0.0020117632386515314
0.13800953827745138
0.0058645592057601365
0.008249142585407454
0.02177449520458301
0.02044478458175316
0.027317157337411607
0.012879325884347637
0.02825815874870754
0.1339957909140765
0.006117202762131126
0.035413703959402916
0.9385382588714958
0.00464113457733755
0.4508499979957403
0.9016926551208024
0.9632473872747671
0.010439156447424235
0.004075044819870277
0.2971093434430663
0.0015380590879928479
0.005348317118429628
0.9550106886760743
0.007369767629765087
0.9649153562325097
0.007960021991787828
0.30481209564495426
0.02991404914610715
0.9197707246642085
0.03595325594341828
0.04958759272297347
0.014604617149347096
0.05910564747551576
0.023373023352547803
0.03871903589446103
0.009236895002171015
0.015020809656342676
0.014266579313793546
0.015458946439127605
0.014862804248016984
0.0025225597720637235
0.02763829701850111
0.07854168702362069
0.065220233938036
0.0749810030736516
0.01670363941240283
0.01760005264185633
0.004201870128370261
0.015026156670788975
0.9849341315639295
0.0026881272969627714
0.0028353896707336702
0.08987294611342535
0.025495377722607
0.014832963543636493
0.004531254956541359
0.012636741302056335
0.048247452649739626
0.033595339251356195
0.024315527838689104
0.09441623453365872
0.00832258864479264
0.042831823968105795
0.2565106390447794
0.03216004693510849
0.005469092879942005
0.01753203760736745
0.006057129111061988
0.9872392071074801
0.020885307392718877
0.026260373304709355
0.048440180300096405
0.057446295890828517
0.005502268954008234
0.9836849800208003
0.18663745433089654
0.18630055602404436
0.005369754020911509
0.04434814698415439
0.9631748846583503
0.983914674933698
0.01724414427144741
0.027176266586623116
0.05432125359345513
0.01464143648922591
0.8926535694070772
0.02530615154422823
0.006417137009793669
0.03196283443252551
0.023340563289067886
0.1070345006105467
0.17752654386103292
0.019841026467854506
0.9336014407191122
0.016491521976429193
0.02767870146337735
0.009018573106870981
0.10178089138831163
0.9857535791009171
0.047559698099431336
0.009401219570770673
0.001554510836530364
0.0018532939664018793
0.010137624435601057
0.06530393803207592
0.1251322079554369
0.12222324292128373
0.004571427385831061
0.029138215462262855
0.0034926241575741206
0.06247410076891892
0.1427373207630283
0.007836640234008558
0.04016520353707865
0.0036109697528295074
0.0420810455747922
0.0792511522646769
0.15351813196796468
0.03190451155382682
0.43826704412631684
0.020398691685071895
0.04293252906674175
0.01612396704257712
0.012963883217676867
0.08246104845366885
0.06164948207558151
0.11741773636887316
0.1782363856726931
0.237045222851202
0.0020720720485445745
0.8965017976516279
0.9531087331716804
0.16992178702884655
0.007774564731763203
0.026425734550318786
0.036025352467116155
0.04889350103215137
0.16977848816840477
0.07144580216288698
0.021031993116807618
0.890057707815712
0.01891942747427919
0.07801256030480139
0.13857536385533967
0.005990746614919204
0.005911511829669357
0.03636488260993097
0.010081287970597501
0.05340875091300551
0.016646233732515912
0.0033965019804649606
0.02471445135045846
0.0022194734147107714
0.01578132163614777
0.0014418729976839154
0.07786863192182589
0.08242987785443363
0.127119910155199
0.012429316320044102
0.03402066491266928
0.0012714875220555216
0.0016666746797934328
0.1927870247549918
0.01690125292783647
0.01659301308396884
0.058546342385819156
0.04343995657630455
0.014803469662024707
0.1279946845574563
0.02037021446243165
0.013904729734349279
0.014419732484363394
0.06607326576465973
0.026021100564486237
0.01141063004643943
0.08002777465845008
0.01950944249683333
0.010754870398612976
0.29369449760235156
0.01495026064226842
0.013071409914363364
0.9833548523567268
0.9586844633873955
0.4206491802272919
0.16350791758269367
0.011294925691430733
0.11762239029299892
0.02006791535890857
0.0331887049636173
0.07872634818560877
0.08899813183567123
0.08339653749972399
0.007504757143790261
0.08531710686294888
0.017864675248925894
0.050958111141481396
0.03463236395544277
0.05444031974811627
0.055674832760290865
0.009361054907222381
0.043852017553760746
0.025650791996413264
0.013242512330994995
0.009453100696278935
0.9736665903018249
0.02876804363139295
0.00553895579210778
0.02020624194807466
0.17815469154133903
0.008472001029420069
0.10144273389033298
0.058905481207749695
0.07972140971098003
0.018877349492060783
0.0920250159046497
0.034814979638247597
0.03882631567125764
0.027963665850055983
0.005610401183892201
0.12544966253862128
0.12865890644049363
0.19267569468804868
0.05118565022980476
0.015061000023394791
0.9920285150201619
0.027657450422834837
0.037357740978811414
0.007790140758134911
0.012404259704184982
0.008688034901969519
0.08215020338587628
0.02843730243638089
0.06585534215308037
0.014830249099033938
0.024710826922333857
0.3650529198012063
0.1329766686314041
0.9918132156775756
0.11197202718794913
0.010682585546532246
0.02168080637621044
0.006544035916506086
0.055093260777974246
0.03186545561691899
0.0074866073435874885
0.04505467405092952
0.10057591701638309
0.08794124325072859
0.04902760672715499
0.2179605855125931
0.023404655929594963
0.014384049627596856
0.0011376370396928713
0.006017481545733527
0.044544261588382
0.04291268374826612
0.0018701388767125048
0.03357735356045079
0.011209567449084384
0.028334885352273843
0.015769924062094827
0.009572520679178081
0.020950095653347114
0.26364429737285305
0.8700108003799024
0.04564413428047757
0.04455772239465808
0.009712779663541853
0.01682069983707126
0.007507229938938791
0.06945036701522245
0.044540107238787166
0.0014682532459889077
0.06016256727569759
0.0159033823881968
0.0037630091628297474
0.1570400000655087
0.007634241907353993
0.9436862247508785
0.043144908960913046
0.9501623060749623
0.013514626051736893
0.9711872030995471
0.05154653283816835
0.06627867884902688
0.04843735224097738
0.014937120044853718
0.011859395531989964
0.02562407691099931
0.04057763868448862
0.07087066420507825
0.9838281249932064
0.02347800633428801
0.01343790115848462
0.008356667983420189
0.0702018677496097
0.9400418783879589
0.0557217137940046
0.018593471822306647
0.47248942331795857
0.05805320983025025
0.07092228355087458
0.014951360920266067
0.027700701274514274
0.8855081020570038
0.020644019993669268
0.9892454807274182
0.017622715135331184
0.955463429513942
0.3038582061146088
0.00994292583403233
0.028611126675029866
0.04071836580943262
0.9153934711916248
0.051908187740719
0.19660012903743546
0.11548848463415565
0.015972328106265653
0.18303429431744833
0.0011989454610413868
0.010215229938000052
0.37168659217290617
0.407263547861008
0.0028246417797009866
0.021639114073350684
0.004303782077575305
0.05027841106134501
0.007445890342345857
0.8753164640372294
0.058932252514433334
0.09222281233458067
0.4505122048427405
0.011753387647131384
0.1877760652679566
0.058552905941913994
0.024163557812758914
0.9866312611615294
0.09926934976585554
0.9107165984517397
0.019513414980157257
0.02402059064084327
0.9762266816619221
0.9592710937062848
0.021746181355095328
0.9714201230386741
0.15415420154980858
0.006240998734141116
0.17679878025187712
0.19011748119553015
0.0011726831503062036
0.005484897266826871
0.014295487271488768
0.01075431205154056
0.005056545420636373
0.036133614868864905
0.029940974919213215
0.15455539049417227
0.025189776640597586
0.008196329198971735
0.1400828022460929
0.00574631374585572
0.05966360597825878
0.08212427603015686
0.004523799755004176
0.0013447398302463248
0.02040997970516616
0.01976806474053972
0.03383404734977009
0.702918211162481
0.07416675418187206
0.02734844019881734
0.9778039752487327
0.00962088029551874
0.9750402213658688
0.07591571028791932
0.03368927160721375
0.01827610646456726
0.051365895851301246
0.005134479694846504
0.005623883756480724
0.2272433568406616
0.012296941803112875
0.020470242772778036
0.05404219789234987
0.13459760455762262
0.028928760796616174
0.1529942529732436
0.08245625252074344
0.24110307431131134
0.030684588344960795
0.06409120555422546
0.0059040202532904635
0.0396670593180901
0.8918237524410735
0.006399209881606633
0.0011305570184551475
0.007190972586672751
0.36343180440442807
0.05885692834832234
0.0046231999380832315
0.01372976547842616
0.13807314644643567
0.4229322001409842
0.9811930505952291
0.1731568204530494
0.09598650688113686
0.21866596938575436
0.1340917710695931
0.025679043781583904
0.04100474993109117
0.23793532349373614
0.17558890051334394
0.0080120790377271
0.9514891816904173
0.043731554492907714
0.018166302860763366
0.0854827575107627
0.9756912200595793
0.023670132070001647
0.9173005252388602
0.006693507601943899
0.04644087062388834
0.002513957500744766
0.0021518974022713983
0.9736256921804783
0.07903934691353803
0.0066575749384560215
0.024317599708290345
0.024505559007289308
0.9876338825615675
0.14184197173099514
0.24571937837684907
0.061838876520253404
0.02364096130950964
0.025687770548773903
0.06252642183070131
0.09138839402967304
0.03718282908859607
0.18903365131053704
0.1407572632206525
0.01168416511840645
0.9825050628856792
0.021580231855646507
0.013633512604605427
0.26690270008006095
0.02976303559528849
0.9869462767013554
0.3741838367266977
0.031426786236602396
0.9872047938862284
0.01031943716427294
0.005247738238583626
0.06701674617275905
0.041504576618955735
0.049241390655599515
0.054705017369254705
0.018571886513698538
0.2833213069254337
0.018716393292586203
0.007777656056106568
0.02007920061270452
0.9821991302715419
0.06701052737871899
0.07801608194046886
0.0015330992197332592
0.04967336641834569
0.0875586008245146
0.9574925647618697
0.0061993806683650595
0.10620503846343335
0.01460365036244849
0.09172409992583107
0.005498056435965199
0.04695596696806939
0.09268043348283134
0.04125534523304269
0.010108654796776861
0.04024683039669104
0.8270106225119824
0.9877564728224059
0.02056700854175349
0.9776628393735217
0.02121448071870174
0.015846401825861636
0.02613264031564294
0.28023402348340404
0.08193552549409817
0.01114900247187166
0.04396695307293873
0.019213161418253452
0.9548126820987691
0.05599767442266821
0.025994644198632056
0.925044709142502
0.025486267985865434
0.024633305776241447
0.07165949947131192
0.16424311300809638
0.14506923718695172
0.038754660056912915
0.9781614780679958
0.19076450795262034
0.29890812399137195
0.008937644309403796
0.0031750247345718
0.04557180803799939
0.005809845901121773
0.03994033970977073
0.008444026989068718
0.024859203730875537
0.9650616021295231
0.03274651113379262
0.24026342634961678
0.05456070828008301
0.07563295879278926
0.8139058028630617
0.06717648877708293
0.012157638699728324
0.1226515756007795
0.9692669035162869
0.9938682778936608
0.04091105780012144
0.016559302371461554
0.06178143617076752
0.010822338937152917
0.9850338831413143
0.01766115216871252
0.012248022675604908
0.0380358076742261
0.01140887205218046
0.9700266088479966
0.0043515151675559685
0.9854549511697519
0.13665624907067253
0.1376795882938808
0.001241144595221514
0.026871152667521204
0.07650125806473555
0.03371278896888849
0.03919604083922826
0.04001255054861529
0.00920121435460782
0.9939222914642711
0.07378277201511349
0.9108271525806101
0.0744778148844865
0.9732001807867249
0.938142802285285
0.0162339831765571
0.04450198945883751
0.028972659537548413
0.021946281799306966
0.007800711584486167
0.04557560623798072
0.16836990199716448
0.005229321325725331
0.0036541816016376306
0.11879601090489927
0.9751102432099725
0.052864867333042485
0.014716200989753651
0.08539596962916858
0.06433476192262781
0.0237211715382039
0.013776690056713026
0.016232124951701402
0.010259915863631243
0.05311660512542524
0.034677436657954974
0.9610214057775193
0.0028728582182579463
0.001262735049577883
0.9810740635737133
0.05901262846652922
0.01535945735392483
0.11860759155268671
0.0269169560310746
0.05452748100028765
0.02365954172151279
0.056141275435318105
0.04293862544094756
0.04810133968533394
0.029017131385172423
0.003753287467329426
0.0013977661588865798
0.9643075929332396
0.07218082757155439
0.029284798577191573
0.03094470189947002
0.9508764999981398
0.941214605328262
0.046241584231697906
0.020253920173214833
0.007182698948072026
0.10139326353156942
0.009949656073772191
0.18011870365211924
0.027068464231528262
0.008679782797016615
0.21618098762189156
0.9686721737362387
0.00600072431097846
0.016804687268480483
0.008682065455462715
0.009110240783416339
0.019796509638234143
0.005789926659119662
0.06499596511294299
0.01692050847251562
0.08448396166139292
0.04487202088995048
0.007275947745210836
0.9837588939556067
0.008772520174205104
0.974757461322232
0.015249926942386523
0.003705083308525946
0.047948596035846974
0.04367032701535117
0.005322256124066561
0.04375762365961894
0.12656849537827528
0.12868743212205766
0.013140251893141115
0.0022429123692135075
0.026348958431344407
0.32804257959777183
0.05142978423859267
0.035210263706638024
0.0040646184400921544
0.11716899279968045
0.04843586634883227
0.003887321282120535
0.30681768015922367
0.004762140908962256
0.016196683852889245
0.025150188767479698
0.005996431123509007
0.002306776310485654
0.2941963692270904
0.08148470749635327
0.032756476060375746
0.06993065216405508
0.014999393195584113
0.9541637410411675
0.2004725473776696
0.012704169973777286
0.9907524650720216
0.041209117996533505
0.13423482588222732
0.019314152338501037
0.03481351104375784
0.8424495884238462
0.040197857395649884
0.04030842227909422
0.8838296686079307
0.17241317264353181
0.03593891937265524
0.08417001489364798
0.004436060299468831
0.05437723152204092
0.9699097908930353
0.0015394593085743403
0.011069887485441552
0.012982198804995675
0.017196427120721874
0.026376815007931105
0.013179587910106273
0.051549502483965406
0.04844946878285505
0.013234661052501642
0.07192781224266817
0.018491911132969937
0.017734466702023968
0.09345820856451405
0.05874037731965601
0.04022364688023895
0.047990019746471185
0.017491948118481763
0.03587313268682942
0.06069030858836103
0.01596523173781648
0.025124148296759807
0.9701735024346123
0.15110601233555696
0.004414199759257555
0.017939477634368893
0.02528567635324117
0.09760721263120273
0.059106400992568295
0.13234796298648727
0.9279353245289137
0.05032291450583413
0.0014238307808216986
0.03283532278065825
0.0411960247454452
0.017055649898584668
0.04360155563090896
0.029830704973976312
0.032855713053163
0.006374008812082875
0.02619007577581032
0.09644814481667799
0.08940360197163046
0.9813991540095653
0.018995927549692235
0.003449363039968503
0.009622580182338525
0.07221693104649221
0.8274417044368813
0.014272486810884964
0.15502883094597109
0.1796469800512482
0.15644776712709155
0.9716599362901457
0.017814711859926283
0.033040087974226084
0.008067630642276643
0.9490411332722115
0.005010272124027538
0.060764348232244234
0.9757479719137416
0.932306762272725
0.07336920699618671
0.03716295606937837
0.005514685292345736
0.08365362661408508
0.03407999210276761
0.9608025441856195
0.0019119020510313302
0.016617529901706517
0.2966163785384158
0.019645479836160763
0.04385598216996287
0.05607817264315177
0.08694127425642943
0.06523488502991881
0.09290502059469173
0.01812281400917272
0.05068801454404351
0.005092131099005228
0.00903023476215225
0.986140827714756
0.015711771028818027
0.16313993697096896
0.04103251697698154
0.011946685962690785
0.41153943103092316
0.01358589686584166
0.10992433152477735
0.13358844310741627
0.12466540515283263
0.0036406451723941117
0.0026381607287693357
0.026949263549247808
0.07931601731260907
0.042691402911950636
0.025423586858796844
0.05485542412040646
0.9410355171173977
0.0455537951256422
0.9802056839839592
0.02276724515600057
0.005334379835216625
0.01993137090263626
0.18068724562135335
0.011153086449693686
0.021718489070119473
0.008766030795468456
0.006460291254386499
0.9872320948432893
0.006422862320123227
0.027551581976937058
0.021321033079245398
0.03882293118840671
0.013564784850795932
0.9145831007653603
0.3662321171872554
0.15089514118304884
0.0035069795524427846
0.022886891162642198
0.07760932499271868
0.17251011897828566
0.01479718501670776
0.9791168499464871
0.013957280983834317
0.09416268701441487
0.010553395882299223
0.06716591927135027
0.36965467974152105
0.07809976141805296
0.010177938323749003
0.054959396559878394
0.9675814150756998
0.04235235021674418
0.04365527043912791
0.10791219398531736
0.03282308876410467
0.05812579877551258
0.02803468106042878
0.9768891153434742
0.011884919851719515
0.034673740288909155
0.007845894349968094
0.21642207808756225
0.02140623393207524
0.002510679693240882
0.014177407437086577
0.02143450117658803
0.02373210688369569
0.2625539204377761
0.009588939934801368
0.24198788670472013
0.9800340917087358
0.028671762617122034
0.03384591440529065
0.04149590610749437
0.06400304968090328
0.01656066091972332
0.022025922312931635
0.037838515693098346
0.04353463526792813
0.16232825124554592
0.017545722518577445
0.004419561588193363
0.9740629264674756
0.003904086685498218
0.24419457942219383
0.8971538294946659
0.036344614360089844
0.019104438907911272
0.11010299921819444
0.9829311687796126
0.002062154739190827
0.9811036774352214
0.9480700850193082
0.023896980551732637
0.972309003782501
0.45797387111781257
0.06440030788153232
0.022046338777418482
0.03434823464999356
0.02665542361485551
0.014909286611261247
0.02304401273459411
0.014147215744766739
0.057672636656748454
0.0040172852211106756
0.6402635110301141
0.026120508935198034
0.011772275637660323
0.7991283925052404
0.016275723275060123
0.012535326524922846
0.11931458074822301
0.061472856636821505
0.02106783521422854
0.03821585430987851
0.9590533157437666
0.012939931520856866
0.15582585094993823
0.9089330928781075
0.07461079994845461
0.10073596932273257
0.09239603380185249
0.006962317322107918
0.005220439734534174
0.015059322838078296
0.046676438250649266
0.07073031871819371
0.006744989063344734
0.021567352449562042
0.022245726185495546
0.04633388773702824
0.08911214953172945
0.01624758605596689
0.9840851532168212
0.02336898503830993
0.9797934585162991
0.017067252667323927
0.00429714107079776
0.007833010762439528
0.9720078352151684
0.22379240834760822
0.006510328940589503
0.9369106093900633
0.018092109447053056
0.017475472476508394
0.06556900512192143
0.2717885185138698
0.20161592739435766
0.1316482162966467
0.12010431265742343
0.024343899486433028
0.031896172539257445
0.019130878788955752
0.0040700971847449936
0.09253939576668645
0.34700810943088406
0.008782106420539119
0.010742673694856333
0.018902719243829524
0.023279259288806003
0.06375382753261354
0.011967187706058148
0.07917631855203444
0.013976180052129033
0.0983028185007405
0.036221907474810806
0.007000812454924082
0.06786711333664659
0.015449250692304461
0.043515683717772584
0.011403306406317301
0.9769904156150473
0.0029737867762028225
0.008198090146892162
0.3043272430422131
0.9503319521613597
0.04069154955949679
0.04746682458492028
0.017714092657197533
0.09237966851209553
0.833258120693984
0.9710011651071347
0.20029393248104468
0.014846551617078783
0.6577504387524576
0.022626685173077938
0.01643242123395173
0.026293454967609625
0.012189256429722004
0.1453559487584644
0.033058319895506595
0.013210365407647244
0.0629595894371308
0.9191053119200389
0.05601313242062996
0.07978896677096821
0.02101530915795199
0.30733184664724317
0.14735894589174361
0.015244025560601435
0.013060970458883579
0.0019012222981323532
0.006922177806904886
0.002346503497216258
0.06911871377833563
0.04118732778861199
0.06418109122673
0.015442195518228917
0.01054420737595633
0.01975338383893066
0.05069037563642252
0.9650718320006302
0.2387643530372198
0.039504299868500514
0.016014319357428204
0.04753240936442673
0.17685434152237473
0.002371353593372787
0.011700452138115951
0.16402578334794918
0.01243368768845272
0.3640582097281353
0.02237796966226222
0.9480991661657503
0.10011794725399693
0.021761919614228034
0.01152796794176222
0.028937553415190716
0.9656067819774163
0.0228621418184668
0.010404534656146469
0.02942486426999461
0.013347620280315083
0.019039019609445807
0.002389254879790769
0.034502123193500295
0.02474181321454341
0.11398732955913866
0.059116742346562924
0.0135728050483216
0.09278174614410818
0.0017463867278513755
0.012385135492302886
0.032168315615532565
0.9599340610313569
0.04451247314234529
0.030213620462279784
0.007540755053591482
0.03883654525122255
0.0069880498294266095
0.018839146738182756
0.03996569937010354
0.023226004676267193
0.019231962238566984
0.020563044100431763
0.08016854213745021
0.009640652038517925
0.011581388196779764
0.012488486124681699
0.002938292155509874
0.02081508499081893
0.07937206648960712
0.031511171002605545
0.13476758227561011
0.9676647058136651
0.056180400643851595
0.0163279920505161
0.021342476650936425
0.024549209574213724
0.025479610831717295
0.9700899463048637
0.7942783073024903
0.9706082176750207
0.16498211563255963
0.03218550803004669
0.94821294044925
0.03657567933358938
0.16746740380507905
0.07927083107466786
0.008136966211744088
0.07229830597396605
0.04167796765335049
0.1404138813544864
0.09807712671199632
0.01970601428085695
0.007410201019491744
0.01826444733034788
0.02406683987003601
0.03249875985739435
0.01389489218503617
0.11399154807842458
0.12693495408161476
0.021011067936995444
0.022261721716370475
0.030551538012951195
0.0033435670160708534
0.02052027723386361
0.041325118886827404
0.03564144025072664
0.041680804035814784
0.03568511555297148
0.08300404956795422
0.01841596996201132
0.9901900920269212
0.0037436942330995662
0.00882712468552064
0.04205165633779577
0.01541157733839934
0.026412238778452973
0.11094174819451601
0.019239898888102163
0.020659891305261767
0.006361382258329799
0.09127326825194498
0.023108228898397344
0.9630195041449061
0.9910990989156763
0.019275843561405586
0.9360003670477741
0.0771993472179197
0.0058633869040064885
0.0566067384017949
0.9853212113186957
0.012669144884213406
0.9562316459288775
0.6998998342917739
0.035695174562290106
0.017272494597013775
0.4713455896543335
0.016076048364621235
0.015098160267497536
0.008484054581696989
0.8992753604768797
0.11019123646634679
0.12007804776542963
0.058184074979938015
0.025309799893811585
0.023801645480330626
0.9908677787982337
0.0140969858729657
0.09443319162508602
0.28118989854210463
0.011239446443675352
0.1163905141524669
0.05275752184502427
0.9750749761824793
0.010719114920430112
0.03067421372580957
0.05282995238046001
0.019040014344694087
0.020880937322227025
0.0799076645264798
0.05768298727640479
0.21025498832687142
0.9377861558648615
0.08786860066615856
0.04075837395151427
0.06552858574619533
0.021241472090266358
0.06235454711409442
0.0037514715759051527
0.08262876623299818
0.0013783674432956354
0.013124183316374929
0.05574295694787006
0.11885529728543821
0.16359934365876203
0.006856340309759391
0.01845069045084834
0.10917232647920469
0.02088709052565539
0.9384431862529256
0.041535755333397435
0.9823569758646507
0.017623929877462818
0.010316389315323589
0.018079757241204985
0.04173759274266385
0.009309304669657363
0.018944141911441215
0.022899424923099737
0.03899874035083798
0.07465832001023523
0.9859246622025506
0.19977184197303874
0.04025885405506985
0.9506827759747805
0.016481299684893966
0.026164669708534725
0.10325799712001832
0.01178358621507444
0.08888833176762798
0.005175073813975318
0.04736270828772343
0.0798800830315076
0.11830826106582278
0.008347295141773244
0.0019652007431245335
0.5922281385528455
0.9509181855161016
0.040504816269794165
0.014586055185207503
0.7147161722930285
0.03962466135264408
0.019228176037332626
0.007661020128883166
0.0033764183381573432
0.04353318431399225
0.08674566259045467
0.079213736049702
0.023519531500344696
0.019307927091111676
0.14615163516311536
0.004889382593810314
0.012253676618576844
0.02160920076249272
0.9981417068191665
0.02081222164832162
0.06129139693192665
0.018150496831809956
0.1750400996082394
0.003790182484297351
0.029395894701533292
0.014557658842678798
0.04541412010378132
0.003029437866152366
0.15854709554288343
0.009716834568920597
0.10971206374563128
0.01297130862741848
0.04331218836010941
0.0035401478583563725
0.002952211578003029
0.014490949245549004
0.09104088967447865
0.06340323516849548
0.0064609776798669975
0.7943631484821778
0.008437211385463378
0.026351137344205272
0.02364178484787343
0.547846856355899
0.9269058091957881
0.02080673322921344
0.0021013596828324717
0.05076219744912632
0.027767865130057807
0.924596783716
0.02750934156553289
0.03312628812460375
0.030325221185636797
0.9543513992895463
0.05079260728063767
0.026229380377777053
0.02258023837921375
0.11780040959148624
0.038678240059896035
0.03721220005004368
0.06331012653437167
0.05931205332817933
0.06390867585490538
0.015127335027170152
0.0383704514333107
0.4810612348627375
0.020191002285435064
0.007426839752263814
0.9433014447791802
0.9056463408189884
0.42336336744737557
0.2569100423315153
0.015370447372972138
0.034124956001070975
0.04714599022233245
0.054898688216004965
0.023729304325661102
0.039583664470929134
0.9795614333800291
0.12805848417802979
0.04084279759616493
0.14595993954290362
0.07840975911601003
0.05860216378506951
0.011642007087984529
0.0110927323846648
0.0013952437384373865
0.03120354872339243
0.06811486500115903
0.06741661477679427
0.02014817820741837
0.018276198065942304
0.06424827865714872
0.027062310736768583
0.02295320317186477
0.0012491071853079287
0.017319793526236523
0.03331401170527081
0.04780826845712112
0.09246180573106826
0.0745191276614599
0.0020235439509987694
0.9782282434230256
0.022513636437348286
0.2677725452425914
0.05215154216113939
0.026539576769135955
0.01820715103554369
0.02429079711229356
0.007511641151038533
0.014078094537880932
0.9680891111746786
0.9449038257238547
0.07268631744423616
0.970793971628038
0.022103847726637964
0.036355552260607216
0.05653481870200695
0.0024095324360309165
0.01587196828718018
0.11680899263829894
0.026308553366777346
0.2719365267054568
0.04937907095404175
0.08844711913766738
0.29187122070164595
0.027744471868048917
0.9840146114851858
0.9329063078847533
0.018193085173161344
0.9529378228017233
0.22755611218332794
0.024868177387916062
0.11525548842649085
0.03844889471028545
0.0213285914680461
0.849132950507938
0.02446196571406117
0.12397575456223754
0.013591745623623171
0.008800969612439806
0.007847549889041874
0.003847373526191832
0.04496053524238312
0.028346272177308368
0.017680354581936064
0.06307636651956154
0.007786835086668213
0.011090220276929625
0.05680365230689892
0.07477626218535553
0.01911375462043074
0.07007331900265591
0.0038237411924993744
0.0041900882224111665
0.009559454547810497
0.9592025623617185
0.06790323928105027
0.06085649558611922
0.21244639305106075
0.013267795265673675
0.05365372552282478
0.017354316517615143
0.1979910612258343
0.1412167434128534
0.010950394519539
0.01936159598370962
0.010329557223223266
0.04022594786681571
0.0668768774279212
0.13027983404814858
0.9607926366135492
0.00909119563285042
0.058963980307473775
0.01234288362572555
0.03752973704243698
0.02137762529456081
0.9640034248342586
0.01038420632453814
0.09790200941057466
0.03696338230288003
0.021023970201535847
0.014165718193245597
0.046203031667012874
0.008190430490011677
0.031187437208452466
0.84257312466077
0.13727824129343094
0.013931915200226443
0.002803729553088523
0.001129315144878893
0.007837628634347399
0.022516491596128688
0.06359781622744758
0.08275329625157009
0.04877450065272606
0.014926868113560837
0.976664726385762
0.05968927593924743
0.029460777106319176
0.12983415177893493
0.006532748590116886
0.12794406109700932
0.0068790637708641715
0.04363154589448488
0.006347727071629996
0.012278309627952526
0.03708203500715496
0.011664953101837528
0.04122663592137459
0.014428351601748197
0.007510208415395164
0.004497066235852889
0.9660261971356334
0.07653193158347629
0.01401871549507681
0.02070617203498437
0.984917906558079
0.03644716892308458
0.14564828797678459
0.006170192307014834
0.012229979555553359
0.024223769707797365
0.19233487798023252
0.2721820989560439
0.03916498847241672
0.014597965992056839
0.08202659350619079
0.8671763258012184
0.022004921086851953
0.04404123717720786
0.8520573598628223
0.015381906612120723
0.9296366710633547
0.9761828568091194
0.014154126838819387
0.022927435887908913
0.0013097269716463044
0.01332223171234564
0.026442547739975
0.9552968512314417
0.027172532895110117
0.017220057903568592
0.054947740809991395
0.01697225614195125
0.023865093017764048
0.09115835760841648
0.021993147958891946
0.0013373736580694498
0.0031527447486225384
0.005553828733779625
0.10322496107845432
0.9543291526841192
0.9438317035587017
0.04547550866926925
0.025212497118827663
0.03754697625985781
0.08771667343758167
0.05174269919294787
0.09356026736544677
0.034788566251745846
0.025955309283112838
0.9905579050044516
0.004680225546922757
0.11161929900650147
0.053343176810112504
0.11459287279539855
0.9790769408450449
0.047824896114102344
0.01996853832222181
0.011544275161063629
0.24225684797166416
0.9465052483763928
0.031709277524226094
0.9790949111259147
0.0851225787571516
0.9742727115165183
0.007110401878657342
0.8348038736583613
0.03490545159768356
0.9790960128621293
0.02034602904756857
0.08522400110252233
0.05081479645872662
0.2960296972590264
0.010255152504238208
0.029061829324399047
0.9286727773915023
0.008582730897700648
0.08764742378227715
0.9816007610371282
0.032985548415969575
0.003443571688672116
0.24679205169560106
0.005683486943519134
0.35642261909545586
0.05581102752837073
0.041694542190286184
0.03912868737727282
0.006614926391182546
0.932765119387236
0.016906295115520793
0.011004067322322722
0.02054458842331854
0.01585323045550346
0.001080594261944824
0.3641877167685046
0.367150992778855
0.029258786493317663
0.021918203504841187
0.014145984797306466
0.01774802043621485
0.0021110967884940073
0.01589816235908508
0.9287456838447076
0.037421494677116446
0.004975122344306988
0.09240230832692216
0.10167603528913986
0.020570766501988517
0.03738632634290484
0.004045471896207903
0.036838408391468035
0.015925418513838885
0.002807964965519264
0.8684402055135316
0.018160668823985034
0.0016814831843658799
0.01231541177359881
0.14562156270449117
0.021567010989716577
0.4885979884294372
0.0782529706978265
0.037622534417248193
0.026020823048234897
0.023760490315811858
0.01567274775440106
0.003144877188310048
0.07843460137605753
0.11236047836551162
0.270095728698655
0.02117603621540605
0.007208052670098877
0.032264184048511356
0.0012950221213765812
0.01520901901136343
0.05412649785285041
0.02355454638828753
0.02272693322742761
0.1025381281713051
0.004200856171760305
0.002099972565142553
0.08532137912783946
0.013113432743418958
0.996170365139714
0.0025748162406110317
0.018085164758289557
0.013980322863178036
0.07227452232413464
0.9670872716113872
0.010911221344462381
0.9107800563046586
0.011651197373308357
0.007237143427112927
0.9801297115365539
0.04337607809887424
0.01053492347448513
0.037105614284555784
0.9490054817383116
0.0472397217486591
0.016295236223523347
0.9699265355035576
0.2670652460358732
0.10212143816949762
0.049283897268720726
0.986795779614168
0.9701335131425336
0.002591116575564573
0.0246606017117513
0.015125009554941336
0.02911939428711937
0.023873051393853467
0.05612899666718942
0.0037372778968553606
0.01409671005624207
0.03626542377958261
0.028328053968541867
0.020462413518682006
0.053840548732891694
0.010904454560841674
0.024820061204010774
0.9819044304162481
0.13055172356589428
0.012389562191121166
0.012051230857506354
0.038808527043025697
0.02483591337382523
0.10125117711828377
0.009768653535474528
0.04164059003793655
0.0878616475859947
0.020621475655054112
0.05711486778910193
0.02305283152680966
0.02021253583685582
0.04845349018906098
0.9210051846748815
0.013703711497895898
0.006546308385556869
0.9430997231237152
0.1528694299676296
0.0384017951858498
0.03827678894749804
0.032174874807499206
0.03149784819981428
0.9090053544226061
0.10621136291341286
0.023782040955174572
0.01687655559481817
0.0015071636092577109
0.9835132390033343
0.03928054213134594
0.018073549015601598
0.09015664193896117
0.08685840004821592
0.12770639490724892
0.9536401111981753
0.03449869584039208
0.036926021796198416
0.017600947181036674
0.001329553107255692
0.008188191620687775
0.03177198396274049
0.011809008304887651
0.0418067250633299
0.006044883082076908
0.06134678824552689
0.9798399670447128
0.03366847664857601
0.018215599241804752
0.09529949245501874
0.19782009989604898
0.9145149121035606
0.10638744998917063
0.018327272265044273
0.08460824054561537
0.030412787139665866
0.09497735365470551
0.025476854457849574
0.006324694934048892
0.013582739332399306
0.02183109301760045
0.04029018381758338
0.022812643611144982
0.2685766483547141
0.00799959234991731
0.009562398909377958
0.05002491344858003
0.026077720678308585
0.009027979788337866
0.01667523382388715
0.103352411978636
0.14451524897041645
0.0009922822076414766
0.014249129693699137
0.001668109686522664
0.9813240393039872
0.09598729881112554
0.015102401733498947
0.5746196639278356
0.0470499063114096
0.024851441533351486
0.012286156798600066
0.01349314611202414
0.004563646981735243
0.029059819376842277
0.029972105348932004
0.03775248796442804
0.34789233277929144
0.0030582224292010764
0.031971707247285965
0.012792477367459356
0.005532731968532176
0.01573993799677789
0.1986991848103077
0.016391931901866788
0.00589232993897815
0.026612438118508577
0.04028271878879521
0.008128889141376716
0.04422832161194883
0.0042800540326009065
0.13418183189388072
0.027957451187533927
0.9737167831987662
0.04146074428232325
0.10253884092815346
0.02770639113743607
0.05870245543477246
0.0076855191655168685
0.022514719252730943
0.012758703494504453
0.03057040739453958
0.11705352482389188
0.007966659517172195
0.030845995039683768
0.012301564816875837
0.9501588172038936
0.7804106196935473
0.02785928371205735
0.024861572050537097
0.023597846668539518
0.020630488810042463
0.07588638000611879
0.014746330937670197
0.0016996030001009297
0.949579920847681
0.09239061950292583
0.03978061454310361
0.029684482204933135
0.0691209395527671
0.03794246298225426
0.333727997871357
0.08799526578996289
0.0077984474296950825
0.018435647815907175
0.0062405772030049746
0.04118815160727407
0.42369643096471016
0.023842426791189763
0.9873168996132603
0.34296386911231536
0.010548053375937156
0.010085270422148759
0.048013198153928155
0.12457363543580932
0.9503757487530679
0.09633961727409161
0.08634654026673239
0.03458690401436657
0.007418865024946069
0.9253481798460587
0.0010796943474998108
0.11352963062762692
0.04120611112349184
0.9653804838908739
0.0723229358893875
0.016060141334003117
0.014160209797287205
0.025972507783651254
0.024453007299962408
0.007772633589870954
0.004185002105032419
0.0027867149294881913
0.038558409971147636
0.33221839288934607
0.01987056611209579
0.048209228054775
0.007481326256513862
0.026190249319368225
0.004759304340419184
0.011759052313671695
0.9712161675406514
0.9643868571513862
0.015270649445541289
0.1427998065112861
0.02220421185292351
0.06235428068699385
0.02037195636998155
0.9745772638986149
0.016385071841540443
0.008841783915854391
0.0426298684993289
0.019076271802481053
0.023423173411943006
0.40023249346817685
0.00902160823670404
0.023286340848811104
0.2650698672784046
0.9705479587870768
0.027334045819005375
0.9557054966529417
0.019590818361951586
0.10407147309370358
0.9484881567379033
0.04817744777335172
0.8498920304096129
0.045980124535250945
0.0304249790888929
0.013861460704840454
0.06997182382967106
0.02862774784685949
0.03595615996771706
0.09762261578169147
0.01669597788658126
0.10570551828987544
0.05766792567203455
0.0023161129152165145
0.013503977803107343
0.9683706690835381
0.0013275332609684843
0.012978206079168665
0.001519800132488606
0.052910689877361874
0.03911898364230071
0.0334220169065767
0.06747637824880216
0.08895149058958622
0.001270133509943253
0.010763305826017972
0.030922265388692652
0.05255415098601938
0.02362376968350302
0.018660245793058087
0.047749660927869336
0.00630633899815787
0.1614197512559294
0.060406714142384625
0.014896136234169797
0.00374547365220674
0.046215658950933894
0.04723885450271362
0.03445507299061632
0.05651353230603836
0.010060969030650815
0.12296293146178382
0.016581069727234807
0.03284865129287893
0.9616542909896306
0.9855107003203885
0.9826750626228579
0.01945180468567222
0.2138173859202384
0.016453447530163156
0.04169570383042202
0.06481846627625397
0.012883464822505917
0.9387185897767683
0.004930076437736431
0.9836418059348022
0.03880145866216673
0.14628393607034976
0.9872920495673176
0.013232384836206767
0.013108102686727928
0.040523175095770095
0.01043243769406914
0.07680651785528277
0.9432320476635869
0.015462610457507476
0.6476604243403902
0.01797774510141801
0.0014401136303177193
0.025802582122625626
0.047964556973099474
0.019282697352035392
0.059220600385641746
0.04039200662674533
0.08595351767163381
0.026037694669453985
0.02750623493324063
0.009609434684923956
0.03951428080207288
0.015498535996017769
0.026119932955506436
0.06532183631605884
0.09085597239029271
0.021502298438342143
0.0011836583941621601
0.02628619364594217
0.015466309633900166
0.017000647373969453
0.004908008994342938
0.03361260879431376
0.05244413158338006
0.043188168292829475
0.9839461678035671
0.012589712530150801
0.0017568984661411966
0.018245468329642373
0.9803846319740834
0.020662821752492132
0.07529218384109078
0.8977734669260555
0.08029052347495531
0.013109276435666206
0.0030320573101441247
0.01786440404368965
0.09944007949696522
0.01700126100295216
0.007330715493477355
0.0023840014979081767
0.8020987695192124
0.17719822246637978
0.12408643637772299
0.046336907556730506
0.3447625984843823
0.03842545395340595
0.016096262718076907
0.0019151237063056569
0.03870189890644947
0.022810118836579463
0.9632312815880416
0.0013072550222473335
0.9705168772694545
0.030984381816446548
0.04120309701674385
0.018097680200740967
0.04626571889827297
0.007746519435781035
0.9809722721292581
0.033897872294139327
0.08528439752138908
0.05059901847450389
0.000542941572371848
0.03665147558543913
0.12596456396547298
0.05043007392617039
0.22390267179937764
0.018455727001012064
0.004202775907385619
0.0004890005865871824
0.11107494930597489
0.02679736700594915
0.9816407138848459
0.008728563002930453
0.03362926743301828
0.047985343900645155
0.028260032620491447
0.02332879392297697
0.0022512595898304837
0.015050272477852346
0.9265669044318068
0.05656420555855774
0.004765893555589078
0.026541400476604343
0.0016177273817787115
0.012976967317708213
0.019255721936931737
0.008175276314002436
0.05180751165009998
0.03784545243312641
0.009312813842390199
0.0031949927097508686
0.9652916296698797
0.9652511002015747
0.5820635187721818
0.0062115905034587455
0.9266602042094289
0.02644524781745667
0.054453249862799695
0.001599719575103762
0.026865334802629058
0.06302390691737224
0.01595007054952777
0.9682099945180354
0.012915618937474393
0.045786751575194566
0.01824832516940012
0.013276908167055925
0.9587725085754356
0.13978363496871515
0.05364517760616338
0.0013617466749899375
0.022297272557813694
0.0027895028924962368
0.05471419427939207
0.0137990928846682
0.02261970563818491
0.032620820944884235
0.9275958550772951
0.019244732937911232
0.0028217124723677136
0.005561471168899155
0.03139948067968444
0.03586460013541917
0.08546699586409298
0.9463234054232726
0.021331354320123664
0.9770325814825828
0.06537156615044526
0.9846136382363978
0.013086411192822793
0.002016264581558286
0.0032864805278848964
0.0042585225490365496
0.025511989881530875
0.04349488208068484
0.014657281642490149
0.005062499758169748
0.05121379264659979
0.17000603072462164
0.02260205594547108
0.0227609247092466
0.12624587201424856
0.03027428586599621
0.03370317208728872
0.11310811074353279
0.004089595514764787
0.023893049083054195
0.03900499116445626
0.03085303272664769
0.10501031450979567
0.04745021792196192
0.0076221698030847955
0.10859735291323962
0.05699362311976334
0.042893882965256445
0.9652914362179149
0.04912239052068883
0.027099059156079193
0.03007634848210429
0.0255928343287023
0.01439299839610252
0.04044243490956574
0.09605645180978435
0.02430049196731711
0.9619098165112638
0.028113428408384863
0.0036280094830478046
0.007283419685171212
0.13241705824198424
0.018017477349402677
0.016581259437232633
0.9642933036470523
0.017956227255155593
0.12318558958767611
0.012220244377482658
0.08520283317269424
0.051679187623362044
0.12401279243685516
0.0017704576115160106
0.02877419765449452
0.9036475253670172
0.013247833161775587
0.005536238504205144
0.008698050868116243
0.07498621835430296
0.11184103407499783
0.010033929936922124
0.01013360472237778
0.008386380554270581
0.9789267095962845
0.01964997001727176
0.01106494376573843
0.004600125179289485
0.008712103969385088
0.10270210931621021
0.0745665804373769
0.014886191770590059
0.021791426997274405
0.00869575995366986
0.009336974229184617
0.024757337816244035
0.9774633326598575
0.03838516773723787
0.004182022962574576
0.005808842261707697
0.02043608741475666
0.9599001528903258
0.007090222852172828
0.8929756653337211
0.017651311249363626
0.011348704978725007
0.00908518254638538
0.017618179442233716
0.01624734232816711
0.1576581127860467
0.03226569397492867
0.005289799102312682
0.13566862505236818
0.10096462965530771
0.012106754157598017
0.0707985195824296
0.06395883170310727
0.9696519095808132
0.005599017067996618
0.02800599692246264
0.28447315672371803
0.04140700117891662
0.014755079302812018
0.9774032446676432
0.010924409403354122
0.02135454038007311
0.014019004480492423
0.017068307738903117
0.027304225650791308
0.018150769758660305
0.018192517211363765
0.006716058651745035
0.011416510607707299
0.9763736632975984
0.002501113963146491
0.09275494391530265
0.014963229050435817
0.0018379027667724357
0.01196692005104041
0.08253523532495108
0.0058532790962639945
0.08433696631252
0.02204053341584258
0.9641878672138823
0.009762111166862937
0.04447174383804558
0.009016293691171772
0.010895301895891924
0.09321868312556347
0.942751412119017
0.007727339619846106
0.01426368541861376
0.04780553272557341
0.025789319247688406
0.14603209276916315
0.002517910438621008
0.00746718564325718
0.021214158132628932
0.058010055490957974
0.04972022978286652
0.0029963331377525554
0.018680492508602937
0.0646145018351901
0.032505424875967096
0.02101127838399155
0.8788398875951293
0.003633102791674804
0.018191040492846047
0.021669033072384672
0.017082744455338805
0.004709068008692729
0.11338007970234752
0.7826207443634664
0.11462027580146027
0.0388977083199979
0.03911520949052122
0.01797767705420829
0.050759162919916834
0.05265321657341587
0.015293395580735837
0.03158167174271986
0.005002425227879975
0.01163436407733123
0.021290379477317822
0.05508961633049464
0.013303677496791361
0.02233104024600226
0.03439353497290613
0.13391740751332554
0.9700196118778859
0.12822733025997524
0.018559159597884445
0.008711498990455023
0.017932809363472024
0.0831823497163437
0.0011997830277443188
0.021918242725070262
0.004903920410795595
0.1450623102699028
0.03428909335334604
0.02804878033639499
0.13743015339112755
0.16934725063656048
0.014724582007537223
0.3360028271854985
0.10586822897127067
0.006557144299099251
0.12230164127569572
0.023173227739206367
0.01361367433074452
0.0034522276596709667
0.054524383983612645
0.9631910350866686
0.06043626398354935
0.10299362387093669
0.015431696203471262
0.235003350485551
0.014553978336751311
0.04282718012173294
0.9591311274622791
0.10031505776349325
0.03417942324117099
0.1767806349083717
0.02611298950130508
0.136666920450994
0.009752528811065038
0.021780156082034544
0.34396535821131885
0.9523923116622962
0.1297187412720493
0.028706967841959696
0.012392901884983066
0.08190635385188454
0.011075914985701284
0.007214338459987007
0.1626945348612772
0.030510024422543795
0.026597776940266327
0.12189469418587592
0.04432547469252088
0.02326724817654539
0.05761033365452877
0.011910321425429173
0.0014005438781606668
0.015894123536149433
0.010897674787172008
0.08131024165217442
0.02533606053468113
0.01662174484868687
0.024644456989377086
0.03509362754308422
0.031202414743443697
0.1812841904180798
0.09533574715431438
0.06045315865402083
0.10682008808552476
0.01992573485514746
0.009443036221845658
0.014022280505030583
0.013931511311235817
0.04712860301368303
0.02156505984588137
0.024402990906064848
0.0240011853397483
0.006910640063894857
0.030924934983031976
0.04533931274657119
0.020795704216476214
0.014173991658263886
0.0740856224612808
0.9705134755613338
0.3402411196239406
0.165334620323015
0.037821476272005154
0.02355905409161305
0.02782724515932784
0.018385585599113605
0.02910051693860569
0.05599705420599004
0.023342325872134875
0.012346646138182048
0.014044948346732245
0.21359541788749753
0.009686016151755713
0.9616256442580415
0.007962010628837248
0.07569639714428741
0.9715535008540385
0.05798403320677426
0.0012594980930715864
0.04260029851189982
0.017649497201364897
0.0898853457873517
0.004812706984325774
0.004324474834041863
0.06970752609007319
0.0145947268495756
0.006188838699064191
0.04603246571520486
0.9397261073633821
0.005612932047580541
0.018621415657845166
0.018776954927543627
0.012197824483362466
0.021470320337964206
0.013394672668119969
0.003678078416449559
0.029821423455868024
0.9916205960197538
0.014027935127778883
0.04872611365631746
0.04778069955000211
0.07342780611837547
0.01179269909969774
0.013990344123584741
0.01242125739034439
0.017284585039497855
0.022246711398306994
0.01950599662829692
0.9638149197646605
0.019431770710784804
0.015328947556042563
0.020806856301826833
0.11554007923761897
0.020736197533758
0.014591687732779227
0.06255756299824973
0.13900589301467894
0.993419678998537
0.03934967786127532
0.014712742245488204
0.0017421610382792026
0.022144922103958808
0.0018237131778262774
0.038728602262347596
0.018373472866069957
0.07220849592804347
0.019153173909018217
0.14487219063845524
0.008629343370547323
0.0023704519804686242
0.012194390380397676
0.9918777266943867
0.002648874103967448
0.9648982735373316
0.005547690033372176
0.005084983082726395
0.008520583614465409
0.028349887874095203
0.013560196092988683
0.08381913319341065
0.08315959511906135
0.06381104021517536
0.004437902671713686
0.9706651045109015
0.0022842098331793837
0.0026101220932575765
0.0013204743114665835
0.027637191240927502
0.009683544408406386
0.026250477866592535
0.008768053388972564
0.07232930774365139
0.001184661577294468
0.019158220755909578
0.014959799355485788
0.0023534181942509265
0.007089245097222114
0.03759360981660783
0.0019711094175057105
0.015088525479187721
0.047812775560271414
0.05324279962554396
0.9888061081430553
0.04104751864345243
0.06518828981148657
0.019294687207379285
0.020724124395740146
0.004378172391569659
0.001879334796339373
0.9884707359696495
0.020453199358547548
0.008777429260853115
0.9020917451965359
0.007677524839959725
0.013246254588950986
0.01926800136743185
0.15660180383515007
0.06745622043423867
0.03509187083715661
0.015124182890047112
0.027354391598200294
0.05083999190213044
0.039440863598800266
0.004876278475432938
0.010633536021357057
0.02589902535277303
0.0023077805612057353
0.8663756017653399
0.014561528913914813
0.011005893401894899
0.9709170413678394
0.03472706597715637
0.009222103733177193
0.10994625582461265
0.19617862670007943
0.004564372840874781
0.26507019477328914
0.021745165593926617
0.01019820537467437
0.012998967168760967
0.019595193564953935
0.9340388075304324
0.021757610467335944
0.02978492242223526
0.022310402997553342
0.00872778760185318
0.04397924684898255
0.056991626523594914
0.002334563303779697
0.0195074723473636
0.024139052978830573
0.04195929661996903
0.020646399809792732
0.9678884601093731
0.038339068850110826
0.3246932943135986
0.10188833248861336
0.19438137866702235
0.17335083779060864
0.04209211540295914
0.028728773835537215
0.0007173549732111467
0.0695539224244724
0.07007547809155576
0.01755826691479629
0.01784210412259097
0.023275692018613885
0.008153356647312947
0.9685407545103214
0.7436319687920717
0.29901925911790267
0.06295377761006371
0.017480232392191753
0.006853370177405559
0.9765407532580853
0.034097525984563025
0.07275877938488083
0.011426797010711282
0.18150141391342126
0.017661995424134904
0.013595828687155401
0.05175391336070419
0.03761152222667172
0.04449925091934811
0.01930649186091181
0.007242778582567495
0.03288893752410303
0.8990401108411847
0.9695761266079064
0.03733686261925165
0.011353583903596044
0.007745383151844355
0.8405743925773619
0.07747082259205462
0.008122765930982644
0.06723163916646603
0.014064359553717857
0.017101250041325806
0.984169108221945
0.013337891422534864
0.025117224558616688
0.05142124301330589
0.01249990129892329
0.01791891815297759
0.014794812623513526
0.19592324683257678
0.09005320801219063
0.015909408828228097
0.138428648964884
0.04703818954834194
0.048234895061675116
0.010599286336558985
0.1518840188319729
0.0063548840240318
0.09362650145491558
0.06282994865503896
0.14923957440205016
0.005419559171072578
0.00876441280934314
0.004472189339573352
0.015821985279807823
0.007635928710669341
0.14582200648371976
0.009380507623550737
0.11557553968109316
0.021670933716996892
0.002807245392774567
0.0038714644450198216
0.011570935396383002
0.1153400545200795
0.0033594355270114094
0.06299606395380575
0.8980001178900039
0.018963574695507027
0.10275183781082074
0.0019682774364002927
0.012942471436334826
0.01729970659839233
0.021853282752449976
0.05811443069769067
0.11888007302112326
0.023475878442219378
0.01740180641103588
0.9657957266259238
0.07469236239424668
0.0048589887495585115
0.034969945600052295
0.9883292975577678
0.10718256021273852
0.9598530495880012
0.019962563530704802
0.07357039605443716
0.004213961467165524
0.9830045633992353
0.08277360280781607
0.002053020119789402
0.016718217227126804
0.8817134290647994
0.03238265999151978
0.027728000909070533
0.1374926012025423
0.012081529648838072
0.036615061770616214
0.18034298680877386
0.012593537848741121
0.003603018975422695
0.05135395737764592
0.02170810892509514
0.013219457484058521
0.9531402020554793
0.05977305627433564
0.0051785516704853035
0.013936783468560266
0.07564852202473597
0.06679886905361883
0.9722350282767276
0.01837286574458603
0.016403760726751624
0.012634377128116178
0.9855586249215684
0.00820782379766359
0.05144728775254911
0.9485897881205998
0.019579344971050138
0.05242262101343238
0.020153299361414485
0.0036839966008087037
0.034808520755977686
0.008652670873955697
0.002874666282794084
0.002309221222687836
0.0019425453832660243
0.007845174920896302
0.1327087409546618
0.12397580354711643
0.01440102766620681
0.17671419934159976
0.015224385763108724
0.08499777004780591
0.00311727480050628
0.007637039139628361
0.19391658073318477
0.9250084765481733
0.03986785847008941
0.43650792476510797
0.00542754043368577
0.03694130096738785
0.9843444910769928
0.007026876626103901
0.019501581909574715
0.01121233246767309
0.08613880987125812
0.88994318560392
0.019063823913399124
0.060143551072521194
0.0005438919706050176
0.020646648469241562
0.13872762835060726
0.012421279072804922
0.02202670827669038
0.01956347194250846
0.2342371164897682
0.0681972873689149
0.046934651234148674
0.0038872595792109384
0.01659574342922736
0.005713040940321114
0.021293022819135473
0.053607308352165
0.07817511033126387
0.011032367530875456
0.9437236429998147
0.0167541205479528
0.04960936306055933
0.9481298340440023
0.04818652551389169
0.08993537578488765
0.043478135705095414
0.03155349281222021
0.008565253204057885
0.926955786299339
0.036512265453280256
0.07472881020161248
0.02888984468576349
0.030245347838472297
0.014051534192773281
0.024492592022022204
0.004426045627239536
0.019348788644173623
0.06599361357980993
0.03516398238487335
0.01981269205305726
0.12978388600176674
0.014370557404647736
0.050636851920095725
0.013019789869996107
0.004949494098329799
0.024538049774150347
0.03588891280628588
0.02143334510493841
0.0012247229139522849
0.034725176849368135
0.025294995021011523
0.038558154344641285
0.026997618733158958
0.019473219320880714
0.001906408629950992
0.003914388406811094
0.004157025185698965
0.017790566159135275
0.014603746335846143
0.08679144667278005
0.02140459968577367
0.008341251124251717
0.08125760299504148
0.0086758865717533
0.9880312820856695
0.014320004435648398
0.010607278904443554
0.006347727071629996
0.06216072055944991
0.09269560792266046
0.9879386262184203
0.012495328237478703
0.9742668335711956
0.003899249334516486
0.010344278143092812
0.009124208329220528
0.033447531355403716
0.00838367977053337
0.02315426069801815
0.04510447920103363
0.024092927889849368
0.07073026222385247
0.9976291017159185
0.014810288400213902
0.21755461905983492
0.04425416025293418
0.014731841382679817
0.043529682731765634
0.9370735327488345
0.01018688306340969
0.017759998157806635
0.005236494699865041
0.02585869830464476
0.0964205421602841
0.049430033390549265
0.010037822856379115
0.013925138440584496
0.018636062269473973
0.005688033649086552
0.008585207466131074
0.022406259054028977
0.03017365866780811
0.012466283624801785
0.09085897371688825
0.06294090097408275
0.004251480317731985
0.008586347681559246
0.001978662333101131
0.008902640079132126
0.030908112266827784
0.9662987053181942
0.005982312235424367
0.029447137288845893
0.040138553318991486
0.26005210734741163
0.03807003401884209
0.021766671852405356
0.012042818193644524
0.08334917249021896
0.03705591430875818
0.05761969866573133
0.039981007582206025
0.010546805094466474
0.010266722701677769
0.00876800983005173
0.01239220884681903
0.03986327696029346
0.04578493672854123
0.11615068860345601
0.018409728296412464
0.9252163380669047
0.00761785656555078
0.00945902381374873
0.016426920422755436
0.06764824597735829
0.019067895081524826
0.026502496255354634
0.11501274227258976
0.02427390790512716
0.0012822828439936918
0.02274301426697042
0.020988402625322478
0.02778313324350191
0.016662832656724004
0.9655462342158835
0.16422439156773352
0.018330302727853815
0.0413939153802888
0.0386313464452991
0.9572314999552285
0.00479416572017143
0.16938919229819735
0.015920535141868346
0.2235366960002958
0.9789666296298265
0.979803021742153
0.012241074739552759
0.011904155942015238
0.023247493972685315
0.06949081828181197
0.007225935969694216
0.015623488093224619
0.2527515486215067
0.9888248003384563
0.18024939550735336
0.013266921861149158
0.0019292638707673617
0.031886769636429294
0.08212481652599368
0.07624489242591376
0.0035314800097302583
0.28250299874859847
0.011460477529604433
0.01019408269669214
0.022350225724244072
0.17406824952272468
0.14824486238816484
0.015177171598467336
0.042599071127118054
0.1508327734643877
0.03429846639961329
0.0191556119367606
0.0067055193930480456
0.024322473067200638
0.01927555723588742
0.016251180544389177
0.0150160701683564
0.003279923029379012
0.01375138982057426
0.012405981244123785
0.35828820581054105
0.17099692173807113
0.10853823628149378
0.04090335085848554
0.0031218484850769473
0.3925218874433045
0.0015475421736924674
0.017081775589767895
0.005992046350035588
0.018361536109420536
0.03718284593131865
0.018412472674744426
0.015816393410491122
0.12430577496005166
0.008545855734128735
0.1705459031501566
0.1380419273608468
0.021225443643336395
0.007986856881843363
0.019497716956307642
0.08931234409338622
0.053996183356289855
0.003816714936362612
0.009412037333624727
0.9496533776796147
0.0426801332858155
0.0018934674268467405
0.012485925514881181
0.5092523943886884
0.011685439858843528
0.04840997137476195
0.0030908006002337124
0.18121564384281993
0.016157888782251422
0.021502741063537438
0.024523894936298436
0.02249291654616789
0.9660780647968537
0.06683704344648642
0.9284806977024953
0.955801503503556
0.008830315508903437
0.03485664730600964
0.03250413077136669
0.009847192331954722
0.006864821602502573
0.0033642231283100843
0.01693078922438821
0.07355116218675242
0.9748142150540667
0.040877649243811875
0.06479781036119936
0.034299347334632725
0.01587929576056968
0.06276459260817148
0.022106831538462254
0.055032555476175526
0.16123980882735897
0.9268987111098603
0.21003152757297022
0.08308678809270353
0.11746231825350525
0.006324402198165787
0.009817262318985553
0.0017412717868466416
0.2946474369818947
0.9240009411097395
0.01628693111478328
0.04695955392573671
0.03470451042230222
0.0026216787601533982
0.015213243579555488
0.060152557983262904
0.03567460836020402
0.010340098566314338
0.04373515178501384
0.012891782779850538
0.9840158154674148
0.015427226059812326
0.008535376623564196
0.010754202866281789
0.04849593035930416
0.9650006391232643
0.006832755637311957
0.01156762132067151
0.04697625308602614
0.012071258861473026
0.025359257093375758
0.013615754632245219
0.03522390367869632
0.9758054322961003
0.06460297844940358
0.03303613476494068
0.010863760318975145
0.042295187171361055
0.00910045725615714
0.13351966999574555
0.01670922225658236
0.09561046489906475
0.11830878675613349
0.025503390030899725
0.025516785058784276
0.016801338058092176
0.016211959320857984
0.17232341360052564
0.08614664974001916
0.009203644504148036
0.24507521790095185
0.07266813129852404
0.021425231870399238
0.01310826627532749
0.053798240175226865
0.02939086035417629
0.12025124699645887
0.09515836860880869
0.07183116390860915
0.0038629387649928497
0.9360000079998497
0.04713016167698412
0.025517586550173554
0.04826118594591109
0.052602977407632236
0.007760072932909923
0.02754986733112414
0.020337445750372798
0.11355287102647385
0.07451045691113029
0.9808031272619695
0.0389978448081506
0.039378509999548755
0.04303209175618789
0.017958790424295414
0.00823451131607467
0.010412010994888029
0.03934292058770197
0.011583072964240687
0.9833835006665965
0.18396240525266455
0.9861857136441652
0.006934930537027491
0.009095344717382362
0.007760882194894569
0.01145555725916615
0.007974696558007702
0.18109718298824493
0.029379908857390516
0.12283310631004982
0.004363621359126992
0.1803569541076377
0.975473960782432
0.022340242328740732
0.017865347089330887
0.005445264320980852
0.02002924949338125
0.016507591270204684
0.9669576772600689
0.017285658778262686
0.006955598970007879
0.15977577512041588
0.1575832332896832
0.12075622307982839
0.02255635026203109
0.01380045115950129
0.9802480016385318
0.0025780059522913876
0.09862311426950274
0.938746485672035
0.03777310033154619
0.2523124663122183
0.010408903529310669
0.09298171496805553
0.04372367865938849
0.012179831816453941
0.006267837412451033
0.017402917287645186
0.006913465126306457
0.017227920447415147
0.007865786694744727
0.003127073151615465
0.0034676981849780628
0.061666087152414666
0.010752561857343678
0.007193333328150956
0.04444412075626657
0.02891644915857692
0.9109802842362114
0.008917635784691577
0.008171557465903237
0.007063129228441413
0.013994892354985989
0.9451779452238648
0.0975290472315744
0.01666812473996164
0.01417407100131639
0.08518918987067571
0.0177652030911397
0.8828535161922878
0.03215723307809109
0.010643301717960709
0.016844227577667018
0.015496051964965504
0.0020791983373078683
0.9718646427636594
0.04058262283010149
0.022130236327663005
0.023930859014362194
0.019801774494829862
0.9724172872522888
0.07965266096527054
0.006803401725607517
0.10455004681061486
0.19630079823856325
0.10067685525596516
0.0480322333908299
0.007888008414466194
0.01751065304270466
0.014119328972214469
0.03267732397245168
0.015272226313106948
0.024077177550115535
0.5237424731175659
0.04085896561099926
0.023042342052675836
0.06073396114107492
0.0479592916595801
0.023385169016509846
0.06656007847268841
0.029768427725934462
0.12369397170327047
0.04778653638775345
0.002312518954728196
0.0007814196224665155
0.4711398835952046
0.05090573863578027
0.0020528809149248464
0.9760485272317708
0.028974120281336103
0.9717774637177645
0.16549360553250259
0.056701782814242624
0.0066453837006725976
0.09923573043146408
0.053516178372442
0.07441312606331113
0.4455488643680568
0.017740501291066916
0.05684747904715233
0.5953839179262664
0.07696407255646515
0.09600871650176805
0.057968659819202586
0.034940366427266674
0.03401634326955951
0.014166071069434022
0.08193937459851675
0.0011048258160602212
0.1403450017326993
0.9681848169501938
0.02603572073567662
0.01781834565593168
0.10380280006846944
0.006990219790534388
0.016101091910823696
0.026425948257830435
0.0707609981949161
0.08682162494030374
0.9601487598190402
0.006076629579072808
0.835792647646618
0.24330382260944947
0.07367051054307161
0.008394147910061387
0.006233976485703338
0.016405334765668557
0.1083215179562944
0.9813367599389748
0.8639976456016517
0.02208454405613079
0.05006106342068009
0.012996428193053662
0.016357143567707684
0.012840761507852244
0.005064451600125926
0.04472512130544926
0.007879163183136941
0.04787801369884082
0.02241026508405613
0.05545025192254288
0.030774959368108996
0.058644491116721674
0.11224124086553271
0.0066200387507998875
0.02448996207973042
0.1029343054345141
0.10982105324000956
0.018033222274134536
0.006466580140059416
0.01900051600263381
0.037630665533723184
0.008817407769644818
0.1482009779214146
0.050392292126313895
0.020400718607775148
0.08547977084408932
0.006089596047595608
0.06668817229598899
0.07204207923390117
0.03936442069580439
0.03596744722183425
0.9887291772375063
0.019466478987804722
0.9349019609929189
0.017876438831504447
0.012447821289005585
0.04653467293772739
0.007480309935309518
0.014841629190444728
0.09480604162674271
0.01742561085829091
0.8954799463598013
0.024159735626885153
0.014326696119790018
0.9926604458903212
0.8238738175872766
0.014803898378225997
0.02180686102857476
0.0058858151678374765
0.012486515793478745
0.9711986272115305
0.05126716616993895
0.20011098442270475
0.08013795000065442
0.07698796803865471
0.31574780193033924
0.022014015385997336
0.003537583611450077
0.9551454331663813
0.07387609290008135
0.006074718222280519
0.011906406903867777
0.028104107195191824
0.12642857891618944
0.012498241941251825
0.0012421301124077128
0.5519563176697826
0.0054216458357312465
0.014656539985111985
0.016985329365813002
0.06250021165223454
0.9885353615804741
0.020758806240761745
0.9375851059462059
0.007104221879513042
0.6858882283448529
0.32433315666526424
0.97137616727252
0.07930604694591678
0.07494043672495712
0.08089160067346203
0.010437133727177344
0.01967758000012851
0.010615966620111605
0.009326409383055033
0.008845809202571522
0.2288358862075395
0.045611364100841476
0.032575700457716746
0.1014701722924488
0.012440345562399783
0.042732889650595754
0.0008785982254451518
0.9453289864348058
0.9775672676066062
0.9709619999049607
0.07209914525424767
0.0028758973095045553
0.015223020507150723
0.016026402565846913
0.024024447686497964
0.03424610803999146
0.013177595695071974
0.07830196493746383
0.031470264679510494
0.00760596116384931
0.005527637291285739
0.9592240787095692
0.0014107217316062701
0.9712349526623634
0.07805473484989153
0.9303673140758042
0.0028265440081913884
0.14898234760931464
0.004495701119797996
0.02791791401389976
0.024583872064976982
0.020894597654526958
0.009512602216977995
0.1087814154223843
0.024168687718548187
0.0798636505908365
0.19011281995191423
0.016520575103062603
0.7229438297428356
0.047580130797284285
0.01692616125876179
0.20644254125179265
0.003947621271182286
0.9809036387598237
0.00931809865891035
0.8091359381841716
0.008084276760297925
0.9550329367339199
0.03417764985732693
0.01796039144286075
0.015995101294264683
0.057310189522379346
0.003424191429874551
0.004142342066703831
0.08120231855610253
0.012486867169239003
0.03639300555170421
0.017492402297018865
0.09207839918448725
0.08663281037548806
0.0034322557722563846
0.09811925322185483
0.2807318546240018
0.012826882308663539
0.017250019990691187
0.012501908420370291
0.011401827366528379
0.06509166076685875
0.051887569122147766
0.01064752164295919
0.0404211154792324
0.0026300509282815576
0.0711570479845406
0.03879347533934347
0.028226788088377894
0.04196332143344699
0.015914707521516233
0.9508358819309367
0.007109247035540379
0.9483396705768267
0.05699989664808835
0.025358812779002343
0.004575152681754499
0.001541748870902668
0.0029314047425001506
0.9013443746387971
0.014077970013511649
0.025084306191134133
0.0441868516697287
0.007710524357724657
0.036539680037453
0.001049635048522233
0.009425255407822746
0.0803053738096345
0.16845963992881283
0.027221779948721592
0.024064283446471445
0.9660857929352079
0.04181506447399117
0.056490594367701354
0.03455471039696052
0.008255210091589879
0.043387335902974604
0.022446972507894902
0.19160372905163234
0.9643185667896615
0.022993305936319357
0.03714616473781917
0.026454008982820573
0.05739988409827323
0.04053322777051913
0.9829976080281112
0.04532951198530849
0.2836182571176452
0.03505933600744624
0.09313189513969065
0.9228371459948352
0.014522404937697062
0.001835590071786626
0.07225157905484697
0.03594716014984278
0.001994439292749555
0.1380999000807909
0.45331064198514426
0.0044203898874012595
0.0035015028709032272
0.008380302049955072
0.030019899699939248
0.04047293618064705
0.031319006424753215
0.056325586433010916
0.016615673528253872
0.011678698373720216
0.9559952925854427
0.009644546647554528
0.0027542525331512337
0.9509440311403233
0.9765682771550656
0.00829499353890803
0.9895994954183233
0.03658242162530003
0.009474811928817614
0.004149138806957303
0.11941010144864808
0.02134811827036626
0.040973388768743534
0.9789820412959306
0.215054873490886
0.014971976546369503
0.006457345961593292
0.02337692457008571
0.9322841878469921
0.025370845389424992
0.02855806521232274
0.01173415282235353
0.05678636828511664
0.0718898714229341
0.009224183066704267
0.02452520281273907
0.010821739471096195
0.014418587178864442
0.011385763147415686
0.019798882975306707
0.014166920246392658
0.010021192923145277
0.005916023354303572
0.9628128822447901
0.9834748555137868
0.05631735195873991
0.03960870376698608
0.005606109654370368
0.6838034758374456
0.06697195033324238
0.013618016437081142
0.02168654415639729
0.08190320697058229
0.15344428004820176
0.012157618218392495
0.03219951034969252
0.004437048952828151
0.0038263330570249884
0.007461180579547813
0.9494871168337836
0.03241885415730427
0.13501349846201105
0.0673719776632528
0.08263421420756152
0.045218697367721605
0.011930678005658016
0.008278060132534053
0.004423539363801241
0.055510814390374356
0.18884899844825856
0.19965674998834665
0.049279654567974604
0.008040643203889836
0.028994997499446895
0.12804427062548854
0.007889394918641908
0.01286716900116101
0.007064061517957756
0.047226609362808605
0.04655464065875923
0.016145965969082465
0.006853376359887992
0.0044692343662856154
0.015234949433777132
0.04811240244701345
0.006557894828493635
0.018232016839999282
0.11483587702980272
0.01673638604864748
0.025668249954388708
0.16062358843278648
0.988081502237178
0.06586731367297642
0.06112120145885528
0.17929262318146205
0.061795682713135715
0.0017300524187323482
0.03608344818096472
0.12441961662034755
0.12572820561699458
0.01747072775257442
0.014930743010184619
0.2433021097536656
0.014450887835310464
0.016528629747030652
0.011662646737798637
0.09409242488927305
0.14150328231258724
0.0265509267311331
0.05071524793005073
0.18851375632741232
0.03388346993113405
0.01048574211316761
0.003674830126690175
0.007549022385059411
0.007424790177012628
0.01832950776985829
0.019623501267258512
0.01861083645924088
0.023446178922783924
0.01859098039521712
0.18364820130963075
0.04709541619909731
0.03346526547113679
0.006242079148693762
0.0015756815045199018
0.9192074496526174
0.9956828224406858
0.017707348497863096
0.03674717382505153
0.001085431119745264
0.007080413622077328
0.10664845915518917
0.2488850276102227
0.07237181925699868
0.0054031516977272554
0.025706304386767635
0.061285527780123604
0.0028552429324748595
0.0020949778582202167
0.03154313307006621
0.013284492012764475
0.9821471008381373
0.08999193341937577
0.028665879514044767
0.26239086768465775
0.032762336378163774
0.06944216986704736
0.7156041526183099
0.036261309037052235
0.0035141261769948053
0.025758473988208935
0.008126303225816731
0.02387987312543219
0.028067012363413704
0.034872728975944886
0.046104376942166146
0.04579312888223143
0.014052973576514662
0.0020026292238730075
0.01470120882031755
0.006085135281562097
0.1114383663729666
0.03566327257941942
0.0026469169640881544
0.020787905756813642
0.03616512735189207
0.010322159713117994
0.11157561731566384
0.003941534162564946
0.02862616938199072
0.006131361099959375
0.9137641881655061
0.005760018752579998
0.018232372673649865
0.07293475772025747
0.05143439267140175
0.1721865220224968
0.013405076999315157
0.0345759622945223
0.032535018506245725
0.14520070124582535
0.16043914040377882
0.003577909433896684
0.006232060504083907
0.0007538904926635879
0.32530417730891514
0.045103096772359554
0.004396431859129683
0.04532717495079816
0.10387193595199619
0.9864742724553618
0.09971607554966987
0.0820680170228595
0.056473508986527476
0.0403115759873812
0.8116771592814498
0.010439832119940973
0.00219424286398289
0.013437677016231367
0.9635053420956907
0.046363829717328435
0.01679480782311827
0.009674412804288081
0.020991229853182768
0.015639886254172102
0.2645047763681531
0.01593663157268545
0.10838060484773629
0.20360130727293857
0.018725051029823362
0.10439240231367171
0.033569631964774464
0.02863501726904807
0.003288482764507591
0.02676498453175137
0.0024447839060192365
0.03541377718331866
0.9183637254341247
0.017015997410967765
0.12506635452081527
0.03035290473762916
0.01131804330940815
0.04897474119245912
0.016850777650650333
0.10868302979855501
0.0032789103543384946
0.8829104953448665
0.023648016059122746
0.030493084176339533
0.14538473088441534
0.05767045928503587
0.026184700371873076
0.020728988657804825
0.010905973634167065
0.023554568063975972
0.02938651138344067
0.006018114456355247
0.11561322690693815
0.11087710356675183
0.004290813973687064
0.025715476577377966
0.033783746020851824
0.012876347008779229
0.023013378050979177
0.017493811580355668
0.006993413686912092
0.04227345258638109
0.00892542093629078
0.0007001790150859412
0.02004308655330981
0.047649126249325886
0.005314951061224559
0.011192962740872647
0.03711149417483534
0.031206909284791237
0.005580127464209379
0.04331779356898104
0.3139740244757102
0.04713712311167403
0.01668012503794451
0.008003442565790657
0.009013408271144975
0.9811642808916672
0.045977134878894835
0.03475242908248338
0.029908059188255762
0.04163138314278097
0.014556253846316126
0.9758679658185989
0.9679877084984697
0.007045287630118084
0.03299344137381434
0.9686915236627865
0.022991985376929862
0.02130838133063605
0.9425520323268308
0.009503404439020603
0.04739396580150532
0.01997275334159409
0.0262402812309206
0.027795753672379523
0.01773285686864128
0.0234574820546603
0.02043020185731819
0.023260802708610716
0.002536763857631064
0.9972140746737777
0.02392991311849203
0.20147212850165064
0.9585468997089686
0.01651666852016685
0.09118880513971368
0.9896124951283753
0.03254783190663555
0.09420965996960472
0.9777180794495131
0.0037761162719194786
0.07274759935017676
0.014485573563877814
0.03572441972562179
0.036524194812185114
0.04104450493612542
0.0036246383361346664
0.18604857395300003
0.9466089921380957
0.009724645429177824
0.18881296726024785
0.023188680939481936
0.018568974929607955
0.050551070051330804
0.9819497032157868
0.01833810957967672
0.051076094743194016
0.017094861434106146
0.05300090277452812
0.006332578282768897
0.03127214375697665
0.009950946751411206
0.9276338617019655
0.06199079899682274
0.029286138901138042
0.045317491452831704
0.08363152499952613
0.03091686925591567
0.19814286359019476
0.03350677638619773
0.0026073971733105395
0.0581679348304529
0.8511596343558551
0.015426732514750052
0.35861747139237826
0.10228841457187338
0.9417487556369805
0.010265696208549701
0.823908108190219
0.014180283934167337
0.08963614967346302
0.006354955879360254
0.02352437409040597
0.975407469389201
0.02600980650779943
0.0008974187356788039
0.06197374376918285
0.0736021332594413
0.03766543626334231
0.004674443996176066
0.02052390966567775
0.013178459145253618
0.005699672711036753
0.003174772734806625
0.010558622736507749
0.1181431295089653
0.17373338668804045
0.003343038731032529
0.058867480947130325
0.013458028865434958
0.006645099828753466
0.024668526892995816
0.009971345159937563
0.021344817690369968
0.0250694421756343
0.027601848309325043
0.014016188965389186
0.00892071661978112
0.06631169020065181
0.9684918841198127
0.0035073726864576623
0.009528730272635217
0.9834977380000629
0.12121423391770297
0.10367052380820534
0.01350914096541993
0.0664814930952503
0.014924577022465847
0.015085661692497624
0.002276670493606003
0.02781069137590414
0.007335336919858271
0.03278334812758455
0.029415741572345645
0.012412687293906585
0.4807722908937588
0.013104865456999175
0.962228099838287
0.011849203840505466
0.006676493599963698
0.07940477046180956
0.025344054666048332
0.023107978135700057
0.05415469851367676
0.6365120745786412
0.06316710017251412
0.11781840590840144
0.0015698289827653104
0.01133298899194597
0.021348377926547674
0.15753110556308547
0.03700525496277755
0.014108629915226508
0.015257452857495529
0.00623269095893196
0.024704473768153625
0.10766563429108335
0.8825159748540881
0.006283198767968743
0.13915542552182292
0.06824934121253917
0.014244171460126704
0.09327965356537438
0.011099832327860205
0.006402072459935094
0.022584755592263164
0.026528689262851055
0.029549313650806056
0.025941838111346423
0.016750902078612045
0.03240824122848082
0.03250255164875295
0.015986946412215187
0.0332052913172162
0.9959400690399142
0.050668992986850195
0.981315551801302
0.009978613607171593
0.004653755251431472
0.921287972281395
0.011594177695921054
0.02755280154591479
0.012187509870228656
0.003395578207818528
0.039325911440135024
0.024004641100774174
0.017108383290284166
0.014937480630996964
0.004833406133254598
0.9800208902715852
0.005929730923580503
0.021346359449275307
0.9669849906419036
0.003910548701645142
0.013278174572044468
0.9913043420022228
0.01852526344369057
0.009370150725189917
0.9865639151387637
0.012429602885103754
0.09604605976906253
0.12928213707830757
0.06166411223702781
0.014999985456111142
0.0037158348009804737
0.0159360793437002
0.017066009667201825
0.8802667198254439
0.9653937950170057
0.09096155523461015
0.005802647833882497
0.047626572692840416
0.036157052828564684
0.004156112317683285
0.0556789444882343
0.015665028796350816
0.011655204160259308
0.030584999991672742
0.9756302222599328
0.00809794912963433
0.0022645984735520006
0.007177827261253855
0.016753837113651106
0.0018892310538982926
0.02832142155518338
0.21901442089617923
0.034271848078466054
0.018104409592255486
0.008796936721787482
0.028043797300869942
0.2282439228842072
0.21388272585205295
0.014672463497798388
0.08221399849718455
0.037251104436553294
0.00784176392922444
0.024576601556732306
0.007545704935637466
0.0020629165904710338
0.0034420307658750444
0.03285941751767203
0.007282826255383701
0.015975224362533107
0.04175936224034972
0.012731531523590814
0.017413259861687975
0.03587043299767864
0.08524739527837119
0.01805754167681029
0.02119250597375953
0.019921288322889107
0.9580842170748244
0.08569539949397344
0.03263932559838321
0.03940362745244809
0.002815798578442965
0.044510399126852014
0.9716639695561976
0.2805817381204554
0.12136986482610022
0.010554971842747004
0.9144553411703851
0.00274122376408857
0.01810049457824942
0.30416021935962106
0.9239409575597873
0.02599971940566355
0.05345911397904386
0.005670032538500838
0.006421069087704257
0.8416594252458807
0.021315155292729503
0.005332467509015983
0.2381805031380574
0.02644812915504941
0.9806326157672063
0.015203286269842232
0.00837478643274411
0.022454751088828405
0.10017039308527775
0.1048758346272942
0.05253645490665392
0.19597834643707837
0.004103438194300833
0.03643062612401751
0.08906391673565432
0.01770057935108475
0.1023607412465194
0.018456529783077835
0.02358445798253135
0.02401691709575491
0.020268735384918073
0.21335849653845815
0.013292899481498316
0.05938686359570542
0.023456666300829092
0.0479603787607787
0.019205059040153984
0.9846941602112351
0.07218614727366708
0.007431198294273293
0.024947369493601077
0.018483800259230732
0.03133871967820838
0.9519311659217077
0.028729147610935823
0.004830652005858173
0.9363891825359874
0.06641343282525786
0.037990787366979285
0.35107426857355595
0.03690710846089933
0.07287327069052142
0.014731841382679817
0.04511127238348614
0.07582890003941246
0.9805146960549654
0.1156831834726577
0.005407844290781047
0.03358576372886605
0.003510251701317494
0.017631524275899688
0.005803219339622645
0.06616056243076783
0.03617086362399137
0.010964834003872426
0.04559009618489175
0.1977175308066055
0.0598032114524985
0.023391698622323907
0.0767727043190963
0.0764268440178563
0.024334425927585245
0.012847127131648253
0.13842593077822515
0.01609839343520798
0.04913004530861666
0.0031975723617837515
0.016744618979163215
0.010335990763506856
0.13504026811936093
0.07677246666833112
0.05417712122307731
0.05831087981755
0.03711126634093008
0.012214325752782092
0.9905632894072887
0.11822000585224575
0.009905414017272527
0.0026354541697153552
0.01237174337364977
0.38909614967835937
0.9692782317387334
0.1389182145133468
0.165471659370944
0.01637952811927956
0.012296473195381913
0.04447697706443075
0.012346318259018647
0.9744297562502977
0.14971513583504864
0.4523966055101101
0.9638106011304075
0.9881757533831148
0.9858053088593263
0.010395345788053376
0.0018677216078370597
0.010427702324143008
0.02564696080580509
0.005933650700097508
0.12203568249610636
0.9704053753567041
0.05103360593767168
0.6732519788776433
0.0052195858145557715
0.013846069690198703
0.022202012353750147
0.015467032042347851
0.04389269572920323
0.005122072595547945
0.3964074634102068
0.036195916711934596
0.01326768732311984
0.9878944999703294
0.0025555749689673327
0.015647146556512902
0.18216179388677023
0.00806523839874598
0.008457800048119643
0.014146487913368345
0.12527415140659542
0.001351306480946313
0.02897286585448515
0.013791969325411983
0.09206775543589178
0.0043512936527621265
0.10060937178681806
0.017706960743779726
0.2155705183027733
0.027418171646249212
0.02280996242694244
0.014556136312928535
0.0742795154120543
0.011377137618794542
0.0719757103002939
0.01450233572684112
0.11962077179455267
0.31592874358864137
0.04905770413052557
0.004831962068152118
0.021974798817249064
0.4078666071063182
0.01745243913558325
0.02913987589668376
0.0559106892385221
0.03177593093244403
0.014501916666554237
0.02355466524391221
0.019933577492662825
0.021781832337575864
0.034915485153028815
0.00245618411821318
0.08913880561545977
0.0220600028363225
0.03086320778204117
0.9835618062642886
0.00847952318933547
0.005645744464212168
0.012908335821404392
0.030958824788240993
0.06855137676616006
0.945889581688318
0.0014367853600200727
0.03498093223077713
0.01204881722350916
0.18543460424490865
0.011552014849940418
0.0155578176615137
0.09905697938040064
0.1180516915145238
0.0007898751443804654
0.08516589386318867
0.017159110392191153
0.039727951535750095
0.014604460565078773
0.006496271058943814
0.4297733320527688
0.1855087640786014
0.024048754346779177
0.034549170058201746
0.06738403972733155
0.2982116628250209
0.9750565137019414
0.016253026223786406
0.09275311663531952
0.0019234018192310959
0.025782291514462423
0.008989070077642864
0.02065705473948279
0.5594942460364215
0.09210942282031997
0.01546670769334709
0.008178884076604009
0.06164535178724288
0.03668816426586138
0.018168666413888993
0.06541038584225561
0.00847454773065998
0.2760348801906708
0.03215304186982837
0.11573795465042087
0.010077864835302444
0.037769312921234956
0.005363529524716008
0.022736591256703655
0.06294457999354894
0.013963376444619058
0.008553674252355344
0.07424818315872825
0.024365308402645024
0.03463835865388843
0.001385370572595207
0.10467086896542546
0.08232188393698515
0.005358320650338436
0.011177351116539086
0.15465501870141302
0.06178007716412604
0.007342035337479423
0.020325131428468944
0.013069075119617777
0.02730999000154681
0.002124128489136214
0.011984663673781627
0.06611928895705829
0.10619512336971436
0.1913523689601674
0.06810877381220147
0.025493784016565848
0.015908371914667676
0.0033185167788387883
0.07149232263842509
0.014707501564777636
0.05766792567203455
0.03637413234882146
0.012925021548612218
0.9552724509129905
0.02269102042108681
0.056256300350955
0.9684973755456258
0.008292781498807418
0.0008964062705321408
0.5999204354252419
0.02751407989081665
0.9645877763919001
0.046267705876933504
0.002133695561299759
0.017015690569641643
0.9830946515533803
0.0180047293955123
0.04135085103672675
0.07371277947708453
0.08514562833484483
0.023348247806807394
0.01762672368690103
0.027062801472577558
0.0352855550652164
0.9979359974451267
0.026307315675053223
0.02170693185550051
0.01153246238896914
0.032523092582081796
0.01023814017929678
0.06630761889383274
0.1656693189261264
0.029300481187223112
0.008066102880347703
0.012822456201799835
0.974109226589755
0.0673165536623768
0.009577969077631046
0.04307473361426994
0.024785998584060998
0.05769695013255544
0.003485097290197512
0.026562573761828173
0.07502497270224326
0.9886082911040981
0.025380657596606758
0.006375132800778305
0.004102755133562479
0.012236729263011977
0.019140774128383164
0.2072383288535476
0.013636571671307423
0.007048553626244128
0.016084350249491182
0.004710154648376163
0.013179709491437198
0.0454463205631443
0.04172922821657767
0.10914836522972843
0.020485112868934577
0.012637788425325562
0.03261993823082765
0.0029527031878680424
0.012075069961560393
0.011210783817282553
0.028335141303027542
0.9753231779236967
0.013425931690261609
0.04420023848771986
0.0216521825541901
0.07850889480116728
0.9859348028373299
0.9440623453625384
0.005706426215568524
0.03159725505640324
0.001376729930194965
0.004529401377047009
0.21206651978304913
0.05966003214985569
0.04348247846211118
0.015423795599077311
0.02574029587130616
0.02892350872416316
0.013456831484799602
0.013396725063442624
0.8053411621593703
0.05334075556254921
0.9684651638062738
0.003184832609492283
0.10663703972955259
0.013637636505039382
0.03641108493696221
0.08047074981106411
0.0006656205472449549
0.08374992949972969
0.006482741515817135
0.006752132248662045
0.5603588774429763
0.14773633526419672
0.03113705189028644
0.8867468857793372
0.09005821420460301
0.026314986803289094
0.08630008657087085
0.12102153475322064
0.010946149493138463
0.009563581791669025
0.017401201235675803
0.009503839435880774
0.2195770031179088
0.010073750692824644
0.00744314957494049
0.01472344355133687
0.05215303144351121
0.04320640788678933
0.007877110855238576
0.056678525692089976
0.02749240403260392
0.011072836490949828
0.015879401746871434
0.21332455479795834
0.017807971634934902
0.009485722119611495
0.00753832306495713
0.0587433571626986
0.006098296610446104
0.11269257499533906
0.2040071816128918
0.021310417110686562
0.14016879055480613
0.9163490166351633
0.03834348898700285
0.011990936268460496
0.002159276816117776
0.0336375456463452
0.004589409100941442
0.01933666370517137
0.005783544354963739
0.05097088488722097
0.0737627755078451
0.0019602292301777293
0.004260294437064458
0.4422654639629469
0.007222800461810363
0.011102034813398323
0.06663870431874055
0.0027217741334154937
0.9869562592474638
0.013639096283581903
0.016340597158562793
0.980512018681112
0.998356335011594
0.0014192932110763709
0.4492856319486454
0.2128523420263751
0.03166548242003405
0.06766296079658744
0.02792319515576719
0.025862065722610194
0.2224232940368442
0.001248051554617883
0.0012063203008366768
0.052275043981943506
0.9052515301645573
0.1935800335167313
0.004659696473124364
0.9601596275937014
0.006043619299783844
0.05252447397582361
0.1343920683412408
0.010811245038452726
0.008249827971345276
0.0341749078027069
0.03974383957592037
0.004026283587746934
0.05788754550431985
0.04225698373311937
0.013213435299687765
0.08530440893275502
0.9868535016060177
0.08795613611117271
0.29765086769053206
0.05936150884372477
0.02828608935957012
0.01429445317119847
0.9691072259898806
0.059343661346384496
0.9809638301656881
0.023635170801506084
0.007618816088610708
0.007590971566881871
0.13250598819503076
0.018613760205939498
0.007222965354725797
0.008464727084280265
0.01846792920485884
0.07589124914441558
0.01615068934648576
0.0013007095290851188
0.028942013588785884
0.09526388768545048
0.009799958103059867
0.01586086647281517
0.092264354570115
0.018210929440162754
0.09097634127889284
0.009696486663907822
0.0504366008238443
0.018577205498420127
0.013166054843049536
0.04681181077893585
0.9760331068159903
0.014428797909075022
0.06720306573047027
0.02498050668326738
0.08932911804603674
0.13031117163042674
0.2695052208679037
0.18606106472103145
0.9293868651662807
0.09799759413440358
0.04031932079621978
0.049076193057599055
0.0046925276346661575
0.003091593923153486
0.007917895066462665
0.035626068982506975
0.06467363296933076
0.9873554091967209
0.009549508172741273
0.02737681147034218
0.07651541109655303
0.007325128077936172
0.11347221679326111
0.006201975094333914
0.020177083676850928
0.011978210392245505
0.09775301701700768
0.02209593233536362
0.02875021242981458
0.07037614383435224
0.033626766076357166
0.0021165246830503848
0.047538464461843045
0.06138826196129917
0.3294750747457466
0.033037622515426066
0.9871395293384279
0.15977458696950406
0.08122375841620846
0.019004861981751928
0.0571331642307713
0.007997400030853419
0.012092109436497297
0.05914421393857654
0.025538575770244588
0.9139219805351392
0.12574664626018775
0.0026206682517429776
0.016881851572001453
0.19036130128341502
0.9807779415029426
0.016196254760170586
0.987879453283722
0.06560053433997057
0.06827683139469878
0.014382204518090828
0.010536778776850473
0.02176308558773528
0.0015524007215175586
0.11867227878952276
0.0015559808224631256
0.052271267594045406
0.03413905203687836
0.01131171597230946
0.009057166501218553
0.015250023637117728
0.06417315413599298
0.2225066977861711
0.022168511195671838
0.031192204457051655
0.9283188310299004
0.015024306535378206
0.09363804399184224
0.011834428051525746
0.0047552037030024925
0.009031930430535302
0.06724693544595635
0.007575667699226697
0.01782221711764219
0.06876901962158867
0.006440794332029341
0.08412311994347921
0.0012191158810833168
0.3432029060556652
0.06056429542067824
0.022726818335832174
0.25479171200510237
0.7651002687778475
0.10585609644772717
0.17008648573285493
0.014003861951444341
0.11836811633838254
0.17312670799373267
0.003095298317549349
0.9650002508626614
0.023680630001303323
0.2353110556577572
0.05296448221804526
0.07942240739891337
0.04582137867666213
0.00443790140592371
0.017461367060767723
0.015219594390492665
0.015806745597985682
0.940235295965917
0.12864149114341408
0.040472655577638454
0.9805596970786499
0.0017446594837077654
0.002882035945979715
0.048095032891816665
0.016849537562751482
0.0008474672906444624
0.9547689239796562
0.011797647226417218
0.006611961921009293
0.019045797457353752
0.09787705722533868
0.02202300828770267
0.03252660441453881
0.01580540618332549
0.0490113423934991
0.0014129176772667154
0.006930826662923321
0.0013642043435661414
0.011094845399413565
0.07255053694044655
0.1636702568687102
0.035780900171751104
0.018821311031485304
0.054581403701826604
0.03274516434938014
0.007038776767403397
0.09360944870700989
0.07616059272923253
0.04428885537672454
0.9650600254712545
0.09331445778264164
0.07211270832651145
0.005758035284882413
0.13538928123014154
0.017976717093334187
0.008332025154965358
0.9530319804308875
0.08175543292199743
0.04413636637241433
0.001964305555229018
0.02355561239391374
0.14913709847874512
0.08660616469308384
0.3231835704779691
0.4346515923271487
0.01575465136854643
0.03765012951332332
0.9591493212576832
0.3488201275507989
0.021629553960249424
0.9879156980902986
0.9747405620436732
0.9509613311405474
0.15143010123668504
0.023454970414336283
0.05187233660670912
0.08488994607210983
0.009201105693879637
0.003702924354855407
0.9917812565115255
0.016071851925357736
0.9589726565337356
0.029980246391283685
0.11150478591091763
0.2487391180091893
0.02549277321363632
0.032769982915923514
0.0018884439577212422
0.07236853103686249
0.0017556466259871714
0.1252217690673828
0.02140789131427543
0.004032306408178229
0.03707534158233886
0.021697773487652963
0.004117545692338614
0.017615101477419636
0.017160890406314352
0.008581892623756821
0.017462812872119794
0.002287520125008239
0.06916700489193774
0.029444835515395926
0.025017519259657374
0.004912591775974736
0.07613914070105329
0.01638759013116873
0.010348330980025041
0.014487802850436757
0.008232389506261163
0.11763976809132695
0.028219367383458278
0.08096432976695678
0.8800824599936611
0.9577966811342596
0.007832245543247348
0.017977663063131456
0.009567062229898953
0.002588811799326876
0.00391491370376842
0.3147615416530943
0.09239323830390757
0.06040004381900911
0.0643260886719096
0.05455847362195702
0.10016687244632723
0.025642865974776864
0.08278317798856952
0.04096252022736883
0.2525647972349184
0.022068926053731695
0.06900307183689545
0.9109526717289091
0.022622983011528902
0.015587741531391596
0.9588956578817928
0.009453650450128769
0.0021748981570171837
0.06630046343316476
0.09116739270528292
0.029203434320527424
0.9924055244234401
0.0036341004263065408
0.061140256219940306
0.014525486386233417
0.042149598007667294
0.07126788460166857
0.004005888486590666
0.003629368450356815
0.021853945440150787
0.002587444285094057
0.025730979953596293
0.09396341283795145
0.04821583638099379
0.9712891604496252
0.8508317910934424
0.04962133198614053
0.01060770508988727
0.008173217561509717
0.039541831411868775
0.10882865081278266
0.07660465522484018
0.01658636481931262
0.17768287225223467
0.12965718200847845
0.0125302805682462
0.005814156248633747
0.014770722965314188
0.9839231370864728
0.9718602933409937
0.9544727164573474
0.9036452560323224
0.020152095407001372
0.011644815017945192
0.014901758902260427
0.003920644839932014
0.04792773244073319
0.07328875340836317
0.013550648134728624
0.019919272927086645
0.2795753711285026
0.14938466514920903
0.012141257211746411
0.17811341978459755
0.03115242855574741
0.0065537480854559035
0.10243003872115873
0.031049843646964666
0.01796936283697105
0.0035904261556155993
0.05931347963299475
0.1631493295834001
0.032017525054436564
0.0073068840262650704
0.023186620883025044
0.01851478304670442
0.05443994233270624
0.0933987164946676
0.12804556463376512
0.002554568607936906
0.21706345320014236
0.01612721726501845
0.9498957612240307
0.0067689858953886815
0.3997378231531619
0.00518087888907102
0.010155855979331291
0.2798480217291045
0.07203476829447901
0.02185197037691832
0.03990474150014349
0.015038260715082009
0.9523380115764264
0.018324663299105003
0.015713807278032874
0.05806739270517774
0.6407575917218171
0.017333170465592
0.007870456309201595
0.04162257713857274
0.06889713815279883
0.033836664651598194
0.010134022839484327
0.22065541892736174
0.0020844325809787107
0.00669034395297103
0.010058349792582497
0.010419545405108208
0.010418070098045679
0.008116892605700608
0.02073831475213852
0.013313601112643545
0.08805201998652598
0.02770140404496799
0.014943646543027413
0.01620416472660277
0.010693329920279606
0.06257288555891935
0.01530009397004795
0.013150244976140276
0.06191237568176482
0.0371234558393993
0.03007111227281102
0.2445243882978003
0.04089716933599899
0.1270401163479414
0.013636696441210433
0.026617488219275443
0.02618523267854528
0.06251649315100491
0.20060763749332736
0.022297917609967462
0.006573792830875786
0.01027364372100614
0.0028417283827504407
0.03063557542377111
0.9786220669382866
0.022102564792007808
0.023658729968616052
0.03406843425563477
0.11041775440070446
0.1530092838285906
0.07360845548447889
0.0017985498178286492
0.011746769484099012
0.09018396943488496
0.012232603334923957
0.02547634206943016
0.03971095251763599
0.13979543972218025
0.05141234943824544
0.08551583568951117
0.9839316054961137
0.1146833627875915
0.12017971374849801
0.9742639604739394
0.03907312092083863
0.9680079616697964
0.014234654270574115
0.01688608310325324
0.023317983195635134
0.19586818187899863
0.01706649045231202
0.016373475091678667
0.03809130439131328
0.03424621790964238
0.0765928482678107
0.027987191189375357
0.001935831306664133
0.027848430302987146
0.9398999711114538
0.003400530803237416
0.010863720879877395
0.041498734280859095
0.020618823894642358
0.9152768141745317
0.019088748212095403
0.371384368302039
0.008766442885095956
0.19866106832006206
0.9564413322772097
0.9650182408707534
0.019335477982912866
0.012519219566572521
0.13000375419235222
0.3442351990901633
0.9469474837555565
0.07065055331099765
0.027607405424852967
0.0019804359457320764
0.05920585606237043
0.021958050948476148
0.033526347410033706
0.12631045710371813
0.017035496645647796
0.029551185137966254
0.03621025713954803
0.1366011292854364
0.011171345382550598
0.03740726834342907
0.12367898745657152
0.022664057203843232
0.009284908295771435
0.9664169380752091
0.0093030082786712
0.9839736312232491
0.009822480477628261
0.0537310186243656
0.06036137492846758
0.008837601413320543
0.008090232044577083
0.024669129251416254
0.008855777527740812
0.042891545498136376
0.022480909210476845
0.9420838273951085
0.028514240819075505
0.9923393785122294
0.011009094592234408
0.9395294121988627
0.022852820794204032
0.009388578844229965
0.02832703204959844
0.13491157952349428
0.38962024963214714
0.0334850228214247
0.07033261947613935
0.9565205613890781
0.01717108473835614
0.005813691685385396
0.06092046207607739
0.017741893993207324
0.005324312936240683
0.041112665409990076
0.01931538886888958
0.005156398114709367
0.014302967867072842
0.9249991748564367
0.07362277259647759
0.8391618487000194
0.04194279039676245
0.00468019211708029
0.02491276499675518
0.004388688955649894
0.03760825081689852
0.09585100838873208
0.014127260048349341
0.00927201390901051
0.9975362948946807
0.056931848038124226
0.055937394259208455
0.05328915009745749
0.9733701553019459
0.0019307872200763439
0.04692068664091098
0.01732705419809114
0.15182958071766076
0.033148932162502275
0.28985716979347775
0.17360095068696996
0.035007424396758594
0.027525336527353846
0.0020223006426923675
0.007606413585387342
0.03855760907738496
0.9696687283554354
0.06839553363817023
0.950088421383891
0.0031046699313793343
0.020468802014061635
0.015584283811136843
0.008636375177010313
0.010687726241041981
0.15680750277124944
0.9508056119880184
0.021264030157465943
0.02540975179422578
0.011596855663000514
0.06712450014480273
0.4254923968134895
0.0229959843101124
0.9500325660952919
0.06651405054739072
0.0643941050901025
0.9735306627630609
0.030575615773859848
0.12919519354955625
0.00664253051148595
0.0021911798565316647
0.06493268268532112
0.11545556362358117
0.02373048802390302
0.01475485883125144
0.6063844105950038
0.005513602058933357
0.0077757880455632785
0.953232005782047
0.0014792445235779438
0.005623883756480724
0.01146864751470876
0.12729022565453904
0.01524516698835581
0.0429539162345378
0.08727814229675447
0.011893072835499731
0.01990796977658602
0.0033245505195483947
0.019186974002752318
0.004798522540704799
0.003881400420408461
0.003661147120723332
0.11536180565895256
0.935975625479679
0.0059147463949439216
0.0023037445396058764
0.004956126295390959
0.21094959932710608
0.9859068836813176
0.05645493497303602
0.08220846918270305
0.150097800629651
0.03976588591753816
0.036303844957963696
0.07908344933711865
0.005725675727369732
0.3779523333671353
0.024792038726785086
0.4020394430371427
0.03988282799833425
0.01948957122980312
0.0017534203468603504
0.7656131910990905
0.004259733499274548
0.008637478271224311
0.04726367935035021
0.018124189913286935
0.010400130500036403
0.053607903659902714
0.019676037590878562
0.048274372970786114
0.024216876901124305
0.17109264601167132
0.13996704536274707
0.009386885482517185
0.07951021408310764
0.005386043259650783
0.8727220696986661
0.018261842756630065
0.9611216444641894
0.33970723166134753
0.0226528799878783
0.03850603973485088
0.06035916756748041
0.14373433851813458
0.9776438067426454
0.008816769882521811
0.017324437312703507
0.03663534027131679
0.009209768816978504
0.21241474490027257
0.11335023998204535
0.021000852123557835
0.018973736638445825
0.024753769239375948
0.09787854761127783
0.03529537262819958
0.015353057823712237
0.01635546208718996
0.040558290877365094
0.009661692513254284
0.03014858793696896
0.9783475530930199
0.02218502252384895
0.8918165932322273
0.03250332392474213
0.06682826414296619
0.12408477363064672
0.015848927481695793
0.0018726049715808554
0.9696420119330251
0.039110696495369426
0.9550702557191268
0.030054488292671648
0.061656624053783776
0.021328252334796023
0.962623566303275
0.013456481700716453
0.019454372639110883
0.029781440139666483
0.032830900682220956
0.0881344871011172
0.0883371923999988
0.9219471875393891
0.023753751218014693
0.09535896849839398
0.03287057326458939
0.10772541401064115
0.018070137752284707
0.23564472787444996
0.011853724427964223
0.031238549859879776
0.002714871962815046
0.005972282140423659
0.11422745616648876
0.02104106617361025
0.03152497963294198
0.09720293241722539
0.020065470845955384
0.02022901023348421
0.02193049797388555
0.004038219996391755
0.11330171977642825
0.03833594002300306
0.0017959867929032989
0.0013784018954014327
0.8931882739908801
0.03570514843094587
0.01498334012099341
0.014581962773944362
0.005006490457533152
0.010659035276936799
0.01576952653807665
0.9535940310564455
0.07005131726179352
0.017737283980836165
0.008654615462679975
0.05106542134646541
0.005648783790630454
0.01239905375494106
0.09955349068189023
0.010174139538929082
0.025115165466782944
0.006912476857870886
0.26526701569530825
0.004751485633260956
0.016418313023140518
0.011243714752112803
0.048919749416338865
0.001177891574788841
0.9472480467291277
0.0787813261731455
0.01705317701548847
0.008499901779348751
0.0017799958073261046
0.024357686502942424
0.22784548296403867
0.06620396656006862
0.09056725717691112
0.019141107610141494
0.009391916413538285
0.06180580457951013
0.03964038372961451
0.20795730863043135
0.9821566838062992
0.01597922708489193
0.007440842369793366
0.007874819717924374
0.05309278764598128
0.037609405039852696
0.023835643409388766
0.0039580625720703425
0.016632976210268144
0.9587438274793781
0.17093264280695902
0.08461254545334357
0.009730552904629881
0.005913522212794308
0.813677235790108
0.03306008373760824
0.005797890508676764
0.01766535162108452
0.025632418657588037
0.027306202779699952
0.9887826357079028
0.7248354153969935
0.22424297253219033
0.15340912368939721
0.0324107446746563
0.9793632138211644
0.007875602072135144
0.8796273903311994
0.04533038561554257
0.024295854621462176
0.2312557058442308
0.057213078204174636
0.010183804098395097
0.5509638460015609
0.0016495749366475438
0.022887413803946776
0.07371194873191576
0.9744770014065505
0.11338522084419343
0.02808459830602725
0.02175329655699306
0.018844428883322873
0.044573186377874545
0.17459110743823594
0.02749357344099564
0.0686528548329665
0.011443090440179974
0.04183829324947761
0.018187721908623312
0.001269791172725529
0.016467189223426177
0.14815291011844767
0.002831089768791848
0.02563648317799928
0.013691860129063746
0.014659972190649274
0.0019859956199283707
0.03705722717599631
0.057439284667415776
0.0075236587784323974
0.0475790349941536
0.013358942830625152
0.045920754340986115
0.9630208778196218
0.3111390967220263
0.016885152994359005
0.15093800848521918
0.002208533016367699
0.013843219359776627
0.003200053128483385
0.9872111605994479
0.0071589420998614825
0.012860134713588184
0.009066206983522148
0.01348579112306379
0.02962322580793196
0.06209673343959658
0.038329788530553896
0.9876897567137871
0.0013000160556887706
0.0038655859253527267
0.0013416620569353804
0.03334799750283633
0.04609093153034288
0.018486816904144356
0.12208774129772688
0.08908423409053023
0.0073415421739001585
0.025222504712166378
0.007129671510124425
0.9369086657096003
0.016098955078082858
0.006636267842012655
0.05913282621467405
0.05279414220619466
0.06469194864571355
0.99122372204329
0.9686282765818324
0.09394880259032984
0.0366756425111603
0.9764199989314718
0.04375660655208444
0.0008014334700692913
0.9823938301321524
0.0024491762084704557
0.09368522431733416
0.003980460494781336
0.7340056420235135
0.02680228497018367
0.03140002928263464
0.03510264198827282
0.026886004228988562
0.9583043398955874
0.001877286574864185
0.0020869427527376227
0.015389643840524549
0.9660057999955085
0.07988392417620692
0.0083221812763525
0.02034707948612028
0.029688284657728103
0.037212070439006414
0.07181895029808695
0.005659702714769941
0.5456212714887514
0.15515179514981894
0.027772248382867872
0.05720051048114925
0.0033648549026262416
0.03401330876969467
0.004613934801932838
0.03152699751540315
0.02046795299721391
0.004614116914206293
0.05671464426331742
0.028933770991335157
0.22344425198134416
0.22877582372234592
0.0027162267619974074
0.07855924360684438
0.0023854604785897666
0.02491732940710894
0.9541384014995722
0.1739467783056454
0.9763873918349624
0.2721674115271562
0.03208194823743172
0.017145422863166025
0.007686818002341296
0.03980984377230278
0.004599334114576762
0.007551600742964926
0.06701640898417471
0.216111490775896
0.5503576737810945
0.02283736812933593
0.15034037955121918
0.07762285430825473
0.027810355187202537
0.013687990480951255
0.021196963890403334
0.12392839592068883
0.002361071008342191
0.00531398787205545
0.17575948776370015
0.050385907653429596
0.002516464542344867
0.11917939529481142
0.9342076067117175
0.0015101457021019838
0.9931442786172232
0.006117202762131126
0.008132876848878715
0.9703308377054206
0.06207785232629752
0.02321954545292341
0.009306291251807413
0.9415938681195891
0.036908120180415435
0.03195255966575327
0.024456454480695073
0.048388639256539474
0.033709223586219215
0.04317948904074409
0.013824365128279757
0.0071004575203807855
0.04124880955643052
0.955031256731845
0.003167652348318823
0.0063491595492990525
0.9699603457125476
0.04538002426290747
0.07432535760070437
0.9800427231459877
0.06318699614954307
0.003062394292146146
0.019935126918365246
0.012814297309289123
0.032675617440305366
0.01648894907946163
0.009826352717289944
0.03182466884898024
0.09458400336526805
0.026659431674922966
0.003945668078796199
0.013620097623346527
0.054884533673905674
0.015868485432597456
0.03365651588989683
0.07261981132061841
0.045863880723697036
0.0711016007192627
0.040310815977128156
0.03508843919984569
0.021140678768595697
0.026677736145368676
0.20856579355418237
0.9740091781681821
0.016245825479256498
0.001515154130199131
0.020035804416159743
0.9709574374874347
0.018579426902213838
0.0048054364904116355
0.009689397984855028
0.02453482431483494
0.02113978232459999
0.013786617323860356
0.26079139837824766
0.02789603832189889
0.1295753451444731
0.9421544132272219
0.1411032058451538
0.036683960593937234
0.125388184129058
0.017629441825687195
0.014461136075535007
0.05023436444135625
0.052189617142673166
0.0036188047517098044
0.045769459224351924
0.0059456014689602
0.04824127018532854
0.0167316986945133
0.012632567579356014
0.08629221753166363
0.015960189442296685
0.04909347882234727
0.15725864794802044
0.023294069042253264
0.9084009602885864
0.007276295156824731
0.02596539938659796
0.9930945478807892
0.031790363118150616
0.02575964114179406
0.11062594945400399
0.7253755410384758
0.04777087396020815
0.023415576448494384
0.0292412316251331
0.01010156414978834
0.09987459522827374
0.02692229541363057
0.019725880463050686
0.04189565624391404
0.01618609969343698
0.2774681541735106
0.0794743305787193
0.04998315294762487
0.002623111372974653
0.149078656177976
0.08551824831568734
0.01575413972325953
0.0738031704595038
0.0036465338808126945
0.007998740827221096
0.03674159775424786
0.011667682861869377
0.014747199172335987
0.011685050009371303
0.025864615997702674
0.021312587170975426
0.019484076347136857
0.08964301144477588
0.9873794151342883
0.9872586502628777
0.05572229813666049
0.2809883642809941
0.1486786931610304
0.029742095473865034
0.9037493089109211
0.08080507956604803
0.01211340089570531
0.9348565317291543
0.003003858217109829
0.005432448982296444
0.04086422917808484
0.031244324716281455
0.014276376895978818
0.011051887168817902
0.013717662997432212
0.020756890633829902
0.009206626997925092
0.011247367764446738
0.8403032926601761
0.016680444864080844
0.044704249201994097
0.0737070539114375
0.01717880091500914
0.020660289662199287
0.04013053663219931
0.36745985625094246
0.0032575899167630092
0.5893996379932108
0.0155768440069108
0.04409913491414926
0.9692631661569953
0.00924067246554651
0.9701470430173161
0.018078234642731766
0.043290060045060245
0.01615107038383543
0.9157054570029607
0.0012791926361829407
0.015476188211161125
0.018180097410648466
0.04074862243955674
0.036737437313790366
0.029112888042557128
0.02445492175439562
0.010472049378539738
0.08295092308795214
0.027495146478756925
0.03634630591969784
0.03335994449843005
0.1631815804234923
0.7650709137865659
0.0010680048724373654
0.11954729996053601
0.05056461634682294
0.11586795636133808
0.0042079448819888395
0.003938984228220906
0.021443606294917615
0.01519170454222303
0.005966823941234164
0.03151320689638171
0.033105368651518696
0.1699183336394681
0.01669353966826711
0.021276202201298923
0.0038305988346814144
0.014277292915809259
0.028768967568450647
0.914015295520371
0.03508906022257698
0.001606014001088356
0.3650702201273292
0.006381979436638407
0.17578369894618223
0.20263365327736782
0.013309119166016944
0.0061022301305796054
0.019462615134190155
0.010425976228803147
0.9692137125839531
0.13260173339921233
0.9671047982771541
0.054428631979144396
0.021045657892957828
0.9420885879629453
0.03864827743003814
0.017996285171458477
0.04667228321782549
0.0793001910854037
0.19573262313229473
0.6526293939784129
0.011655317143383729
0.03826651811292363
0.448884222870503
0.008615952808332772
0.032141588865214614
0.004379207078504315
0.005960082332996861
0.07623857653443511
0.3171900919061017
0.007215013108206803
0.010646259684109963
0.04860170069963701
0.018747122560381985
0.8803758541026998
0.9776441216846457
0.0013759361791899178
0.1021613314474369
0.011062387334095378
0.023610164985291213
0.015598564930283235
0.04671663304823684
0.9690112728417554
0.020564745761690352
0.019602031190117344
0.054399980568665955
0.011236395500028333
0.009321477427635836
0.0298893573883607
0.9807839177633001
0.001700646447508235
0.6440814135715128
0.9741178761389578
0.014469904531684364
0.029140024272219126
0.019554978339472496
0.08225305475896716
0.02103821570593428
0.10653697362303324
0.0014426455739164057
0.017423043952522452
0.1212373914902818
0.1729158135343769
0.029992524821244846
0.3356453596282325
0.02144586202624138
0.02355986950424982
0.18014599793060593
0.0009401013514054842
0.019295300391758835
0.08754968706696617
0.9585579243270913
0.004174356547506915
0.023632510204543752
0.02469988718000103
0.013899102341338824
0.02188742337142873
0.0038739146943871467
0.01618609892195442
0.04394053667121182
0.04104295555498855
0.06439594672055489
0.058578305009034874
0.08633236822016448
0.035144057824150296
0.03827370888120082
0.028227064921173356
0.01055934054400679
0.04095596329163931
0.0017901572836037975
0.042491260461061116
0.013259088839814918
0.005101340356070038
0.008046060309389792
0.04781403592141469
0.004255815272840217
0.004417754131231404
0.0017932473452832354
0.02752642206607522
0.01657888983253766
0.010825770939827993
0.006639004929975658
0.015584796924291343
0.08226604412683279
0.05914787050767667
0.040071090060208744
0.03219852724566643
0.17353128893402583
0.02809464090864748
0.01753989346913267
0.023534630482826988
0.006680385381210797
0.0008776548744136944
0.06611729409532409
0.1523873468658404
0.03512619921911559
0.9649515202547996
0.0016862362312384178
0.9642400736823188
0.004869992288966025
0.017602758546104016
0.18074594853265746
0.10870916184036407
0.9932914289281001
0.0693518858449636
0.001977311105268984
0.9874710977713538
0.08445361292964274
0.05271461155386722
0.16028027351998853
0.05734491601964736
0.3624811799074475
0.979763893298268
0.02607705893006301
0.012748066240164538
0.11107518402394613
0.05507193749519783
0.10306986497455961
0.16458922759777347
0.03761923088040688
0.007097762788631424
0.0028141633439233153
0.041274626792561275
0.8454732252028829
0.006039993512705313
0.045479676776221056
0.1098847776139882
0.1817360527280017
0.0017201827598709854
0.03845576416038664
0.09324436497026023
0.020197764212073848
0.9767033878638118
0.05294360422541062
0.970344794869599
0.005348947161755485
0.010319757695719696
0.1670641018562015
0.012488486124681699
0.03104443727771501
0.048278442200670804
0.0013466314039103488
0.003981572435503312
0.16726433262009174
0.027544189140494654
0.9446858890591485
0.9530209372293803
0.039141906788873464
0.04546723219857132
0.03553246563524795
0.021706021070669306
0.48232603655141276
0.056218627762893575
0.024589579067163043
0.07764820398560114
0.08221204762127049
0.9864080957558665
0.9606436149097368
0.0029382049596154113
0.12923578330279803
0.03803775813982362
0.055751634249859794
0.010255840643596954
0.016880526913549652
0.9647872097477245
0.8938500349873739
0.003327541965664633
0.9763428059934571
0.12485839454122609
0.0010165434302101713
0.013086060565962614
0.003476852561117845
0.0379951108660201
0.17641072244347994
0.3797174887919318
0.0350823237596394
0.024977178944651655
0.10768118616027297
0.09548600315867
0.006341921545413882
0.9395657385529828
0.10269554244221
0.0390140460348485
0.1130678698450727
0.1895394231634722
0.01321377939874316
0.03258730486341234
0.11753254576171725
0.014743940265179075
0.9798272703201798
0.07190315491057055
0.037737663399514655
0.004956351797268822
0.013106260594828048
0.008330544971221054
0.28742109667667637
0.09453912238881242
0.14884698713722577
0.07247856585799231
0.002391312241477976
0.9675824748915933
0.03440953699295894
0.1337471839804527
0.03341915873125541
0.9842001778316902
0.03402609057259304
0.004042329292549917
0.004829663730420219
0.9906135904739166
0.0402257179324311
0.9042309852732343
0.9489301706300844
0.028290306449707828
0.17610077671065455
0.024978645641217878
0.044864004784286496
0.011487907444085505
0.11509054830415354
0.9487456702734123
0.001507757082308632
0.09599197178380521
0.6807007231653416
0.008021210770411716
0.025406373972844627
0.0017351860643210338
0.020207972775457113
0.057320540445014216
0.10930233691466643
0.9451105025616919
0.04229734069841724
0.023368716827635062
0.012475000524018403
0.08325375561825349
0.01163933714062298
0.9852211936504609
0.009018708725599534
0.013804349205646937
0.011468399510311115
0.9865982232443363
0.9801570401203804
0.0064541930583273364
0.02569579539035511
0.002523268734557659
0.015449127152324797
0.036669530969678274
0.013619896690220106
0.006829899476267505
0.02125508968170466
0.02452441492703645
0.006467788963285442
0.005226772468658381
0.0222327871191321
0.023156764265581657
0.02261640431762922
0.3446690421358995
0.09306195156360128
0.029744532570509886
0.02772359822155192
0.013188981588208073
0.02241377146123729
0.0055308678469245
0.01927146927277692
0.021061357767616765
0.04139117166825362
0.008377356727921023
0.08776377190490053
0.026155600156162417
0.0046458876115536155
0.06823351031917678
0.0075945782430441085
0.04239616648874561
0.031207188939064254
0.033235579706041775
0.06176168843311008
0.006090598473512598
0.2909184713224119
0.017249776245269872
0.0327400742351601
0.11785717788549688
0.004300842161067597
0.16910453946597742
0.0019129780872248192
0.03383217221658881
0.007304302104826735
0.0209809227085372
0.024448599490585202
0.05206203267248952
0.06612962626892743
0.08042039835721634
0.08478674787334423
0.007726553166063602
0.07909381371216151
0.0029281788148761453
0.08766569680357261
0.05760814144744518
0.03475337428364965
0.005873978964997989
0.05826849458537896
0.05780253510206009
0.04112297925411742
0.013821111383639183
0.015413204278841497
0.06471628316627648
0.17804173204537208
0.025954213979576438
0.0007447336691277308
0.00857202503004947
0.023177038692267487
0.0013632272372835243
0.006098133679217599
0.08910658793334526
0.015884051012441544
0.20002945885725656
0.001132183238981398
0.009168663666511116
0.017955518938289693
0.005519918795738604
0.011398289833080184
0.0050348687911106645
0.027029180757046783
0.9554065121864281
0.015495651385650903
0.03588439852306037
0.9877050105907811
0.034048114490072105
0.007107227009094865
0.005246635361110442
0.07012869463282366
0.14513711611807234
0.016671243560415418
0.00394388626748081
0.01595606734229022
0.09624791861322352
0.1032483895910036
0.022186883368565464
0.005673483454791873
0.019832289432574427
0.025562003421683438
0.016466550621262465
0.012821744307924151
0.011436011780066502
0.9455605939819995
0.08797832023869437
0.020697947558074768
0.014435361241415331
0.039387643076390845
0.9588058458371223
0.061178112509268044
0.013918524588891602
0.008908013246416874
0.9758292011020008
0.009682108123120427
0.2802114359309415
0.016479607951334862
0.018445468558201564
0.018357864286400946
0.018220558721724706
0.005775466435962682
0.047139300284838995
0.05387938072408736
0.007167322775698718
0.020331982324027068
0.07315205982769662
0.8908976070550766
0.9763107725716472
0.02395048153247184
0.050564606368433365
0.0893070204704281
0.1284304170227715
0.011166268511445403
0.9825521421611215
0.021545178659833884
0.03708542602332526
0.044255693182364275
0.055130752667130696
0.034494091792129214
0.000863605203123796
0.009856271540948555
0.012210788011658162
0.962121531216092
0.061592558807571335
0.006867222229845618
0.0202788178316725
0.9131447395606197
0.02181466198554608
0.022356321735898365
0.023219304800126746
0.018203845135027766
0.02733396430773349
0.1744053875678376
0.05571853282771678
0.04973135212167665
0.5892078670297171
0.0675497472840029
0.017801860797954306
0.9112293692807611
0.006669994562280476
0.05019482363600861
0.05742439779404112
0.6137701534267554
0.01471108196316709
0.026276080580444942
0.016761691710721883
0.9548931052826872
0.01061510973956602
0.9808311469466271
0.24104470172668901
0.18510107431086098
0.15726754939785328
0.031096943059488003
0.020822817929177284
0.019326543309818207
0.011741851306661645
0.05325358992481787
0.03526057620082679
0.015029876602393787
0.9871791910434
0.006321861520542288
0.005110043520255523
0.9806768675139653
0.002777119759474858
0.04325037225590563
0.018962095609861375
0.9471381436173861
0.13873253099225474
0.09191156911203895
0.024036395673349996
0.08271142748770426
0.06646731811877432
0.10563480680270476
0.01797941155707263
0.0656556342617536
0.027195659365470942
0.00803440032298862
0.00629960450246084
0.9073293441007555
0.0016056512595459757
0.9815473661165348
0.07694363426359538
0.024544428261595662
0.05749499576075396
0.0016843417593117478
0.06964779501721968
0.07677400302400818
0.0378856046921216
0.9765359772962872
0.9743140394802645
0.027114724079692308
0.04503772187821018
0.013115151455008597
0.9000148887036465
0.011451107557569189
0.8927641479917895
0.9978658450642987
0.01885470459702925
0.06891116357315179
0.037307909435358194
0.01116806232983933
0.13917782812707521
0.023437869735353792
0.9544859777354463
0.042694614878130234
0.03154998987193776
0.009957367302589299
0.09661279408933318
0.005665218618372858
0.32125289282633546
0.07447211658462936
0.02906424864755041
0.0014808200333979486
0.07599482145576407
0.013324889506395855
0.0180323460851935
0.009295740824597547
0.0022791166812550835
0.016228254688617143
0.004224952052010366
0.02192085911019471
0.9802750782566917
0.006157528934853058
0.10645073981096737
0.09100397980583616
0.05147739749652477
0.02104542233189208
0.010885464525733864
0.028453666443571935
0.19246388003505954
0.0031399618875882673
0.006341531850404642
0.061409879466321024
0.9754083040463253
0.3622632418811484
0.09195221573103196
0.3290957679954374
0.014815037762334393
0.986617905590511
0.02343618870049633
0.006250804681742662
0.01770731262832281
0.01696076088919124
0.07336920699618671
0.04286725824450148
0.021352096112266315
0.007721965751430208
0.050838010099733745
0.9479915131837312
0.008950972427940351
0.12451581250873055
0.025506334507841063
0.012402490104367267
0.11543565101844126
0.024281905343438832
0.01062427006882683
0.02640645502670092
0.07374964429270398
0.016473151373889397
0.1305139184708085
0.06321506312543976
0.01465531506612557
0.5497077401274487
0.342168699033726
0.030403774855925374
0.07100473176922086
0.00792327338380562
0.10953701561836096
0.024998503879174835
0.013617936368745582
0.10756469115522613
0.05686226673431569
0.09248650668234927
0.02539001164130268
0.0048289411089561364
0.051963996003519766
0.028477948024215022
0.09207206388105842
0.05089041914991229
0.3851265777851138
0.00790738906227192
0.08942231979767655
0.08173654413674525
0.0006593370657929325
0.035903302681398484
0.01689845243411108
0.03663894664745469
0.0031590224087155823
0.05359652893464371
0.054717591425130045
0.01385492532846931
0.1562096861548011
0.05799308535522361
0.023845843039727022
0.029633097986585172
0.0452124732014043
0.05043881489220561
0.11767537003919917
0.021335224237382773
0.028463279711735033
0.02295959201789593
0.01615138126175314
0.043344998854678296
0.002426792378033369
0.026212414063554436
0.0036540388114777024
0.01292372734533126
0.12068806012026244
0.9695119868021508
0.029168672227920623
0.012256390353708098
0.9887797216095549
0.03098769204150932
0.04559810043183589
0.011638038107913164
0.04256749014542196
0.06506919256312754
0.1138143291572715
0.006432824373831917
0.9358686937710669
0.11650721625912158
0.021468507258343424
0.8486222050895683
0.01600351088506402
0.9571044201925913
0.030804339848321493
0.982570700989187
0.07781274249851385
0.002176108423526148
0.2268476158962821
0.9856250044063366
0.019251410022542194
0.9637749118218557
0.9109829579592114
0.9548071468710551
0.05683634156118264
0.011314468760728565
0.02985628741345635
0.09730408864063533
0.14470820718333705
0.032830856595643165
0.00689854907258554
0.138889275773798
0.027071970976542452
0.9677694038921839
0.9819832342727772
0.06143138886675054
0.12204474885319515
0.008384121411929485
0.11370437854774033
0.0072055262978582574
0.023674847780228447
0.013105252966123715
0.017906232186662274
0.988873490846889
0.0424769934105655
0.002475930235740408
0.02100403032931128
0.2701099370992427
0.05185034297146877
0.005894061846086833
0.0030504661605530625
0.009845522036388771
0.005899239969366297
0.051510761931493794
0.07028027758336766
0.011308410285878243
0.015849337462861924
0.02200266121322891
0.2487560873326533
0.08881281538868528
0.08161276537065681
0.049203623301588936
0.07359800421804118
0.2249772528731169
0.028054916930696703
0.09136867146836213
0.01903660198861528
0.02534106329826098
0.03773962915873052
0.08368448413481858
0.025727487775737922
0.014262021462454732
0.047601316464559326
0.15517567357181697
0.007773202488878763
0.020520491530258103
0.017326597121542223
0.04794474998139233
0.023147238527061454
0.07808560479010962
0.0014216294400809975
0.015976873785210326
0.7303401050657893
0.026114509392631734
0.008495803295304388
0.13205617314694704
0.023916353495807396
0.04499706862160912
0.027228730890414915
0.0017435966284457792
0.0015797485075406813
0.0210854608509065
0.046715671093938364
0.09419452420572842
0.15981845792419616
0.04711759999433573
0.007125265096304125
0.021835616190191122
0.013964121637246307
0.057116997845719907
0.07718325162863114
0.013112862885927076
0.9727304695649882
0.024420068476142663
0.10646028023375897
0.024203380815980703
0.12315440402162721
0.99286101273966
0.09775439875886999
0.983070965940779
0.006469934137851296
0.0022651290699679406
0.9109416774861099
0.02992561577614948
0.04288078203827999
0.00320977216007073
0.18726726578952568
0.02393086619157389
0.06425171330210988
0.05304290300086967
0.04286671177477654
0.026001477269625928
0.0019484028638618476
0.005870918151901214
0.03699920143231596
0.020557119239927573
0.31686842940684706
0.010953771233695524
0.06364440839404942
0.9795517108178114
0.010439124426441798
0.012599360020663818
0.005016230164605579
0.20821322782230853
0.001767310035374721
0.014370808932315737
0.010238345425977152
0.961765861162682
0.013183587665469312
0.013665157264782915
0.007930933122590855
0.002712635393215363
0.06115524899745678
0.008479821210044756
0.01990900535475228
0.227305623387225
0.9392244833929724
0.015342867196107194
0.030441521997297234
0.15053303107405439
0.0055127749730534865
0.016651651270120506
0.9600154104047455
0.021693773060622777
0.01178224554930874
0.031789076145906564
0.05330756469490763
0.98881627192661
0.036875551242822234
0.9675138867630421
0.024288370541219437
0.09266238327650522
0.01356016063518043
0.028856742661555423
0.09502595293401084
0.012394791554922848
0.02875478703924863
0.05809338813437264
0.0014311712594786768
0.03223806182876634
0.03791165409658884
0.021455417511372473
0.011033852604436532
0.05670263826250696
0.019148724871584935
0.1540036362221438
0.9611019695242171
0.825715454880927
0.008816187277240716
0.08435906924395294
0.08749047793746782
0.03445052400571242
0.09011027009855369
0.03300343656382944
0.04975556011265493
0.005462016573723357
0.025918771974769918
0.020497392831578996
0.06312841701297961
0.37161287230219553
0.04379833872253718
0.006801091024321339
0.0012802121220979212
0.02247468242162307
0.19828673540635577
0.0021089483714830594
0.04249300443379798
0.013820696601277
0.07056023078208513
0.039890820233878015
0.9637490522634397
0.05779789958524195
0.30755128543382687
0.0022035221416932638
0.11363396343073066
0.9661915161423574
0.9686815720024219
0.028347623474631874
0.01743045542844805
0.014943095622125905
0.010568086979968047
0.015790009079948864
0.058859995473481926
0.03731207685511248
0.019676544526850564
0.014055863431723525
0.11227121826302494
0.006802559959969761
0.11934354986297535
0.0026565852695698807
0.3367121861859749
0.009252937727189901
0.05535913818129677
0.061547679930555856
0.07366864009181869
0.034063358750433356
0.9571271328826416
0.037933312148454724
0.011747751331545991
0.06803877068002111
0.014283298416184791
0.048572075153448246
0.015122228062942873
0.07531726472438462
0.13630851052606457
0.0591874047282979
0.014431036574860497
0.021517267528391337
0.016077605667458587
0.014232150044854182
0.2586562057801874
0.007210679397594486
0.13191530078031363
0.05877019304495027
0.010332935419916192
0.16018651934145584
0.007429521823757437
0.0601566893002207
0.029628064886866885
0.11747073010944582
0.9341746333431863
0.014530290977007131
0.008844744891581402
0.004436784761444396
0.007221753801017884
0.30997569381587853
0.038539026403040036
0.020589681598342333
0.07511984952710077
0.02299087477796485
0.9710678511203947
0.04732709734781644
0.0797443732045911
0.01391067454124066
0.0052595609709401425
0.03138394071089455
0.0073505747129951685
0.007263805021559937
0.016989711610204457
0.01956045704821108
0.9614487007274494
0.02656706321981747
0.005914423097084362
0.006170464997801895
0.13548692943295448
0.021017013202460723
0.009647944821390626
0.19832194025689842
0.9565221026980621
0.019629291627090824
0.016287530525851166
0.026566145361145255
0.058866311134895544
0.014387237711197595
0.9501752306942118
0.009927922329637889
0.047041984178986536
0.009763905327782743
0.007060715871116442
0.24137131419248822
0.035003987120983786
0.14492077911974308
0.18535885892739246
0.03083463482573351
0.018036301502759214
0.004298101842180146
0.014486404984966861
0.9178477704842262
0.008721220269797374
0.0490372911549992
0.028146630942859942
0.9688103544817437
0.001475073253524121
0.034334726887462814
0.030161557781587377
0.8904646772259303
0.029178784812996995
0.007424687752654985
0.889086414457903
0.023974304011266493
0.01913882090661537
0.03277946819772797
0.006162075396041775
0.21881974279240904
0.056917079950813396
0.062351045339636646
0.04701832162736155
0.026667266958598397
0.9832937118617057
0.04931412205503415
0.02353020846739262
0.09721524081652848
0.0034390017307306766
0.0021760465254403003
0.017089814497657296
0.008986668685550548
0.001787966222633513
0.9478506860111728
0.00623858912072707
0.022475018140641713
0.015516419772105081
0.010462484698572711
0.08180096085612032
0.10248741227108026
0.9786297359912698
0.06504525764224495
0.09746249672243323
0.00556284493240654
0.06782109042884166
0.9664031969860872
0.009805469674625365
0.043181127520872914
0.10551874087727571
0.9829624957941409
0.0751190595904214
0.03155729594232332
0.00898752093342412
0.003112038784852998
0.019434798556592664
0.010064154215257264
0.009474430364612861
0.02564457906227634
0.9814216933423427
0.10032811514613174
0.016968520315225315
0.9822755695611963
0.007127321990966112
0.025991164945431217
0.0880955850572512
0.02590565094902425
0.005207921897202476
0.2704963926188247
0.026173568423961374
0.020871042915301303
0.1340920852715001
0.01791444593294147
0.02160252274875434
0.012710760810216697
0.9227224878970134
0.046314311588028435
0.07084403779242832
0.03205117130986313
0.9801781058631249
0.00949449764016118
0.11127277760341825
0.01845728665186898
0.03186138432194681
0.13158985613639937
0.016804060082597192
0.012963452471801388
0.07312476609875336
0.012310900995271799
0.006846358819574965
0.0034055931770923162
0.04242030140644914
0.03446571984670246
0.19242972839831662
0.04475561803407662
0.3031653433668448
0.020653867284394556
0.019647931058240052
0.004702402856197234
0.008421519063679593
0.9857424019632641
0.04773043396498331
0.04242597270139337
0.0022279506012664652
0.013013560394232631
0.022832839529869038
0.01971544307357343
0.19120284962698825
0.005944343225768802
0.06008780056527749
0.060847810507146924
0.03382527295427864
0.07278857261569233
0.029199029964611052
0.08513779285142084
0.02986753182717329
0.02021194716625628
0.02451204593527181
0.08927736156633484
0.031396672123017576
0.01104348156298624
0.07707072635700477
0.019066398485633334
0.0027841938727449665
0.034122368926766865
0.05331112379163205
0.02703344070337885
0.9838258645769365
0.02798340107178171
0.959896355193319
0.05312355188322972
0.012744822706254917
0.007157107206777468
0.015253165941347164
0.049006341032568526
0.08038482142401003
0.1707995684271805
0.10974081894360314
0.06471032615120934
0.014237433148141515
0.05837042044162019
0.010898762232882619
0.015368334553046413
0.061483265235552045
0.004309480567947209
0.988983388158864
0.013481819575493246
0.0012186324618328082
0.0029389568078506865
0.08228978642764812
0.011818530264547534
0.07486644888448596
0.01310902414220175
0.08238141587178467
0.02691065413544186
0.0663578368649791
0.0035656104796899816
0.13698182797907615
0.2646100658334737
0.01593634037307857
0.04130630551258854
0.023368404382038726
0.04177385383945289
0.022702976809719333
0.5245820942029582
0.98915530560068
0.09073973731819936
0.9174684924402896
0.021794516521503583
0.062009623273616296
0.9924814305875668
0.022201355627613526
0.9412846275314325
0.8542282710347333
0.034990513330222434
0.010908692823780182
0.041284083523033435
0.009747920914273595
0.03559604608456982
0.0029751761425710326
0.011467355393923177
0.025347689471267792
0.018805610074569046
0.01428988191448233
0.025859254823143978
0.10499698396162142
0.06742749673183114
0.0028288547878097077
0.023651132598764172
0.03245310793128186
0.007768830316237096
0.03142621730884766
0.4339240887334326
0.29091547208171936
0.02509486183906087
0.02872024689339664
0.02273675416673299
0.9854862412372484
0.022844003314451595
0.006708947919200209
0.078974102509652
0.03505328924955225
0.47540318296179385
0.034063358750433356
0.04093781627521246
0.013941343818623412
0.0801996093187119
0.015437349792225673
0.1417697125054729
0.014653530745800685
0.014303150437394328
0.03634365546170766
0.9690112728417554
0.07859035861550183
0.0179388457269868
0.02002006443809713
0.023924123757440945
0.047890105486218915
0.016057546809950047
0.979861809156097
0.04295106203959371
0.008207141475384878
0.012126287729551776
0.09381810367735152
0.028438064357893526
0.022374096492739273
0.19811119948048006
0.1720421480585804
0.014401315900236635
0.043008140944629916
0.04038769086896679
0.01946080395168774
0.006456395734775841
0.028896734482184785
0.06322851999869493
0.987189644942585
0.003925458100460421
0.057901473150767734
0.02725503682909558
0.02112991557111225
0.06540175484786781
0.26122826333201676
0.006810408818015959
0.9861017913919982
0.04464982904574774
0.05193438717350013
0.045610342908320806
0.02037869854845779
0.0312839527958178
0.01307127649972796
0.015156451778160523
0.020693527334495164
0.01067592829637773
0.030826756786985002
0.06896093460966667
0.019613940603762647
0.010608455547747496
0.9705818831204189
0.19760350177403574
0.033613366995800115
0.04230634792818344
0.039500524472859476
0.9398892406755923
0.9542457890269475
0.01010993880168897
0.01753004288579446
0.048537576902951955
0.06191041133777694
0.02170599048367879
0.02795009593112867
0.022481290708939627
0.057653402363763706
0.004710979434229158
0.03840389429336084
0.001955747566026794
0.9266599973203578
0.10651463568225994
0.08603756240075856
0.019984941902458152
0.014151141033538463
0.004458637712681244
0.14829597240546927
0.03122481382002589
0.015352053336674448
0.004396504182138695
0.02665049514405809
0.0014834965046274869
0.11547603605650977
0.1098782310426694
0.08081725980715972
0.9346841072622988
0.007607185599244189
0.006213607532376987
0.005196882459156397
0.055354047848213614
0.9695269874631475
0.008591626072816477
0.2950217739239219
0.6094067030465491
0.015452004697052648
0.07137384532893501
0.969615252872763
0.40870711697481216
0.06957108215481558
0.014635155414252006
0.28758684738670043
0.01289900223572675
0.03345882235401173
0.9640375321815058
0.01060596242248627
0.007966742697327315
0.024217121700221753
0.17051952010726193
0.01541445030193438
0.005407907933538254
0.10817327453956829
0.2016662412981495
0.9368136864029042
0.025292183946463497
0.9798636800760004
0.01202576839471836
0.9533919681653032
0.9887066722754881
0.007420366178549288
0.12134904663850576
0.0017300438940354005
0.9759831974354356
0.014063476817354061
0.008891501019131453
0.05658152330677174
0.03751081093554646
0.09631365232897657
0.01909454428702076
0.059225767856982796
0.13678766518223157
0.0801112454011724
0.03172809806733295
0.014418419259031002
0.09970286897114007
0.021216984814170062
0.01620354390573103
0.06825311364538333
0.9569505459302191
0.04798820203977719
0.03216496196025898
0.01143082214954905
0.025806256931526984
0.027518512997530147
0.01742687726226229
0.02977307409622794
0.0052702437416359115
0.002288194337652811
0.07464001231102367
0.07313752981567635
0.003116216356423034
0.13711526425589943
0.07574319293133622
0.01616083647940337
0.005691474162332182
0.01669735372104481
0.002881395124827154
0.07145354362762514
0.026340490294540133
0.012392640658663927
0.2632010889998514
0.005573840823699931
0.011526935153548351
0.017105324517959587
0.06997839628581101
0.025645270482988383
0.01628019550164261
0.009150807014869726
0.042304908916359685
0.04705320268344447
0.013834552004628822
0.9281452122388999
0.0414881655691279
0.0955109816324629
0.12223809538387218
0.9650663118880503
0.014803919708075021
0.20045742323382007
0.020635878326995656
0.01980180444140566
0.020876648034789568
0.03761245768135471
0.03404637152658316
0.024220286997581317
0.21047049369569665
0.1268379184064062
0.20941317193794862
0.057996765919797716
0.02228713145244712
0.01809764528961653
0.13495153733570542
0.01599201261313255
0.06855056089638065
0.044422311060679474
0.03198122048490958
0.020657660417875364
0.009233577824787766
0.008080579840461864
0.017438095569830513
0.1748133996498498
0.016109901742470012
0.02353208813253327
0.5483741754940213
0.017327520350968184
0.03467403052376395
0.025749672476331403
0.9781777213153136
0.10970783552797343
0.2736039294494582
0.018478369165221425
0.03817285933408441
0.009568706895157883
0.003446260113146234
0.06414462281209896
0.016341192433100532
0.022614624115820214
0.2549247781404505
0.02349988124724079
0.04284780848686703
0.0011562801217599892
0.34872360511196365
0.11029923451425985
0.011544935168789522
0.011888886492390045
0.9859278850430059
0.007133475879665877
0.002034142438025333
0.0052698776102107475
0.014818294082907751
0.11074318220949596
0.015009962115057108
0.24143685283826893
0.02373896558257172
0.03078683051929713
0.06315422102038458
0.03873420293829223
0.9893241730060721
0.0028955803617255918
0.025830868537619334
0.09160643587535917
0.00643250386904625
0.057945753863059876
0.9403179660936226
0.003405627190743895
0.02815524719427732
0.9816172454191474
0.9644486667571077
0.014960976857238066
0.08445107239998237
0.04287384238045035
0.0031761968473496363
0.030966236844993906
0.01610072566134822
0.12446885874608926
0.005059551681534879
0.15446488059521887
0.038323589475939474
0.12420130156543127
0.017814819034957605
0.025512815608342038
0.9907738785512687
0.007643909253716197
0.09030572774142304
0.025110506765067358
0.03435535549107111
0.010496216021534137
0.05171080727755502
0.010817326269523983
0.0035897055374035087
0.09971057379854084
0.001977804165148503
0.9622418182531625
0.9821241755705545
0.016674812205262738
0.1260654252940551
0.0165439828388209
0.04025984011306455
0.16710249813842315
0.046862655528164404
0.011151097346386368
0.024595583287914183
0.15952194830838248
0.012922455251887984
0.1793917237097233
0.9773426645578551
0.9781751904267866
0.1292111351473744
0.015288050349259728
0.20223370378320388
0.005115055993910849
0.0029035200263775682
0.10151097660262283
0.037374731405540915
0.09856505500798761
0.03235969550623687
0.19795326191306095
0.03497436707360386
0.0017173074310355247
0.017490813806203254
0.05757212595634084
0.004407500079487609
0.06026516223438733
0.008130820230333477
0.16005980965469163
0.8174542618009816
0.011846126748715779
0.011439201560353374
0.024159170086347045
0.10312238227992318
0.04015444443831843
0.029385878581365165
0.972662128718661
0.038527051188717354
0.979617427526838
0.04699699627966687
0.01553401597832708
0.010166835019374564
0.023459848877359395
0.07214307118617064
0.14875606194146546
0.04265932262893308
0.010619411394973872
0.0019740778320178594
0.041177529088906935
0.9400502101045385
0.031028680919293616
0.010019689875382118
0.02690376856938233
0.20228350577869897
0.017733665503870295
0.025251260988641902
0.032337478584052746
0.056330524949592904
0.029938864989227203
0.05799808430680111
0.08851204961459995
0.021871151423446717
0.05125633198412448
0.0914097367446997
0.021423456923646254
0.004142847950933877
0.10686700316779865
0.1961758870020751
0.0555864773885813
0.2691818716329111
0.1229827171384341
0.1582791020356271
0.056303572328642394
0.01712476328547527
0.027107980419056606
0.02308946773155678
0.43713467406144324
0.017748626873327823
0.09390643708729414
0.9844768938336594
0.02183245983617103
0.05128424716001186
0.0611586072401311
0.9788877886560796
0.08920676936540659
0.05329322814319168
0.27115855814630363
0.0669107969423899
0.013739322670694807
0.062430123814699555
0.9872902387878739
0.03461079116520215
0.24865171746780487
0.001505986960338932
0.045309132788617174
0.9446612433448428
0.014479772979338348
0.013305381508471874
0.020529722896573618
0.011955807491409684
0.01330082539372779
0.19083449423217028
0.059524174276018096
0.08644753641836207
0.009703671805320165
0.0031659591281149465
0.11567963694204454
0.07391864083543256
0.02046322962843878
0.006723707453098123
0.0029052005618582224
0.022673402640927275
0.005968764954953212
0.9713528715293982
0.32984704086425637
0.08684595499139053
0.0022833070494818497
0.015824068893519876
0.06287506923486284
0.023375176664241524
0.030781331856243002
0.5229321534960828
0.0061276024656051085
0.1325867659286505
0.028910383475205078
0.030098830799977303
0.003703813139674485
0.04945061440081427
0.008414217062033973
0.005564810218589077
0.01735800847665543
0.8857534188920323
0.08711784098948733
0.040382457120577864
0.004362165264327269
0.021588706825086606
0.032153320820778084
0.050085792819044114
0.005509242988091231
0.10039116726972962
0.0190228376457998
0.011739708249336829
0.02624837105744155
0.013362090512984136
0.0368682682902156
0.007664890425644213
0.019826119243156772
0.9670995764361424
0.03645407608491224
0.05709085844943548
0.0473230370287452
0.010511291510797502
0.03320649487656004
0.04050052631757282
0.03465970403759861
0.11130639026608379
0.004296620708665651
0.05393958925528037
0.02396056979061706
0.02351243305715096
0.8593807884981223
0.022454246713492665
0.008791043649909064
0.01218347120892395
0.02445275291179703
0.017902898656142755
0.5204427307447884
0.04829219913774614
0.05299865337978672
0.021462209791936852
0.005011545349890692
0.012867076464194837
0.007080120458923492
0.8908105065531451
0.0022529306134239954
0.06285004543730126
0.0018217789865354291
0.012721146942982072
0.008686310448314397
0.02832028099023518
0.016061358827236295
0.0600690369952469
0.007525230100640824
0.018058535728456226
0.0028085048007024946
0.09484441020976925
0.037553812911302324
0.004742409052209255
0.062441289066667044
0.06843197433572293
0.054602994672202275
0.021687627460811574
0.02660727759279762
0.11206347041310874
0.02226773558696883
0.01677562320548622
0.020000189780706928
0.0055999985833236855
0.019565595021223153
0.040830257729046915
0.12052296549848297
0.013417646045718608
0.9471669728271587
0.009514913583733013
0.0032905508952098
0.9329360160976918
0.9309238286909574
0.02406113404507074
0.053832415341285196
0.08991162636758998
0.010035624339082895
0.011564899662899447
0.0186100679400147
0.08396924016528529
0.014140014239524564
0.01945218312389997
0.015532297097154396
0.028919952057422815
0.07415647080718589
0.028917584598894205
0.05804423034818721
0.011851845929204907
0.008452498826018805
0.009631727399572368
0.005876737688470666
0.06245768248359029
0.06833676432602379
0.9387349530046168
0.013874517691026052
0.015216211731138969
0.9803229803619365
0.004666094033790975
0.9775694341399032
0.014150652699643452
0.0014734206939951994
0.0674134389674872
0.08475460529045113
0.015474507698561558
0.3489059756508953
0.00944051484504792
0.0537306039159311
0.028600197863156752
0.06348185411883447
0.007672753534164471
0.11527585083824253
0.01695152773468366
0.08974710726073205
0.0031019275229905133
0.11802047215001202
0.010359273347559395
0.939610993859841
0.030287233713459726
0.019280208167882264
0.0018229668202425495
0.004435528102429662
0.9325475352713506
0.19806009443068304
0.02416198770910674
0.00827035499651953
0.11186972301345882
0.10626641354215939
0.13523083176310574
0.05602086827456364
0.002299032505043171
0.053155577137037904
0.10810186498306296
0.26708390838639406
0.011645547633107054
0.019538824028347557
0.06672588176800871
0.060239453082757764
0.018879106245344477
0.11740443919595832
0.19312861851009772
0.039828816667372986
0.09730696313660461
0.9629397579402795
0.12391417132727257
0.02108554849361317
0.1253539432134125
0.02693435055747026
0.035988352024401093
0.35492320146036527
0.0036415343580936395
0.02264497465761626
0.3571752942073071
0.10691836377277447
0.03897258019868887
0.9578188484982165
0.030792662137188977
0.07215358317301038
0.006096951818788606
0.014481066770160428
0.013489967467829779
0.04513858958627392
0.0819014226044322
0.0026419543890788435
0.0772520101321655
0.025582344486957634
0.1267261743743182
0.015469528060708794
0.04858142564959278
0.015477766586486716
0.024728476202241577
0.0033644088221080376
0.027021499258860333
0.011911172573729107
0.034688792323210496
0.03661335240594031
0.0029845064056895133
0.03268887877602705
0.009204733870148954
0.035263910416810575
0.010234143706460164
0.004844267188036793
0.9608009226434506
0.018361401622856734
0.02261024368898985
0.9542887614974783
0.028666041049518087
0.12042341474918225
0.029241899065020435
0.02760764127515014
0.009065934877008085
0.019237755599078928
0.00920594500142667
0.18050896563188623
0.020188178475673633
0.009807387571975256
0.036679404698776355
0.0952855268134781
0.014375969367109633
0.04665376500407148
0.0016200282662819415
0.16561230702607818
0.07540567783970865
0.7714358423484964
0.10167125447098001
0.056626882780201074
0.014626677412643138
0.009730491403476453
0.024404302225840013
0.0035157727833966972
0.08394998864952992
0.06625749461540231
0.013160706996421336
0.036470726585004984
0.015933174956201918
0.08884551667135335
0.011775414934000243
0.928862772081679
0.00690580589115583
0.006907088976786436
0.01218122272498031
0.013973165145657364
0.06691259362655488
0.027715904959892883
0.011746402137636513
0.004302192709885677
0.03446043068783597
0.8274725864834734
0.15793574487885384
0.07856744792304468
0.014748596212109472
0.011981213902573413
0.11349185713692311
0.08152109607684806
0.03727157326776624
0.04031686152415952
0.006998213761776554
0.014819814696232855
0.9821244883914139
0.03228820415004861
0.027032519940199975
0.033190623111370506
0.011353387490253606
0.037590109043666525
0.002797879150469371
0.019237902455311977
0.046513867393481595
0.05972734407685022
0.02980265117340678
0.013837896162715522
0.005585922860097338
0.021665211616292625
0.015539182412080806
0.01374110714134789
0.04039139659172322
0.018461407105973354
0.03811932705968543
0.006486440554586224
0.08023841428663506
0.024425690773678906
0.05112086773261303
0.020183682005080725
0.04380436858930625
0.12060882210018661
0.06754561562668975
0.03135903924594949
0.0050410590026267
0.03399515975454861
0.09441844535047607
0.014577914678806817
0.006229271185172787
0.0085927380060774
0.01158716154679186
0.9750658255144304
0.012040942155647303
0.9925689153489708
0.04443553223527683
0.9521593775345598
0.166565342038576
0.0016213541244343166
0.057378825384433584
0.1986162290008713
0.005814490332398743
0.011822233141131495
0.07744843193029674
0.01600634821191592
0.008475718973339116
0.09418244763708078
0.14910401646044855
0.011663116674187448
0.09540726683444346
0.0204826660063443
0.044168407363007985
0.050537684460383224
0.022328452028984678
0.08636515601881736
0.03467882820805951
0.03578082803138552
0.03787261555722715
0.05448010773828126
0.07347447766933075
0.9781426749467284
0.03332752705158199
0.04770660603304876
0.012862102395382175
0.024788376528936434
0.01084501011661985
0.0019852862807796454
0.034393629824902516
0.9780742620038863
0.030895588746471123
0.01539843896527009
0.0057493214670762734
0.03246286572159505
0.001479885390756409
0.03644681150194346
0.025743270317642727
0.015939332110715326
0.005112525334670573
0.07885984268001331
0.032852320422563815
0.9504269963974432
0.036039808749874
0.027717653641835066
0.030171810504181357
0.04417848348791558
0.9396221672288607
0.15171157346332206
0.03949682941293877
0.9446930602476851
0.0064845817644071406
0.001275526416993231
0.04690828129757468
0.003694020369575347
0.036306833901645616
0.9785731679557378
0.023830160911090074
0.9800911320939046
0.005822413640642113
0.03804782124329068
0.08785386387638731
0.0333330698390646
0.01494135802122236
0.004054980888534868
0.15226380476451692
0.0008681295110080782
0.0040239335597852255
0.2498366486384276
0.0481340146998123
0.016244575704989238
0.0034331113564799874
0.06874910503955234
0.06204474570754721
0.01564904613612763
0.21561914551126193
0.03445763407599231
0.13351340557748337
0.024219923821110833
0.017091021959445063
0.989394926767314
0.9029356680813055
0.008844937364482254
0.0887954185880175
0.001749519850749695
0.9850861831910825
0.016212751178406756
0.017013369236986063
0.33975290003384306
0.053704072860370905
0.040317084429984155
0.1599695847547126
0.10439516294197596
0.011765002757508435
0.022086787471856686
0.00420069801720312
0.0013543127046961455
0.056227526826074424
0.018009060512567846
0.04395743600941265
0.013485481247138732
0.009410450887347393
0.037616079882395154
0.023450500434323604
0.03728557240210344
0.01769253714721926
0.021405372489734238
0.04814666299063126
0.019835830014965312
0.0006487765924142984
0.02852335165839108
0.8032758350452774
0.06342575937020603
0.007753357650481282
0.03972094325207471
0.014768762063845572
0.008526364245742322
0.010297990171457567
0.015392661709997695
0.013717400345071497
0.0823518631900152
0.020452205765040286
0.017199829948281672
0.07975604855663537
0.00454414049306006
0.006874610904174839
0.09379269371522556
0.00843170969399711
0.9761994016350389
0.04944863746774846
0.02098922513140889
0.06508514352180086
0.02917086276679145
0.14441985781149683
0.9892244003194518
0.0038488838676872246
0.9969352400084016
0.011214484970684667
0.14310523503823758
0.013445306123082841
0.012722643325194426
0.005712524381596542
0.06277901450318811
0.05691815380608827
0.033072048013273486
0.08194247213992646
0.004868378007577329
0.003215788820488871
0.00874613883360923
0.0014002156985691038
0.21903718822968377
0.19534983185639604
0.021384258026544575
0.05778112048127733
0.9856705852473895
0.013516376599528354
0.025208135035033788
0.041156519497318675
0.01737438610175936
0.9584928266412799
0.0014090470279205707
0.03781225398822962
0.007596376815748851
0.0857272892512453
0.09414127393039966
0.019596007250856067
0.19458251652867956
0.03618163975256382
0.014909591833442823
0.13129767398612874
0.036624256579868675
0.5398901731453486
0.10421426108637791
0.16392587396937972
0.006277581239180498
0.03517466591636394
0.06122445869941396
0.017976095468835458
0.3824840777169861
0.07186385358412897
0.008886004861215829
0.050135529692907556
0.023495542555239723
0.044592311766527976
0.12186868513684199
0.023100962051335817
0.01442707980776058
0.8393223208394573
0.026765529545306428
0.02283727546040437
0.07167062879222083
0.0560502191212953
0.006360160998118036
0.11208395986876338
0.02265241428399828
0.9869073507056776
0.9431520635860424
0.9842722963238834
0.019054812423987728
0.0012818385985795828
0.9927891592920611
0.0652563145619971
0.05519444295247728
0.007141726543186014
0.9654758205908177
0.0043207003223430535
0.002659230113236962
0.03566391879353873
0.8430710044251061
0.013720882080244419
0.005649977957532724
0.9868859710011163
0.03094455745434884
0.669748722912647
0.0432775119628226
0.19949271064933702
0.040582496106800064
0.060545705012769784
0.9792376017878076
0.07089334583277726
0.16752956640139202
0.41654181525778583
0.0034592101572611597
0.018544764595934484
0.01283496096808857
0.017383664794114656
0.015201914503334375
0.011907766285839018
0.018496648349543236
0.03315554040527257
0.04768796017273097
0.132969705467314
0.050109037583299564
0.006484625111369641
0.038797223306871624
0.04355790221190292
0.003890917903288548
0.8886406571408711
0.02715196317024875
0.04938972128309954
0.018174364856649767
0.0029290631137954626
0.014903313364737965
0.023845407916839177
0.1452027794837458
0.008688508933048317
0.354022538437499
0.034736413284522476
0.015751055761005217
0.03631294574455309
0.05711488358305141
0.11130591420776896
0.017817013798242385
0.02093736806948704
0.03691300966078351
0.12933215093891748
0.04457293104913134
0.9698455065643045
0.963961188687445
0.055299304172716064
0.017542704861815615
0.9711264594959625
0.017950376984297405
0.28249165008010724
0.0016160062507030724
0.023096936082783317
0.002119677202616418
0.03823639586778436
0.03977935621951028
0.1309502767499087
0.056040589619758774
0.37875003039799193
0.0069569873691516125
0.07322495343242352
0.9785085308411773
0.023814035936572477
0.019345982769771123
0.012271113372346624
0.11224124086553271
0.007133325719977485
0.937469480670273
0.005022277977351492
0.3978166644988832
0.9401285831910204
0.007138245281373666
0.6167890830062236
0.024761841408270025
0.09709314393978768
0.3440894175237674
0.013572322847377942
0.013033990104440327
0.05805662316404314
0.017352014213589364
0.037540509068649815
0.03301744616750965
0.0059940045501683985
0.06745742328167867
0.027380777871453894
0.03136981609263136
0.32501141239026515
0.0013864729691050034
0.19227698120996284
0.07550499648285065
0.014976660996111337
0.14103373466747876
0.047714765050009496
0.008268835832349067
0.01618380614187725
0.014272269142027219
0.06845158089514235
0.032542087409118646
0.01619351810982468
0.006408049824682221
0.012819024765380107
0.027522763979197586
0.2486151052619308
0.04278814737449477
0.06049584804754094
0.01885440292638072
0.004340388579761223
0.023055066716981713
0.9219069571654884
0.049166659935211125
0.07237085570552072
0.007634087560115432
0.01662906413015707
0.9586846148635347
0.13612537149799453
0.0020746737041562676
0.07506398414714681
0.9785752424459974
0.22773158818277203
0.0030925889654560114
0.2124674958976607
0.0065561665552084526
0.025474329886589778
0.04337637530810596
0.016985832340347576
0.0024383625574298036
0.036450402449263695
0.03731333842519508
0.02823140623402258
0.9903335236582052
0.023229248945674994
0.0634735034324739
0.02265060513915047
0.024968672084605806
0.010960700013157009
0.021783037073937445
0.00248843213683923
0.024057580284712495
0.017708085940097953
0.12999316852100803
0.04929036193537614
0.006332586809806536
0.02856867209589244
0.043434583592113156
0.010677838033427442
0.017734684778228385
0.006648709169081124
0.03184103649413918
0.3266957681623114
0.007906324957858122
0.03676937736098193
0.019240916944815372
0.024289735313928498
0.0006976744722126285
0.07540655946083981
0.08238708002667193
0.09392212322262666
0.0034919816994463527
0.13686598032819727
0.13577781543496636
0.043572536236229406
0.008042769915722912
0.27206767840950363
0.3082107457648323
0.21535641954079804
0.03051373910661376
0.04478341051353085
0.06231008589098221
0.9796202621357918
0.02212691161449141
0.1362461174421328
0.14320791724499712
0.17143733586312654
0.02711070261393301
0.16789843772624058
0.03788909505991718
0.0074662542371767135
0.03895092939076627
0.05476597516040643
0.17344688654949536
0.004588813134182591
0.9465528994700164
0.2312605709614911
0.9449736928256303
0.012098698456035837
0.07354672910392424
0.0036790736687898526
0.03158502898970394
0.029815546780946743
0.01162971749788714
0.008775295639912922
0.2372317909912342
0.08853569630074798
0.08885695011474896
0.9692608148263517
0.9711377419901833
0.03741283833694263
0.024300854517639907
0.016307931911957976
0.006373432915276699
0.00369889800278124
0.07844420219030217
0.003380441539643562
0.039763944749995145
0.009891940233614178
0.004514308985120583
0.009978398785543272
0.0352253754353048
0.08054334326544983
0.006308473028445915
0.007240654653641279
0.9290577670750431
0.07538184146234125
0.000654031585161834
0.10153032773781177
0.05010779544454908
0.010630502761055868
0.9670670102414131
0.06117583612998655
0.910448286931771
0.0028033594379633943
0.024841357360852658
0.393587999631544
0.016514570340590583
0.03164984578867097
0.18671703056486372
0.05483586965240328
0.006380908996121993
0.02131509912502986
0.09296098862112166
0.0029805723288503696
0.013045534182096613
0.01861414352782628
0.04869736740104639
0.022679617178031117
0.04458227903655008
0.08007134697694412
0.04100309023059269
0.9510681954969792
0.04608170588176685
0.021441421740015676
0.9322703093082344
0.13315828989119213
0.00517535444088455
0.010536515665094053
0.06700585239457064
0.05562829834002741
0.035236201408725576
0.07691651544828491
0.02588915361292176
0.12003985842024484
0.13378034498895683
0.01891519939577302
0.0035384723476062554
0.4811780470305706
0.023754697380944812
0.003152169250540294
0.15179071348608442
0.003013500191015679
0.12381465057265241
0.001569258210362857
0.014157695097633323
0.005597533865880541
0.065688392619235
0.009079941097431835
0.012069075171776081
0.07341621971297142
0.093753855171095
0.9218662271821594
0.22601938363297966
0.005376266947432149
0.14643418273909545
0.05593123730706028
0.10448683221301036
0.03029066360090934
0.012577731225735732
0.011910983516224995
0.17814120285215035
0.01291308372336142
0.05523057875100179
0.003817255240421162
0.07168402098218249
0.0034252034311426888
0.011566496523896751
0.2097418213855873
0.006834316719711719
0.004829273524031143
0.06522576493142065
0.9577219807893554
0.0018171764609224812
0.9560878476186425
0.20011903706670353
0.012396295570526926
0.0034109952915725122
0.00872873908377798
0.016619254228509205
0.9797584695184505
0.03982446313956334
0.9849330082132002
0.030822830328397905
0.09433827591149306
0.015576794175501112
0.05501399560010254
0.016342709506536195
0.009725406520298309
0.007940194434765107
0.054282037860372244
0.029265551828385243
0.0027441890010147314
0.06303015922659536
0.018627674549108887
0.009190790650831225
0.04204442031785832
0.019047565040025367
0.01851991681848805
0.12512569009508082
0.0037441368213404014
0.025471125481654703
0.9688957595282378
0.04688008143964568
0.045794647266032946
0.007581603440501612
0.06523488502991881
0.010067874328757848
0.13185618943564828
0.022448773775798368
0.9817836681376497
0.018195665846622047
0.04555725765133669
0.8848073998912714
0.11746790400596804
0.008787481586538252
0.027430779447769494
0.2640962894121412
0.02435546894897323
0.18277446398023295
0.07814512270691097
0.026371206081937573
0.018074359492270476
0.25630499371110677
0.12158095631330584
0.954199213349298
0.0255317679634684
0.00635959932846919
0.15364898413257358
0.09330675688383168
0.048239858089094444
0.0814835281013342
0.12977798603083562
0.05864820259337734
0.03831029025215957
0.017850664735771904
0.19026978929840666
0.9887375444043515
0.9597836288497525
0.15480793223013117
0.009151213931743429
0.024837565947128135
0.03497329881217631
0.001865886239132067
0.0661278945230653
0.38465941226636335
0.016528247826500243
0.026173446971803918
0.02543196076575863
0.0180779487857203
0.007102899864106552
0.05010595743592664
0.002608390199434894
0.0735745093922159
0.27181040028731906
0.09689604651428933
0.9525899907687291
0.06055238864914787
0.01703906308610687
0.42715030541606264
0.018935224511387252
0.004603046936233001
0.028923953951710667
0.05126516513538995
0.03388419204439727
0.01539247868640615
0.17937407543704997
0.03042122729435323
0.026480782498808583
0.025350296615763844
0.026865253750099644
0.006756499820389812
0.03094469077797237
0.020506678738701895
0.014972244685675951
0.0019891801685088697
0.006406614497605575
0.03334336373773446
0.024076292509715047
0.03165673265528916
0.8655784746247971
0.12027667948802565
0.02536693268159871
0.9408555369199894
0.9722275776457229
0.03936932018256348
0.053930271328914405
0.018677956147853742
0.01060042152048899
0.0820248142330529
0.018669598645083163
0.015366679471926775
0.042370035498643946
0.008446691038231821
0.02208622490281318
0.012040727419850829
0.013123478734237906
0.17756321625326918
0.02207871609896471
0.0018607490576125583
0.008958399172992395
0.010233173226578657
0.8939379981329694
0.1678949654469777
0.032597571657486134
0.2872885882532962
0.012063516265918558
0.9775314010580466
0.025827885416062756
0.008121079928262833
0.20916745352412894
0.8232322916868278
0.06159561522385934
0.01714240081969591
0.11199771795892356
0.10399535250715079
0.026443469027629094
0.05356952139695502
0.03873277077973644
0.030382589887741375
0.04790630830920011
0.04457086143805126
0.3112939046041026
0.006759978381190806
0.07328210467695565
0.02596582896599539
0.015104101744710342
0.002489019529690581
0.017474288500545384
0.011312496752497568
0.015619046091737147
0.005949252028523185
0.060087193144908485
0.006546300635093668
0.03636695998830688
0.046735184530438754
0.9821053748711358
0.12368947788610152
0.03554671672154823
0.031980724633851716
0.030230191372274957
0.010327557954564456
0.015467761462752902
0.013449028548201819
0.005673404263687834
0.02118953638249759
0.3706125928493123
0.07081651415014607
0.009451875846375668
0.09693920931749908
0.014131952800893783
0.01055977791833988
0.019396122095714393
0.12931852546479009
0.7132143950691886
0.026518166076724276
0.01713398969188655
0.009448535698752045
0.06239370247074324
0.11107966815453148
0.004109392769891605
0.01479486937436358
0.00649201280424458
0.11925839484763191
0.013249094229549882
0.021839570596668273
0.3039199613919619
0.030109315709560516
0.975921713492059
0.03415835029470629
0.0033354370182332067
0.11411092883025581
0.06632898661812593
0.002527853241575086
0.07379019103559942
0.01756489457746063
0.1850592066954362
0.1179950498440145
0.02199164636172291
0.05304560811773538
0.015082309737427208
0.10562791798893735
0.10539347469411572
0.0010430909818114186
0.010120853452996
0.03634660950300477
0.20412200844504264
0.0015591464392432372
0.06177297869610612
0.008302563620876184
0.06402816796083793
0.9429255646880765
0.9862139326014135
0.02459981924215081
0.01823538542007224
0.020929332182222746
0.008336759690501653
0.06133685800520302
0.9411281909547421
0.014925245935507607
0.018761724112162547
0.013503977803107343
0.04630256782070917
0.018152215949954476
0.15199469813858513
0.9750013609741478
0.01131982614352526
0.017470030599918012
0.06250067124644434
0.006056375176714029
0.1843773830109052
0.17663944384480293
0.11009617348776765
0.016232100762050495
0.015558376520645336
0.01119853799349543
0.04258664543810385
0.09798763083732621
0.977635671129348
0.019251965388819375
0.9294192055926195
0.06333167434459568
0.020412913538541425
0.09486956653665773
0.03918066701778751
0.017823071970507656
0.06534762675016229
0.25267339431991964
0.0010389661084485634
0.008713190060091101
0.010576268578637815
0.019565227301726437
0.007067399063915658
0.02045893268688302
0.13432790741165837
0.040454315304978325
0.057433136260692526
0.014740894292646281
0.018690289731243887
0.08392969721207966
0.019722194784069752
0.04205736650953483
0.014406442767668089
0.9825328593516794
0.023491718625541953
0.007472569342202536
0.025511916029585645
0.024146009390991506
0.13745841761472355
0.01821033798888287
0.06444240251086254
0.18597102570257185
0.012087235169605415
0.014114472235861122
0.0015615935250051333
0.020215508119650057
0.0201330471293769
0.002979641250333107
0.14554654134700612
0.018794540455571763
0.046982851931039474
0.01654203315752055
0.06398381439789255
0.005859615998539221
0.04251364415636387
0.11203760939261756
0.008534389438382396
0.05619618296716797
0.11212141737744796
0.989557839991543
0.2655803339422915
0.017405837308168574
0.156960675405217
0.9593804198802914
0.856553142518981
0.01933479972898018
0.09130469369773993
0.007930536452896196
0.0031895215376240935
0.027814387784675713
0.029428260779460053
0.009028595023352784
0.022958945685702493
0.014568956808504554
0.019582492050565285
0.005732239320599242
0.9661795424811767
0.07788620656418023
0.9523387019228281
0.08487411339449273
0.012350578065741623
0.025751769525607544
0.020579067627989483
0.9716615763417711
0.014094077127609433
0.9498116433461995
0.023785521529098224
0.007716391122674868
0.020816338241087366
0.013441866497014838
0.037328995844991705
0.9552697881724691
0.0025247677809399406
0.0613507172585506
0.022516053564467224
0.9411439993477985
0.01625443067824063
0.022020009031662076
0.08269280443446722
0.0026545438669498913
0.017807059091989996
0.015869297121514334
0.003406543058324351
0.10845667016653833
0.002690716565462982
0.7918392758621158
0.02542433637476774
0.016278013620055813
0.09738270191498308
0.06107856600042855
0.024800173097574967
0.017676766714007072
0.1564110577107622
0.1146440859245398
0.0017210916509886672
0.014768992266757649
0.002645909758322548
0.00891299252435246
0.01741547458846847
0.03804153951798399
0.36387636702854187
0.05600633177102216
0.045004511797934944
0.03238014018009112
0.0029985131668613654
0.027760456321765353
0.013816367591688744
0.02648262641310824
0.02381114031811843
0.00735659205332179
0.028903288611926474
0.15827453812270123
0.11101727474669143
0.013549405609723512
0.018980776299734495
0.016129714565314264
0.030899734658448783
0.021138789950515054
0.03072387737675079
0.0181537220191049
0.06384709603932451
0.04399434940689983
0.021126619535971215
0.006597807350861955
0.9531155177794199
0.021031479116415945
0.033633452934817454
0.039655249155823295
0.004480411442797502
0.010624267173359172
0.010805751882858736
0.8831748233370861
0.018501427535652305
0.012667749113482464
0.9751031155383394
0.9172648350563832
0.011209354478142001
0.0022835747600873906
0.39412380447807144
0.00864644368371942
0.04222359260224297
0.10864697257497292
0.04209522371574448
0.1514696031560335
0.028369073105102248
0.9581871206868998
0.002981796411419823
0.017587860088351937
0.9751504871150998
0.21600656458420014
0.018642272595650083
0.011442019511322695
0.033223252339892505
0.014778785700635158
0.02666931247062196
0.03903891569386806
0.012956003402027657
0.011917748637931465
0.7155767342863506
0.010703671868071375
0.014924578245657023
0.04983479585966645
0.001631240479951084
0.008755282322881452
0.008090167020739282
0.05075081853512299
0.02539378688398691
0.03311519981397526
0.5846123721993574
0.015111485374162553
0.023355918388598434
0.04095949475733389
0.06130813393957011
0.3704119496442378
0.9394457074923405
0.0018761149553783607
0.06753704185508151
0.005706390608211658
0.14332844548164483
0.049968846900235876
0.019463274769727226
0.005967247495306307
0.011508807819865513
0.002586700557253707
0.9747953745343233
0.7412199603101867
0.040505886456322165
0.04280408209468538
0.43883994190342507
0.01722687325730221
0.012811251426240176
0.023690307470321737
0.008558192495382843
0.03065330483306085
0.07402362248614079
0.006725407629733597
0.006344609356086555
0.038295682632449944
0.37846197411980054
0.132844309582622
0.009983275203374971
0.08038560694086182
0.006235284295184219
0.9648275661214746
0.02481610871228917
0.021377608004036954
0.0036839966008087037
0.008111504176937685
0.01338299685486846
0.02463864611697646
0.03769353014232488
0.12150270688665205
0.40538115681514436
0.024348922859384472
0.06851192027305228
0.00588729917925256
0.030294499106147697
0.9656372607846612
0.027584178389061187
0.029848506383215283
0.9747573401017253
0.9250084444637131
0.9525454729128187
0.9209927707794192
0.9491992517509876
0.03923133934064156
0.22944686990837718
0.04475817125968908
0.03606325951990632
0.006920254616073331
0.002412135851572076
0.3456906932603066
0.9649852010661248
0.012881719632078062
0.1388197575979816
0.056516961014611726
0.006439260902289209
0.022547759659296392
0.010184213346867137
0.010883590673747327
0.00230823041397518
0.006922327288686068
0.014757943151409584
0.011558344297795327
0.04108519877371181
0.9954584588530972
0.003243759478378308
0.003154866989211512
0.05937078600600697
0.006016692166534266
0.9612090143176328
0.4445035959135017
0.004258178018648569
0.040130306777352846
0.16424374916535048
0.002187086425005057
0.057052609466643645
0.05269941033712125
0.13138193037414705
0.019052266815704075
0.1302067233768998
0.04511849290470549
0.09199686676876094
0.029725924027047167
0.9572979145022372
0.00574977745981713
0.1606836054450043
0.03381172358325275
0.026087885419473586
0.040556230877251936
0.14053934398014195
0.04575056529706081
0.054863606669106946
0.9762314139539794
0.02705497519712723
0.06967581896638098
0.9051830932197911
0.005309654248337043
0.007324769353082252
0.03613250243902759
0.8880853239907637
0.18492639885958534
0.018841454550564102
0.22711874291161177
0.9146706101245157
0.036764558141581256
0.011180969127852608
0.021224830411608456
0.017026770585721263
0.009147118701139956
0.9735855452929122
0.001976320478685524
0.010519856481757626
0.08667130745192368
0.9465212773856744
0.00805845319503271
0.10209914497986794
0.005344473658120123
0.970033561656433
0.012200590752444992
0.02262209402496902
0.11962189611479827
0.029190711199022414
0.021277948224145866
0.007073924090522181
0.026588024619434797
0.006366299027514845
0.06827621780163194
0.02552934143972274
0.01836970816342593
0.08246495578862006
0.0646525586464516
0.02862543977044208
0.011544517778344263
0.03126223526330896
0.01333726190295262
0.9823214744796642
0.0972742626039731
0.004142045452437077
0.1782923736235319
0.0074017081947598635
0.284726222511417
0.0012817816429293186
0.01237405198840893
0.07628321998575933
0.15434304026027693
0.03773673930314652
0.08864121901789307
0.054951564719109725
0.0037441830718110795
0.17135489799358639
0.006130794104177586
0.017543794716161607
0.6796360636311064
0.02147894236988142
0.019422237546889057
0.05016977427168867
0.009425432628646563
0.9635701899901628
0.9466280186893282
0.0910810337886823
0.015775039948884777
0.015205051452342253
0.017843447705937793
0.003571162694578878
0.20525388278659376
0.005622337050233789
0.05741508673287238
0.04577781267087138
0.0009917341908992146
0.039711464847358505
0.004017181317550812
0.009708664168976554
0.8770975890398794
0.13189459919588123
0.02943095251911098
0.02339391030044501
0.028777306552124612
0.007373842819751477
0.009799958103059867
0.03050063447922533
0.010105625753364832
0.08563143733185527
0.02310395043204545
0.008980885283759031
0.030751659529232856
0.15258058421069243
0.01110107385993148
0.03454072721611526
0.0913878524688327
0.02085039259676337
0.06787350034462672
0.03793873429957454
0.051904174356955546
0.005645447644925781
0.019661238980654354
0.10673868059940889
0.0023853434369199436
0.01407834798354842
0.05829530717442225
0.14696023539917638
0.050500165538680204
0.02863034827384546
0.016903147688737453
0.010052529703792527
0.023644767006967483
0.3534062045443146
0.0016614151364367225
0.017415257699804537
0.17373995464776162
0.8990984038718713
0.012778278496464984
0.027637159713490855
0.012923937301421313
0.01674540686095372
0.006127264519581907
0.04154428152290192
0.16420563047462897
0.015123431367599896
0.01802003405718762
0.00878632567748606
0.007831391096874151
0.042538537989408653
0.030309053352174858
0.02309951521671494
0.004917221252499871
0.2986077906473908
0.03719830985033934
0.07903009866776473
0.9526845303803252
0.016808147321472722
0.27223252234310863
0.06120979473436192
0.005452121986189528
0.005293252267505091
0.9486155306724716
0.010148067966482835
0.00859435319085613
0.027020196807669244
0.025198434218268295
0.04693694752109205
0.05227116921777035
0.008361126788249157
0.002641957158615992
0.9662383744989458
0.008128585312462444
0.010165832594397736
0.01681368108190581
0.15182698359294003
0.12974656391995798
0.007783402754877562
0.00470672163366259
0.013807118719339357
0.028956262267547547
0.06340064659495573
0.00645541895288776
0.32315267169948814
0.016671505943973954
0.20345307957171332
0.015795991432007356
0.032223845231838445
0.0022637660922405706
0.03598612343928489
0.28640271461903793
0.033555005534412014
0.07641160314483934
0.01207536763379631
0.007178890272434162
0.9715120779959084
0.2429629321908727
0.03469218587905023
0.976240409425148
0.03569583322407801
0.005269599237406382
0.030600770338345542
0.002259679883649545
0.1216084278051686
0.014280592688451514
0.03333684931848157
0.0666233141495158
0.9698846573652162
0.08601252036951139
0.0075869063703115965
0.08296413401638666
0.01031068895483829
0.006828093257430957
0.9711450156717816
0.012797336518617513
0.06903387346728955
0.03202256624298523
0.9267540726721731
0.8984660127271895
0.9005239182044009
0.040522358102845525
0.25967091578186163
0.0534091693888316
0.05078248528494384
0.7984611306542021
0.05565510603126787
0.08847479791613701
0.11203452804070586
0.010294584621177721
0.07991676232161099
0.0962299976499052
0.04398793574811809
0.028872160880259318
0.9228752431854076
0.00778856091141623
0.026191085612129753
0.005504092742561676
0.01674400623551588
0.004766567374945229
0.15873642846609742
0.037507847330920434
0.9900630968320244
0.005046560278706179
0.025907107175759832
0.042639348693502964
0.021583667154515276
0.04680772695972419
0.9869828317091204
0.01255670540208894
0.031846528240769174
0.09375922072661144
0.0467018816291494
0.005828031444993851
0.026307222503521122
0.029389268662454275
0.033908922785094525
0.007195185484894169
0.14810424330672992
0.01839252396404251
0.014107206452513859
0.9199058754089268
0.01031347009898369
0.010424148469957779
0.22072642564474143
0.007748564480670725
0.9010898232198337
0.9544138588063033
0.021887412582896837
0.26281882583748695
0.018459329781725427
0.024103103310072465
0.002225341584702088
0.008337806627605384
0.017325479631585428
0.020127994092237353
0.00927934423073635
0.0206436639227476
0.03102983530860958
0.9812056288294088
0.0013141078464597327
0.07562613340005601
0.033712686912772426
0.020259438471807514
0.0010411627632388209
0.004830725552768285
0.022683888431341073
0.004246439107478105
0.1263677853004933
0.9569801828587874
0.03469737160686621
0.03113619161119213
0.036539680037453
0.964435427081807
0.016651656896075555
0.015805023438044817
0.0027771724540184475
0.10012001590100451
0.005326255725601908
0.17258314077457693
0.022819802400542148
0.014231132482085605
0.017877018400544568
0.01309433632855797
0.0044040564150481755
0.8494952747370922
0.8674524759685657
0.13672997200197679
0.005639457153581983
0.029392587112338355
0.03345268061378791
0.025489423484419488
0.26814673464406086
0.04373315704912596
0.15307755760244782
0.04967077478732348
0.9583649505427866
0.01531063162929385
0.9503094978469708
0.9645480583225774
0.02829748637876657
0.003222664451555219
0.03615251313005084
0.026923339698968974
0.004252041395317545
0.011946215319651425
0.0586210651485892
0.05388504757623279
0.08531824806969908
0.0026417204492933367
0.013950962598066096
0.029880933070463155
0.014606379429254438
0.023323767879856724
0.025567625673010734
0.007368973939122783
0.0036098644980939853
0.07041029267533942
0.9855655999172861
0.006945629764336378
0.017929021753718723
0.24942425132742638
0.006644738010738771
0.1915894918868321
0.006670295440200968
0.006731690462143691
0.43157160916394904
0.01920894083683465
0.06676119132828325
0.19748878855077123
0.006190123104549359
0.0380283402560535
0.02224377027194048
0.002446591692787725
0.027626554342161946
0.021235428841361145
0.15001520357126377
0.0013088115191324662
0.008049263643879806
0.011912730709034857
0.3387963012214331
0.026710182824529992
0.013734714451119847
0.927456399017393
0.017403564900231993
0.04909149720057139
0.02391066045861401
0.027323383689195437
0.0022340041143905573
0.011925254454076701
0.04732894304612401
0.0024865832511756563
0.016657721502875856
0.030082901749621024
0.9472091146133569
0.004912289363765753
0.9694462160161558
0.05742930972462377
0.14690026152718622
0.06051813807898526
0.004214291832556894
0.03807685931433219
0.15219278040415823
0.06652418647691437
0.029083069237977193
0.0041481353887225245
0.02739485744590771
0.0853755379876604
0.12660168675189967
0.043759045423476466
0.002710945687747643
0.09245401214633969
0.07545656236235422
0.10036730237854449
0.07613263380408748
0.007594581679158805
0.0034488327012174233
0.03423084036431224
0.020876641066034794
0.04213210870943979
0.033034460417544674
0.15686304382191785
0.002119787724226095
0.357713007873795
0.8198970954215505
0.005464125664201439
0.0026980748670560615
0.010402890984461463
0.0035884478294401613
0.19230259931566296
0.0012179616159798674
0.11402849251649634
0.00281125427634929
0.7918198719742396
0.003816754432402572
0.030000764616756895
0.03232237237800332
0.0020263861384112077
0.003287238588232372
0.010762234800681756
0.018303771973375856
0.014449189375222353
0.16164352799661022
0.261041798317166
0.9947886020337335
0.15540523505426762
0.008481171938126046
0.015467725845720814
0.006948556363047261
0.015774502674109202
0.10299034695985307
0.08276952073711974
0.02587059360912935
0.01639477559315188
0.13729544089162637
0.9542419785227215
0.02232768604577489
0.013889330848369208
0.06763039037381514
0.00701369692429788
0.04050307276989096
0.05113053616815927
0.27691118068860565
0.09026873725686838
0.038482774243889094
0.011223289551046584
0.9824955776890693
0.021607171486887348
0.014341149285971525
0.013281326831386681
0.020469164601518854
0.03237674697391578
0.19306623653358188
0.011219133507285147
0.01921101547910256
0.001871218339522782
0.021858829460867972
0.014695234069096097
0.08424986419761711
0.9883989992057579
0.01128792430997083
0.2468458920389659
0.00961899967332493
0.003380726544796122
0.03599832492129465
0.028831840634044537
0.013208176515746559
0.025083617117390967
0.057961514850877104
0.031820830488425336
0.002437030740692678
0.011704792350613504
0.01781335777104684
0.014884140994976435
0.02707885062526353
0.16755999153313555
0.06238836643873156
0.08001310915558614
0.01378925952357332
0.011036948234077578
0.001467229191579355
0.025084520103344853
0.0592871935956925
0.03887698713430086
0.013908216187562909
0.005706428837589398
0.11798229422011235
0.03223510713673033
0.019941074580345296
0.03306077005630707
0.02653996005453217
0.10247454549402421
0.03599472427337155
0.000943628425255739
0.0017326096099968802
0.5073345639108582
0.01008543025600377
0.013661458913286982
0.014341305704866381
0.026278897328766766
0.0012698135742742797
0.02746869048201024
0.006579973964312983
0.01550940221250988
0.03017275918300065
0.013926685243305387
0.010524114935057883
0.014553175266834579
0.008372581711199537
0.027638396998532943
0.004663622020015957
0.9206798774319037
0.09815866935959111
0.12616059607916538
0.9830391839184647
0.233879512346927
0.04269773406650407
0.10441857940109045
0.022012500557034617
0.9791099135331405
0.010394630018437793
0.3398886937261862
0.11335338085254575
0.0027438401179529105
0.02721771216679048
0.01731802009237404
0.015105351835855768
0.6545309573365274
0.01659545458841429
0.023671343300861007
0.11313329127906276
0.011701388177343857
0.9671293547554511
0.023983431279146098
0.4601109892107361
0.9651543086775055
0.012746372717422873
0.026043146727558218
0.021288812850815964
0.01066064493961797
0.019962793490049906
0.0038796913605670907
0.02248442979251917
0.011176217369414607
0.9694419594178428
0.017546055375759855
0.39308125275200084
0.023968712228423193
0.03086067803622138
0.11832223448820917
0.008727769183326243
0.021761232780770762
0.09152490442913414
0.0041914404460131225
0.9845317698979562
0.007165285498660425
0.12058584626414091
0.9873973430514498
0.038826940558773615
0.023570516433484897
0.9696391039728459
0.043396986464259886
0.005379132174074595
0.03145543808290252
0.011704445758716599
0.028913667512271975
0.021442444266095213
0.003182562600581258
0.0026597480356285023
0.022817467329747203
0.013524799672207717
0.022764917979605448
0.023711612404928008
0.9551765977335368
0.005740119178843289
0.01792143465991107
0.02558866278473257
0.45143539820648876
0.005573392176689771
0.8192986974848729
0.013626760747678095
0.004877248731764342
0.024544249969260332
0.9337062548519283
0.11158053884858735
0.2530676173409568
0.06859384518136469
0.07808665777297322
0.02344836593779364
0.02275576383800981
0.12611635313099856
0.9274536493377122
0.0016739673620984681
0.9528696367551213
0.3326005299259045
0.02285299834079694
0.01168015369493199
0.035554306459276
0.025938884308015886
0.0718857435713115
0.9759602976846978
0.059521430561327485
0.19761734862384947
0.01424017479934901
0.011587402399605855
0.019524590989881147
0.004220721600699437
0.042537856978658105
0.19794080077553977
0.012857426592144165
0.025890396786075444
0.010253227241583087
0.20934244842921085
0.07595549416763378
0.027047862872618293
0.05866686314614769
0.012607219487731273
0.013648001679305716
0.021210681721255047
0.03362261917458872
0.11808133708058907
0.5292596072484137
0.0322134344690773
0.09121305783314543
0.05882929417476607
0.16632056736978917
0.010147092399650748
0.9840325748221255
0.021877418286074028
0.010387428059840761
0.945381783327239
0.15931945643322917
0.021563878665378247
0.47302383302452483
0.023400699923067005
0.12324709371380696
0.05642621950642326
0.0017791900110175568
0.030724313586346134
0.0037472807454336553
0.019988931299196443
0.052985926462290764
0.003640815623794992
0.001497744680906753
0.2033655284105238
0.06713190014556171
0.08516770916805332
0.0043981065705807395
0.883632500912854
0.03286241013417111
0.031191557402207575
0.3121772817029572
0.9936643241334521
0.02899407695359789
0.018743823120364222
0.006751171057652798
0.022167847518831725
0.07012920111308846
0.019323151480327695
0.026867448115579153
0.10213830549520371
0.3940005010602149
0.003577438792704202
0.010174921331344036
0.055470838677194406
0.009275336317391372
0.07315852458051106
0.027313416690388843
0.0006057024431193881
0.9439585552759147
0.017733455892525046
0.04794622786693187
0.002075137298907978
0.019888554878773494
0.01218081770160317
0.39274822428296285
0.881385174260474
0.11106795916933243
0.05599224514903907
0.1310940596670009
0.009842988523253778
0.03932323537367217
0.06666845553211109
0.8642741385916212
0.26894997826096845
0.03503394700795342
0.059517603446427036
0.07577362321454964
0.04688443334503758
0.0033803981397892867
0.054378742650008687
0.015581372197925096
0.10149100302397604
0.009226739734567896
0.022820367146530914
0.01943914970577767
0.08913801284634464
0.007839415020177216
0.051430541349134544
0.013798719277604732
0.01615916018032575
0.009652435503828407
0.022478686227726676
0.028178100171300638
0.025486722257966138
0.06066173874984428
0.9869674728889178
0.08364976907825403
0.0401536251840138
0.034881422169659684
0.005550515587008734
0.010089692774822441
0.04440250348556957
0.1025671239631768
0.03226871687512391
0.0738325407376022
0.0026300458638799998
0.07108450819002057
0.01162865309215828
0.02253415405687911
0.0016429668737692811
0.02211470940750791
0.9858651211302808
0.038505782732292576
0.020552575864652103
0.01331908372084815
0.11035449145521362
0.00920610602289855
0.9861111969640303
0.007809364160891824
0.0052250997604003655
0.8987983563373206
0.0025203840367600387
0.020561399818855946
0.11550969440898537
0.03148458466753
0.0010492419085632206
0.02762501990146138
0.018492872044647748
0.0058892182910097015
0.11261610068490703
0.14066838601321965
0.014015737698383783
0.07142145344956308
0.12481280137255502
0.008825552822105924
0.02057403410722448
0.022080615325248906
0.03749597516501862
0.036838408391468035
0.04063868155736326
0.021299215145432183
0.9666962470124958
0.00945163280573076
0.00217277751563463
0.025263783831382183
0.09559665074792542
0.013049277372863656
0.019701607306255444
0.9841805330353163
0.03283588585671559
0.07356438041359893
0.011812263376985634
0.16177240114754815
0.11477294590343884
0.006598278606038086
0.04115089127786983
0.1130964248213007
0.11417077255133973
0.004712946206822653
0.0231505203969741
0.009059468788143687
0.01170385722344975
0.07582361690789499
0.9801017297021573
0.9497621888326387
0.0018390984132669735
0.04817408202604207
0.0223516320588164
0.165206731394729
0.07150536985222236
0.0044245955342358595
0.6651016159302955
0.05303917335630188
0.04467989190251624
0.01869177843669677
0.049866614040052736
0.009715286773098328
0.013176594257054931
0.019349505716923756
0.002163458472713847
0.0012242851749104922
0.036497600975675414
0.02641634138240806
0.014187598143550036
0.10997019365681845
0.06390186328478298
0.023817575525906978
0.0598953258963452
0.004384933816238688
0.0022489473784145808
0.3450593335917888
0.0025437954911021977
0.4007198529215494
0.03935195842304307
0.9777981346346732
0.06568320452293105
0.05544607332974235
0.39297994052764074
0.05218242776424785
0.009053714425804365
0.004124692523467236
0.017739163528981212
0.9779861136700796
0.0065565926906064375
0.08626331609970321
0.02301774673237474
0.017108313768018628
0.0101410773717132
0.01665706846863178
0.010440626242325678
0.20748371817644493
0.08841089125759533
0.008879011679891097
0.06702255177107735
0.02907669184641058
0.061206835945530676
0.2631812963006558
0.025406898921865373
0.010980861393214929
0.06390833124074465
0.006954647746336454
0.01668857323233666
0.009198864109752874
0.0020766134101748413
0.005493912431398337
0.015408679030629252
0.0014837487176590945
0.005336746410721377
0.025748401410971858
0.015777734661644584
0.01569502435242703
0.027802361732452464
0.025072935717810274
0.02980554902485599
0.02587500277055072
0.005461666630110131
0.04817633665141527
0.021754943708423253
0.02235932446198296
0.08598378296630259
0.020253805390832876
0.0344677113601909
0.02226279894383551
0.9823281614213282
0.05365484797657121
0.01957700366244449
0.009214301651130094
0.015134512521442427
0.002014855505470438
0.09360864936309828
0.04308894238883422
0.49878122007947395
0.01583815206925548
0.09291819898899001
0.020299772705375817
0.023552778622067266
0.036488804603475644
0.024774759384925227
0.05334228993055714
0.011619319421542183
0.0177357601703515
0.029245206701021986
0.022092624957854412
0.0046193423201209526
0.12186061069976963
0.10650140315273775
0.04281087001468975
0.022971547277406294
0.07227483460616436
0.001318618162813491
0.02972063110206998
0.04762992159161128
0.01037936370158942
0.037537532015688255
0.0619928126945736
0.10494061932353307
0.9902812784649199
0.050011813253408574
0.2541046620300981
0.04240512127663981
0.9779821025993886
0.9564333915234917
0.05901972606538159
0.013927580660445851
0.007721933125285036
0.043085135359574346
0.07725432110267318
0.004992053464576544
0.022840684776337678
0.06516945402584906
0.07656227997055187
0.6497420798311139
0.021180811625067374
0.12416117039972137
0.37197880577518583
0.006019294393604129
0.009177474951794228
0.0646555658356163
0.9703891895121275
0.2228620079269936
0.01052973050979371
0.001631639327875022
0.02746411828506122
0.007161951329520897
0.13394598947754896
0.02415651506561033
0.9803241083244973
0.14948842875257057
0.7766413012912775
0.01545057332433415
0.015816098044022245
0.0011922635815906446
0.020179998686171586
0.02900685969196525
0.016284372417714875
0.03991346727975077
0.013343294162837641
0.04759556845735467
0.026611889702518196
0.12392406994507792
0.0031186770960741697
0.8393684515047737
0.021576102023348944
0.0808153684598644
0.03342291178465675
0.06414549995809178
0.061190685799476514
0.010045421180890394
0.027228087876702625
0.010989198477943902
0.01867072184167821
0.7753794834842996
0.07196875709577663
0.005590452766252223
0.0019537611749957206
0.1600049790951149
0.02374986826886722
0.02347948154918782
0.03902030247506154
0.020438312217005046
0.08586737555429237
0.031059644889230235
0.0692992315043707
0.007986733952404573
0.07149748542570941
0.02581700666885129
0.05761581532883359
0.002848861779845331
0.02084194082481835
0.007449462262104057
0.007928740378403552
0.01672608680419793
0.054806479974411626
0.03177572279777336
0.00659592490914886
0.032026901744722856
0.028304458875422604
0.03205220734824155
0.01919437955638356
0.08315104455387125
0.21223792424158752
0.9828186122519386
0.04276973920332472
0.01582124772674652
0.9212315951412962
0.008137610795243734
0.045636474792424164
0.013540516965538705
0.003150382088005374
0.023430046430144087
0.9794950182490654
0.16932846130448206
0.03777518274103537
0.00790305964309717
0.018142069325206032
0.9396679931216281
0.0020635835080194775
0.005653429710602918
0.014365284118432724
0.07280088755711223
0.0036601616686339727
0.06899262315827796
0.07120750514298126
0.025099165849593704
0.019725767868366814
0.9690112728417554
0.9303523148817431
0.039217797389720546
0.015188151402179667
0.008288304978569472
0.006802831054761151
0.15339023189487233
0.040016080298210424
0.0065735320908237
0.06922457662296634
0.981794372339691
0.0027598635141885004
0.01362714863826141
0.11892574870983476
0.013113779686122921
0.00449168119617158
0.129375559559718
0.10775014849801505
0.03283589624622283
0.5742613246011721
0.0202778747597487
0.007525127110079238
0.16641930452805015
0.9834922808129714
0.006199985854369621
0.0131949283654599
0.017819373919278517
0.04191854582928716
0.10593882929356407
0.9684243220446345
0.0032153532470708653
0.06201555426614371
0.01864636397008924
0.30021770511316287
0.04599163301494983
0.012452449658488655
0.03539181673927252
0.014274711335597162
0.022735424499001535
0.1348365277076688
0.06993110327750862
0.022492558381895768
0.022997828780644703
0.007210074354350173
0.033656806960228255
0.017449545109012532
0.05402116671279383
0.39758276009231425
0.02068005699273377
0.03045983612718851
0.004910613430103126
0.05149400863893251
0.01374714930445221
0.9815278820883293
0.9886472350237291
0.029112888042557128
0.008711964910152553
0.05519717393000136
0.0013094788801717983
0.024893743362892146
0.015295017762224644
0.013899033250537809
0.0247603035434897
0.0047412663209516455
0.03361000275785563
0.018714347487352883
0.9743387739129551
0.002183808739405701
0.005277428732474033
0.010505526220772136
0.00776681029732817
0.014999690808243512
0.004440399216160638
0.004468692558997012
0.014895094581558181
0.024227372430441613
0.019556460121526443
0.0010916042004010386
0.010788224129341445
0.0019372285438544027
0.01580278990638419
0.1535374510348222
0.20303224710399054
0.023971200507283456
0.006551100333405205
0.03060245585012509
0.013817521458764607
0.008358487656236422
0.9651179946116367
0.012509377327154675
0.9964606737934297
0.02362143079678752
0.9672273779386014
0.10092284533364679
0.06747266817230332
0.005387546227942929
0.5434320393751584
0.01978013220424933
0.026840152845538128
0.03855787069339768
0.012595247572900132
0.024152958128878146
0.03463943660047723
0.019216029441244432
0.02884677129857478
0.0381133905455243
0.03294324415349355
0.018299357662203506
0.020702544434116444
0.008464641270544247
0.05358727715393167
0.02912486362994678
0.05964708238570096
0.012233896468377194
0.010922608656248802
0.05259854128824425
0.6391539754292637
0.9653369523568435
0.2422232277089644
0.0011672179264640352
0.010950776490282145
0.18935223517219285
0.026444352673324928
0.9687982505582754
0.04852090397059377
0.02971076772650671
0.03645586287879492
0.05223798905887158
0.017109008293670656
0.0389551645764421
0.02797756541553326
0.05175215355634418
0.7717550475547601
0.12559607249353602
0.06371094017756541
0.0047278068728452355
0.08501623081293083
0.22258896996179636
0.01868300760372758
0.0015711093658510684
0.1874167539121533
0.004060704190665998
0.024134637687290107
0.049726094079413224
0.028601930875112078
0.9718578514257422
0.10370691327786345
0.9304158017315414
0.1094669225785559
0.024172538827440866
0.005048190668720336
0.1616318868132577
0.0019184793628334153
0.11971966126741099
0.027610963578551247
0.01302011829082422
0.18566936015467564
0.036608663955032185
0.028064714854579287
0.0021325830632515272
0.0671712196991181
0.02095991964268274
0.04459068622863369
0.016949743104911822
0.03705758277120312
0.13142274842541715
0.003951026813534528
0.018567339729695705
0.9916243269710422
0.029977002936353105
0.06841600071617368
0.9245339943713434
0.07916849929361472
0.9744922471068432
0.03455172583990685
0.023506324711252427
0.9439094888163998
0.21189462102905882
0.90883924299692
0.09276794507750594
0.00679817553767522
0.010955041732125389
0.25651712142948513
0.025296127909104058
0.007647454372498085
0.028227882796876592
0.9638226578768571
0.01710697535799595
0.0019742626072431456
0.03308544753517652
0.002799450771683947
0.0043338401372426515
0.05291739883978809
0.0181536923057193
0.21015881789421692
0.001825131451965184
0.038120513572650616
0.030412529461772867
0.03813276649261406
0.01861249048043621
0.19488778567937978
0.06765803198804461
0.02192611655350108
0.9114434781281804
0.0064115623181987755
0.023375145474576985
0.0010910138853473033
0.0168748855159929
0.035814030992478645
0.057556721617153125
0.0068165617147745924
0.019030562589902135
0.022409066251565975
0.028658939989358735
0.005075297641477326
0.9137680829876274
0.011660473038384493
0.020981841028173333
0.015114463466257477
0.0061878610616780206
0.4356711666334511
0.08139736098830636
0.009489729900896813
0.028864859063553888
0.027296174167754247
0.046727991543305
0.04673537033557663
0.05846071652910325
0.9140326233162798
0.05248208195756008
0.01986980291031246
0.19809732627798726
0.16527009273975907
0.03713875061176135
0.9641035720693082
0.04930188922789237
0.11642964731382975
0.05420563244989531
0.01351459859791296
0.007033544350681607
0.019853990144066174
0.804960028520737
0.055180093240228725
0.20395006073737904
0.019005761945931367
0.02277338849303289
0.1415587867903283
0.02221379044605061
0.016924646977789826
0.22134321203085128
0.034206076093314594
0.0255838341517848
0.03642014486466245
0.003436331650173327
0.018929075085796845
0.9764415770984096
0.02006822881788036
0.0019740796122885125
0.01301604691020037
0.9718788753550822
0.00819035752592576
0.03372550460188638
0.040257245269812364
0.004648151741148526
0.010554324965635044
0.015593889083484982
0.015395918694084697
0.010619160283885064
0.029915724807789774
0.10645908862474535
0.9927788043710594
0.010041657220816156
0.014430013907278045
0.005939539574608573
0.006024526807957382
0.05158952450551456
0.04219729456708533
0.025458527115073983
0.1562169711582003
0.08857749502727504
0.015166505167366761
0.9845251963322088
0.02698183067154666
0.007310218220977542
0.02505958426299897
0.020548316294608487
0.01624600061896326
0.11403368950886227
0.013174693033336644
0.033852836550237346
0.9649011084100182
0.4322367566015371
0.015169620939833595
0.06410006695462292
0.013213476595412294
0.003934089171144629
0.14698755824925228
0.0271122068904037
0.0021604557927709317
0.08364821414587074
0.9715129027598022
0.9723279946181959
0.042884360172420526
0.058214320318688714
0.04043409939250813
0.9115107226520565
0.029692244993977542
0.2571350710735086
0.02236237352339962
0.007895421416368426
0.007525912676711708
0.005413941939294123
0.021912550778722797
0.023684697362128335
0.021637819920486953
0.009474503596253807
0.020348192487841026
0.019595649503023442
0.09624399121866017
0.05430475657008876
0.05465542389728917
0.19980751425767895
0.04113623533851973
0.1396795178065499
0.03063477655729888
0.04793824252817839
0.0037929184248710435
0.007802809351926598
0.033643999107007834
0.02929111107234171
0.0045508637430547345
0.011489699636718238
0.1313977479778957
0.059924723972176616
0.041898066254923635
0.009698650976080699
0.021516693384006223
0.10003766821423465
0.016941569565632728
0.05174344539366815
0.006689395366020612
0.04163079893114619
0.01073044017564546
0.00645258705693971
0.010053857490828887
0.013562540469136453
0.03616591262116245
0.02299817759894504
0.0014278827504566223
0.00785075794020158
0.048717132072746645
0.010961752328914168
0.0076139546088537045
0.00297738417244688
0.09838709877705613
0.023471322811557078
0.021189381466127418
0.06335030936802737
0.051579012401300806
0.02017274125959489
0.024896048440586436
0.08222391284210061
0.05790515649549704
0.01725859051201475
0.03188623440316128
0.05638078746266789
0.02612778273473658
0.1284820080728739
0.11061423839369583
0.006855250742166766
0.014844021333766078
0.03133204896086532
0.0186213538603752
0.8790651970845699
0.2739908983529167
0.006713040060836051
0.046460332244371405
0.05032370620941285
0.015115940335140361
0.07345627630725723
0.9870063302260625
0.043314263370178414
0.016143361377524465
0.02638433193484386
0.01298132495202265
0.008382117739261424
0.026467574989045697
0.017157363772630514
0.9770417462670821
0.09165883218093296
0.9873867360251375
0.034833363445039824
0.013613938565366024
0.12268897293744295
0.0034874972074544533
0.01615150305271575
0.03900393225247371
0.009976248120572996
0.010912138183241667
0.04850293458506792
0.7853920418780516
0.02647685822324572
0.047935490344388085
0.07897412947206366
0.002586022099470174
0.9047848108419256
0.012107184481976448
0.18419135846944987
0.03769679287791404
0.039817742362570345
0.008820496490013485
0.04833260103837204
0.24582970919000177
0.01845261915106338
0.032646994190482774
0.011946220137886363
0.03909696317907686
0.0016329190797870386
0.04908759004959757
0.021719124406773344
0.9728444240441747
0.00744417282721089
0.03852859426199933
0.03189347159304598
0.0068552108389221085
0.08371610722444996
0.5607453398549106
0.1321148141077599
0.04088842465172346
0.9546590611965786
0.9876976427027224
0.45981292497625054
0.10661434631867829
0.00897635538965312
0.011554215209201116
0.01399701530616618
0.023974157948634254
0.09272551567333304
0.017675960520082332
0.034414391785433804
0.011244506151644566
0.8551461590255452
0.0130220046591931
0.15765096073879725
0.9621116704851538
0.9532077295763132
0.07751415585940843
0.0022092269487321695
0.9433380697596809
0.9871443841172538
0.004905512774526824
0.03677614509578381
0.003138949363446301
0.014915883114843726
0.9722662381988927
0.008545574501124644
0.049962183832798546
0.001668902315009119
0.010669307439231484
0.05310556467632214
0.010144642998617153
0.052797431377684306
0.2535948129403884
0.012900732786654913
0.010610281478313081
0.12032096542253223
0.16204085917551211
0.23030542422058223
0.013282472652624515
0.04683028329586816
0.03518049048730948
0.0020240872287804073
0.01943367120234383
0.08839168979409828
0.0191241379966016
0.03786335278584679
0.01820820236836563
0.03725529491730051
0.013696237021118388
0.013487490213715422
0.9594111879347034
0.005920422651264079
0.013412356679308563
0.0014661553006307564
0.005184843656111127
0.011013934048380452
0.02766078622193207
0.016248944933611068
0.1392203940384961
0.08524754427339251
0.9852455616326821
0.03194172461318948
0.032826109121958616
0.0055218938226494025
0.020849832088448348
0.017670836074612478
0.03597063677859172
0.03666616227762358
0.008465438920378864
0.0014917441725952596
0.02989519844175372
0.0015320991033524031
0.0384151462566435
0.041085874197693065
0.03273824045903193
0.009173493601744484
0.0017611908550378493
0.025207905608279287
0.0009860871115641788
0.01773885195131727
0.0302740478184898
0.7917450546159939
0.004988812347082846
0.016491613445100622
0.001672701474403939
0.19081311351904892
0.01655108716168654
0.09456696659893238
0.08363281663588173
0.003540252867580705
0.052765500779972836
0.8827815785598139
0.03590059520722045
0.028343395842508678
0.029718996404165348
0.007018056936889151
0.05611933462848127
0.025185510405629035
0.8949800598597417
0.002805800259353192
0.9394515452601563
0.07742732151725594
0.004951798056115025
0.024079173778443357
0.03444917712086573
0.06567476514204768
0.001015467322063311
0.07674341260746767
0.8181342702618446
0.9915379570196362
0.032545703939416894
0.08998794969353435
0.29227352114104566
0.9772708711251308
0.8901458195875545
0.05334905384928859
0.059504613339196946
0.0031083586395931583
0.23863530568587898
0.03546921142109517
0.04234753113896916
0.026843295531977226
0.2748894712024647
0.043015739205460514
0.08845469156005203
0.014231660108456034
0.09190547546172907
0.14475462427689692
0.5215124040144316
0.11615579255571806
0.02059955687984944
0.00988874429478316
0.0074127942151246675
0.027485731955190107
0.12104130257178997
0.9275078674822146
0.1357906976854686
0.9847372598803638
0.06141578848009825
0.016191534771479804
0.03521029879591757
0.02652474372751607
0.007000158653016406
0.9739819354754804
0.009734257594551016
0.03675911234495292
0.04597910537343962
0.945262428401453
0.06327661698833463
0.9488971501330112
0.9469712288578909
0.07686654363632256
0.04743301016643968
0.019831812053744288
0.9658843953963794
0.0019076828830349932
0.040321363437114226
0.007735592836252809
0.9534950085628968
0.0029258047707875733
0.26314504077590367
0.04306659664798132
0.013530236036780748
0.02089660512828467
0.9726577415598955
0.010120942219797204
0.23603782964870354
0.1420091000511752
0.9123880473411128
0.004034083294570423
0.20551401803978925
0.026682682939789253
0.014750375167084833
0.0076848053733481565
0.0019361398063836592
0.02537642941528573
0.004413886817726589
0.06562183444066043
0.01289014371690507
0.9770110299610844
0.9830964973182016
0.09213865541424908
0.04496981009772277
0.0169767549068298
0.03227634217869216
0.2752150066389628
0.02578877615243157
0.009952074141727678
0.02329086518632471
0.16946358578890092
0.018842822959264687
0.26063625290470155
0.38813577555946793
0.014578448477531503
0.024303286014244977
0.9679510462563672
0.010383367636285189
0.023957229251052963
0.11634655056062354
0.04402318253774452
0.06934606382981028
0.10570292807269309
0.01020322880724507
0.9814054926593452
0.008203042656413766
0.002597020784092655
0.022315006471428964
0.033420938985957556
0.1984548186662125
0.07044904335267994
0.16933460647822154
0.03602224869378033
0.010691283329661856
0.02787978209951715
0.9559447838929588
0.9928257036020198
0.024411619221655925
0.971006850633441
0.3573162830828188
0.0024017715427005273
0.010553168698329002
0.5063818833063991
0.02400640713801583
0.03262407151675423
0.8044441108207334
0.4539139915973776
0.08157856213836776
0.010603262671969945
0.019212663521667738
0.034994061396705356
0.21068434630432575
0.16224991175417736
0.018638907249428682
0.0522228856872511
0.938429764606762
0.0023838563073540946
0.013074998115312802
0.005033472581297154
0.017110416063489974
0.008649097181131743
0.019988455028965277
0.013717151717249009
0.0070586258399213085
0.08700612715900397
0.006811109999064292
0.006897789684906935
0.06682950647509264
0.02560822750092464
0.005189080296203437
0.8929766841396051
0.37642533688570506
0.006011494243035222
0.015703000690286514
0.9795996454948106
0.014816114377921736
0.9814019074702771
0.053545507366116143
0.07309519642764946
0.0860537310067059
0.018261842756630065
0.014828248279573589
0.11770409447476785
0.035806038408959115
0.09429471622592514
0.9646483576123607
0.14046253786783144
0.003259070141897253
0.026256422844306643
0.014331611392955168
0.03310419364571976
0.9468637312153789
0.16217544320607577
0.008069902979516297
0.04797813851025384
0.02329906760231156
0.03623029883843792
0.05639413607735421
0.02714371027192899
0.9532251090074423
0.9650017596033906
0.019559329089573512
0.018568515352879966
0.040946670999025936
0.08729146214892713
0.002718133580736804
0.9879277132074763
0.9490576960203659
0.10788802445810328
0.9808966703134575
0.008802444817224864
0.14126992713313044
0.014695389300647519
0.02460782922915608
0.024821928924214882
0.14119951657054902
0.026371543152733837
0.04379209711686058
0.004166307812257159
0.10633191377426195
0.9514865066749065
0.017562296841137606
0.09337998486136753
0.02055025107022569
0.06507039375651882
0.00707783772778604
0.006898585953659366
0.009586995669549058
0.06106211008974804
0.03642930133534818
0.02676004544027994
0.007203315434188619
0.007525437780984076
0.995833135607261
0.027893941483049817
0.051744086254180977
0.013876933683915647
0.03104306735999864
0.01025709831368688
0.004387949198719413
0.018488659869917705
0.1300262060742582
0.13061312698940533
0.014364589506560272
0.0022708242646656586
0.007104481649366986
0.07964408729908827
0.016454922713542253
0.01227815489387412
0.014380954189547256
0.9674451369474063
0.13346308728728082
0.0017807759212604272
0.12562215972749874
0.028058862734240096
0.003466479938596034
0.0462166583762929
0.022733164405965664
0.030450535768520446
0.011914375530287728
0.0021107691345371815
0.042949571832256665
0.004454025359647904
0.18064346884603832
0.011838083653811686
0.023667584368253558
0.021420480900163956
0.1404735287005002
0.07410572789676934
0.9012702638067449
0.016125951995881696
0.0022940398370245012
0.2612253538942526
0.01082936352167778
0.02404785744216147
0.023271485122344043
0.9693365350337161
0.015658003079565073
0.04989966733830251
0.12424079196218236
0.02198454352287869
0.030114435142516983
0.05804531529077734
0.0487542443937615
0.05276742324026013
0.9394023170790567
0.006824999198430478
0.011065185236440072
0.017754719197063888
0.15047470065183666
0.023444964892646858
0.023709260502738784
0.035146687779717134
0.03489491509309553
0.0021346091302024213
0.22427408796449436
0.9607967677957245
0.005499740594250568
0.8846414607572858
0.9598607403851093
0.007667581097939928
0.026389110204879204
0.03915723518390029
0.012300315086230282
0.04213024160439009
0.009646174332546864
0.026992750382698022
0.006539633372976306
0.10408599024979436
0.31982588109847093
0.04770609906692579
0.04941079340268583
0.0013761882109255424
0.05175132536610863
0.0014643488400898157
0.3251086629427421
0.010399021055151263
0.003252748184827598
0.006751121569717718
0.005998632032270282
0.7885800233431043
0.10259070328070394
0.05068432133416994
0.020800652411803348
0.02178891347898707
0.01572172166269204
0.9748293552384588
0.01350458209929785
0.013445684625043565
0.16306985237314145
0.45229767725970316
0.018276148857907962
0.04767030360938777
0.03600122601988246
0.8707423142084842
0.0019094472178361823
0.10460395739973793
0.07878885007714358
0.012112063171877128
0.025245672688192868
0.006922820492382619
0.04778731619133698
0.014332908103105576
0.8839573082552711
0.007719987815905901
0.937672210815107
0.006804180566679605
0.03567666348642343
0.07432775488574357
0.0987722973718286
0.8536597879617439
0.06698216638808752
0.13340949981046907
0.03614575373117198
0.061073180924312964
0.02724968190667456
0.020380206009060237
0.02289516556379541
0.010987793749550738
0.03340559548724939
0.0009451953306662782
0.017545910629381874
0.020627529475830624
0.010651666902046462
0.016821410048521782
0.019930724301027807
0.218952720023002
0.2747198560044066
0.02500358780286495
0.9047084199110831
0.10827848743648784
0.03397045543347688
0.01010416117695004
0.012578356238378293
0.033273788511113574
0.02515685620113059
0.0036821845217171073
0.9504271492861989
0.021295147238924977
0.02901950564066709
0.0033133563965681433
0.031735019742808894
0.028719370321991917
0.028117023655119863
0.07966128382193867
0.015913225339148265
0.031943590687587606
0.9663545189571516
0.02540907096071007
0.007639521555718077
0.010162627074841075
0.006075699396576347
0.019716818215557975
0.03668661329172855
0.033124098124750374
0.014762926750437014
0.026080344057250526
0.18992248103651063
0.01538633002680764
0.006201731372548921
0.0350109082327657
0.004937549708440327
0.00256238624978147
0.019692185665398536
0.2726601296173248
0.07939307946947406
0.009013919157310025
0.0651747433379034
0.06751902316238063
0.014412057207577949
0.15519210787882554
0.00399218637729346
0.007990732681583337
0.050406981548272375
0.10072162986696351
0.9780160900402632
0.04108185680118332
0.02194628374842679
0.02505344808927936
0.014482671925006805
0.007087457373250685
0.0012992885494857653
0.009692522458502816
0.010926218542384127
0.9580213614204408
0.0029269498962119288
0.01914390414925778
0.05076559395694183
0.1060203345625379
0.9473761027011371
0.06748941196968122
0.02666321534348904
0.03567520246083713
0.04645411228123268
0.14820224333226348
0.997345527046484
0.24485681968342674
0.01666857187029035
0.9744291844867048
0.19356123532964611
0.08731848042845619
0.008059980321201945
0.030463682860868473
0.986155535748737
0.975188610519487
0.04021664170962938
0.0926645924221863
0.01574481253400429
0.006150575267295835
0.007873327119590044
0.030166423647116716
0.11245937702378507
0.9571052162213377
0.05806071772381561
0.016550916305563955
0.03316685002833144
0.016707470423667437
0.008640219540313807
0.09680674980597341
0.026064985984095186
0.001052278305251088
0.016267438762351476
0.0033215535436500803
0.05319441522047762
0.0050877886439779805
0.002473635662821079
0.06425692388677634
0.023227014643406534
0.13318323259352088
0.024397649993172198
0.0354038546574037
0.40987917891642406
0.005339219833388591
0.013244120122328734
0.01660621404936275
0.011248253811456999
0.09699984140461428
0.056740974120792834
0.006906937909893602
0.07731060388617114
0.01628993294377367
0.007961783350196068
0.014691719631465244
0.10994127103459093
0.019172639192448444
0.2736697558316674
0.10426603258982349
0.04906006183313741
0.9716348775069292
0.02559027788444341
0.012562458824615005
0.02688556435593487
0.9517939594424656
0.020765176021453353
0.9391732722362564
0.019425132891947246
0.002617252388473623
0.02334526702369336
0.9729959149416637
0.03568653284093169
0.008413214311741881
0.05997037191820208
0.009778790986474068
0.029749977077304098
0.10743568408020349
0.011520130467548066
0.005572684496955738
0.29819699154308277
0.0027550619076325326
0.02979725612837197
0.023313794818487065
0.02721198368027912
0.9190336582849211
0.1515996382962598
0.012142363088291535
0.02770900594343494
0.007423701385650073
0.00293360439117756
0.030665469915393345
0.07021234853872704
0.08271940272638677
0.026595409554656516
0.0707585999671611
0.9219799063129043
0.002443110631903503
0.03864735535211855
0.22840200432896635
0.07214307118617064
0.02768116067935989
0.047536928213583636
0.9623989777065498
0.05261069690639421
0.03093448481592563
0.9834896118190499
0.9858711337864141
0.03028267029590371
0.025737449372433194
0.25788096583297454
0.008238117989215508
0.06877882598270652
0.017067691010599167
0.022164950394197823
0.004629794380913336
0.0009053751660496342
0.009099050948079616
0.025552112877443595
0.05999975211633041
0.003904731947404628
0.0016734589507117108
0.004264683738769112
0.035065330365397405
0.005262484558143889
0.08220237780391071
0.276316195586077
0.012089223139288624
0.12491955784801526
0.01286556701183371
0.061934777404856776
0.006409518604559831
0.0022538059934159413
0.012671405719659405
0.02472144591274532
0.0019311810257681753
0.04162551842667592
0.11030017978726123
0.006477071808697271
0.750076295862228
0.9871949488185541
0.03638389015101797
0.8212406299441977
0.9160293700095771
0.005310608116709826
0.04953501114761964
0.06098341224379222
0.058995016927531
0.036953451043839514
0.031173697182148855
0.02206137394002388
0.09080304209907519
0.1214625927230147
0.009801290083226352
0.9606721083072484
0.9663924860419528
0.03414691587877538
0.04576664999818219
0.012322453415425913
0.08829771334746524
0.9543054914911785
0.028624818155061318
0.04629327998670654
0.008849693682044966
0.28523772282065907
0.02565750005377034
0.020843986110835416
0.01648643672753641
0.023282767508337802
0.031242192201227682
0.178746910944818
0.08577754854802105
0.11708039141717885
0.021075700839191584
0.02183504956089939
0.0392800830305422
0.9700376547502929
0.650517487700251
0.009542619940708038
0.1502965700140539
0.2693443118075572
0.17628820669568562
0.016395144278781856
0.13965186279154318
0.04101456044514784
0.01236491104309649
0.016334613758869316
0.019978051212582934
0.011921548265812485
0.043599629319605364
0.09415240491365316
0.024874847944126935
0.33957626494273924
0.009066860066997345
0.031567073074299144
0.002551195845364727
0.035589208304469384
0.009606089132085629
0.059253991352506835
0.9619599916620288
0.9839238035649174
0.02691960835056779
0.020852795880251705
0.9604206071587036
0.026936089175268862
0.022084315015116294
0.017874844421191527
0.031033449689397672
0.015146124006488702
0.9811107222806154
0.16658564887403451
0.07404343490121716
0.010331324998197515
0.00691046927765064
0.16370969041296143
0.15472338492553775
0.004391353632258328
0.9848584224156112
0.019054155216284223
0.06783778720474413
0.07684366562997214
0.03808691958670508
0.015789874469742348
0.024661302671146655
0.09970667546755177
0.034332997059777264
0.04882914666520617
0.09323257926678429
0.017210656537612286
0.05572080372723456
0.029724040733398904
0.1360812639966505
0.010982013126473018
0.19878092511942386
0.02472320476364304
0.004128636929286826
0.002378376851412336
0.005006968476926763
0.0072110515112169815
0.03646220832284742
0.0544871794136758
0.01018175341346734
0.043358546259094737
0.020126050087976848
0.002655962448297909
0.06104361275496768
0.002216905576542379
0.0768306751269582
0.07639533665009395
0.8161106860046532
0.011293507104542343
0.017805545766641437
0.21478215802900863
0.038579930868301616
0.009501944467675348
0.048667218107581026
0.028572574783059013
0.20249045861120665
0.9788748189248981
0.02917411065033402
0.0030865027588921675
0.009633037340384933
0.14486067991515886
0.026754085576778365
0.07312571554466242
0.44106285008812285
0.11936137824031065
0.043043714264331415
0.0203671496117307
0.9772607082107638
0.9756991079026515
0.010751829646642622
0.019303834363696124
0.08130683125581864
0.0881835523893115
0.018127166049598367
0.05120820709706982
0.010593910547732642
0.08191948336042676
0.09015930197029276
0.3858011806504597
0.012550009921701376
0.03573162942789415
0.026883112892139384
0.05090691507875944
0.3531330893089266
0.01199798153779642
0.02392782728741332
0.025633689603482515
0.6474183762632888
0.005961535367060609
0.044302759823409275
0.04264728216254872
0.03890207601630051
0.012985155205737451
0.4574824427572537
0.036581595832362514
0.09670205635921197
0.0174958776626739
0.9852960786269123
0.036819067389629694
0.00608003666819921
0.001177789996904756
0.057653734197061136
0.02654280382145954
0.02369405771642261
0.004278633919858631
0.016389783962370504
0.07428926015100872
0.07173609952264985
0.1622751802370898
0.08241408764677376
0.026752587449651033
0.28926127102488813
0.025892676370386183
0.0014755030690220268
0.0038680428711548977
0.06758366606048025
0.044597086632827576
0.1170924238161633
0.9614729147784227
0.0020933980131290337
0.8994026429802889
0.015155921874673656
0.02457836369509264
0.02836093949548491
0.011149611945588238
0.3124800543553806
0.9662799141034759
0.009405874663685776
0.006825702009326642
0.02704395651127141
0.044639493358451805
0.03730286624548913
0.007810476983142909
0.027109623796825383
0.047600893091800475
0.006760994152597985
0.007435414029135785
0.1885251647207173
0.2120430592523592
0.11583579793467966
0.6933499868159682
0.005860738040795507
0.001573258500065485
0.07104546997871651
0.07619521453133032
0.006625367985698813
0.051627552114317334
0.027609521575876057
0.002190749474447467
0.10252215210034321
0.9688352879511907
0.03721726361382755
0.07209157654027917
0.10502427637952283
0.026298673688731927
0.945819649209711
0.03316673079217035
0.0066532077015944175
0.2027748384762003
0.012679678595744948
0.3753447369818495
0.017624081249285477
0.01807156045148908
0.028325393467804674
0.03409615606312552
0.10316556145910213
0.08360949109113791
0.03212791469643786
0.10580519535342757
0.08768578955621145
0.005138000884129908
0.060225058353461695
0.9532965412319013
0.008052366998492554
0.02633128020991974
0.3945577738883258
0.0390868673868231
0.028823411534593116
0.037426498710498024
0.9611324192087156
0.021304023923486768
0.20654473115695116
0.01757970078165298
0.001322018457905178
0.015737443773917156
0.07539644861464562
0.03785686577316379
0.03153099193906218
0.003207370174896383
0.0421040138082422
0.09761929156463087
0.07770186843764834
0.16171480716606626
0.013121177228806088
0.00883726583768801
0.026133753142689474
0.028140156763020317
0.014026236381330335
0.1070974163331362
0.012229979555553359
0.026675264604694143
0.003481459212320297
0.03554596810748154
0.041450823315926096
0.07520080145728684
0.008414933983712338
0.2736473655199362
0.005775599529109973
0.016363252705927606
0.012580674589518084
0.015917163079120018
0.1031165686773895
0.010142752222043947
0.18893677422413752
0.974145152415375
0.03031510682815812
0.1617933284564469
0.8914763006848965
0.10986179306170904
0.05493935216467399
0.09038508510594075
0.0774791960294063
0.027222501610592503
0.006580614887258868
0.010030987616270299
0.0023258446638770446
0.04147655040873515
0.0016495248892697107
0.02874895312570364
0.016171294411233692
0.01774149222158843
0.0019020653399011186
0.034828008173257576
0.004604031999833866
0.041288632020903736
0.028942713557520656
0.004166984682112295
0.01908166132278757
0.030865975695335456
0.2560499618316471
0.01841057428101818
0.014485186633533232
0.005991820148808197
0.9791424138983723
0.28895847113493434
0.004146381746343733
0.038749914168555215
0.06887623613449863
0.017305683331574558
0.005618444132938536
0.06286825022408175
0.24706940219550833
0.03161037758457634
0.053880890962260564
0.047085967924838566
0.01673638604864748
0.15074237739612192
0.09133211779845309
0.06276622680822201
0.5717516951532648
0.1228367857378468
0.002267981290729226
0.2653635479297473
0.06752684829439226
0.013478984718138302
0.022253098711460476
0.9292331097454996
0.05998432224117902
0.09435038428250037
0.0054197260619913866
0.012131259658340235
0.02308599147272969
0.00788251908587148
0.012107664889603968
0.0077531981406126545
0.9849561079067835
0.09266756634298216
0.09772228443652836
0.9862747035760862
0.040706264601832916
0.2996631645199214
0.9694162476300531
0.03314829824558705
0.28407288636809297
0.8340954653816145
0.006692547032469207
0.11157561731566384
0.003417730733862928
0.05775656979865386
0.002171131519776701
0.139426989729737
0.9550318851646822
0.009488084771481286
0.04219690715053488
0.02756293114555328
0.042469829862599784
0.035435861756701915
0.9543271353859502
0.05984355197818155
0.017224766437989203
0.0016816049396922747
0.042922126714629305
0.20651547048343835
0.008168224745654954
0.035325135843202224
0.14519950250285227
0.9660005238373974
0.003006682304813655
0.16562062534432756
0.100966054005813
0.09278542953447665
0.009541103649535787
0.016087151964262178
0.010165899611206827
0.8450284564037974
0.0018167845111412215
0.011052827953755423
0.02417521383096515
0.9553302323577386
0.0074985906031906835
0.00877862018020902
0.9658460519813226
0.016662455291387813
0.9802173870640252
0.02227051098030547
0.0023768205710068433
0.9043053875077082
0.9280652466536143
0.08913885165170914
0.007819450596275321
0.01897991706703692
0.0027803625402162946
0.06795289376014899
0.6838787967840573
0.32644664662680956
0.0010956736320549094
0.04012254217901372
0.1442923786956362
0.031226579441859068
0.06645430428405044
0.04650238939032414
0.01651343845809199
0.05696355942608803
0.14977572772225173
0.02122910449079872
0.0024491396358256173
0.035578424524202706
0.009806956328324413
0.990258299039323
0.007498550750545287
0.09840352800312249
0.0015571668355420915
0.9519825114342113
0.007428829019788919
0.02623736933549843
0.008780170789998853
0.013363957132738679
0.01720356724857516
0.007037909864138434
0.0025568766258511405
0.012462123690188742
0.01033563561386959
0.7477932395914478
0.02879372276197797
0.04409006160711634
0.005668941512385586
0.005487135573678011
0.025968306577480758
0.005885213657601182
0.9707198752580484
0.02713443623812695
0.018819736581232364
0.042323135449656
0.03461557822264784
0.002522778716622183
0.23872517949534558
0.006645900783263538
0.007041620710121702
0.9266647238681759
0.028696356390834492
0.017811017209890794
0.10973402997302956
0.00862161692912451
0.0029814135109604975
0.019186847800364136
0.014515758670935953
0.013528411790561926
0.014997609124183825
0.0051721353149247525
0.00920975694703474
0.06407954096201637
0.050749988370178994
0.9469057053086573
0.00415042577937353
0.013136301824163496
0.010698239354299664
0.0017373595918795412
0.0813117272592065
0.04116088789240431
0.9808883005751137
0.0021292343316853682
0.12404342101671974
0.18892406941106488
0.11833458683211621
0.022873007404400052
0.11482805328720042
0.0022589604555055503
0.017811785882234827
0.003437418787627479
0.028634302853868417
0.9865850174093168
0.021067791778508035
0.00934751445031466
0.9766098248727085
0.013677863568613714
0.05892107698343742
0.0053176931123579
0.02704349138249525
0.046313351775141835
0.07584082433293728
0.11318590918365301
0.0018670498093546315
0.8932599109234379
0.2017816202808837
0.07759588501189904
0.009922405997316617
0.009466507725828055
0.10211645776957634
0.011733767869674465
0.010941187544588435
0.10706261865190281
0.005391855419351222
0.015376554785942374
0.011172329236357432
0.007245327551232802
0.022452244832670634
0.05221757106139569
0.014130181407003149
0.09420292996030034
0.16465392716535868
0.029629061481458573
0.01780659172678996
0.04277714738177473
0.009192695189780371
0.0691878792144778
0.05944297593381062
0.11823570232987443
0.006118100567825683
0.23244787858900803
0.0026961200223124837
0.004076469159564534
0.010009710511945519
0.049993451283533004
0.9225341791835107
0.009122762340603427
0.031690516859185176
0.04974442672690233
0.11465358869438524
0.026750503339674152
0.018769185418553585
0.0070586258399213085
0.0011869243396033448
0.001230623707258575
0.021625971438137194
0.0197253779208894
0.3172734479570232
0.0015622146348453062
0.03939556186901747
0.4163879384176018
0.21946603655279118
0.023123339281531832
0.0038079824071959863
0.8812453148914947
0.01605336151745648
0.9772866912873327
0.01540229704185157
0.027363015268585505
0.02558439833653808
0.04157211069219461
0.02579451362163313
0.028007230806306294
0.013163279925462188
0.07357725289565652
0.027506838513875666
0.016713953464986605
0.007156297390971845
0.13939254128999978
0.9808324442609756
0.2172914415251916
0.2605850073244389
0.15162543240721016
0.02418408168523979
0.015382421393927332
0.0599081645393988
0.016445300611471998
0.015094768598456527
0.026690734222969886
0.09701933852633504
0.012357500280242692
0.4420005896139366
0.02590933027696745
0.017989686436188153
0.027402708479846986
0.00313234939381729
0.16147812573425743
0.00097394929757687
0.004530326285587054
0.015452150918587907
0.052644550587049754
0.03470657153270419
0.01056794746692588
0.014520084776286486
0.05721931109491994
0.011013697585567332
0.1131408870289915
0.1029673920097198
0.029263994016570725
0.012514888221637172
0.1195713588658837
0.0037859914744678975
0.1483485582290238
0.04005223755587297
0.007900780601160793
0.015553267774103954
0.05059171477318975
0.9758436331414002
0.024538773259247578
0.007064286323806354
0.008145917361397708
0.02301095110556705
0.04199474119038569
0.004087264323115137
0.010034059432477743
0.0009980344182456155
0.05766078823464458
0.03452488374875916
0.03044225784536817
0.15215859827855546
0.015994494357870117
0.19438136692177269
0.008780523770725215
0.9520249350602509
0.017208971472966322
0.0037684408832030724
0.255842501675459
0.020017779952117433
0.005972875303512639
0.04599527725232439
0.08254565705480034
0.9894577887563124
0.03355781414983931
0.9625952537214006
0.0022216536108239995
0.0017962954070890227
0.027696902463527247
0.12170725859637822
0.029326307557496115
0.1609176410485133
0.09678215534725355
0.05432983596145637
0.06650086788917571
0.04287811772415987
0.0035242577746628498
0.00864265765481352
0.016077034374416942
0.04273779401782763
0.0017538321642711638
0.0019217698187159668
0.1052414709211512
0.2153569533000083
0.15505382248837749
0.0036811814448587253
0.22945961748903007
0.02627005117791428
0.9463537937032277
0.008057501425739674
0.009018601433976123
0.015955887873062548
0.03929334837033426
0.03182630125348025
0.9235890894527501
0.06434705287483644
0.010031761240375338
0.9888012300562856
0.07891364294527711
0.011296804487189751
0.005083718557086066
0.9109490514047438
0.0128349341735882
0.036154848167528245
0.023648016059122746
0.23711151122252386
0.2016103137866315
0.05073314127073677
0.02338792414189518
0.00716918505785176
0.01439514762171518
0.9715549400720481
0.11393988204973664
0.05760343212836298
0.9893331032856715
0.012900195089172872
0.04925577591062397
0.037079614181962255
0.04086424091938753
0.035361975507877924
0.11028297173952167
0.007533010576873988
0.033359471467520815
0.9046293058851813
0.025909052151780528
0.06935189626070504
0.025946071190300502
0.06962425423173958
0.021520577695575686
0.029012834375715457
0.017632871271426574
0.016692276379284155
0.8804479754230626
0.0332958222108965
0.01003612630824138
0.01612927224993425
0.024641284195156817
0.021448358010027434
0.3535614699460631
0.0025364473183025547
0.011531848094946525
0.9599083077463675
0.01017245796237675
0.07704240744506999
0.008733203679432934
0.01590244421452148
0.0019076723454938252
0.00882189056849921
0.02937965963604506
0.007313985242536202
0.00542751532315711
0.07870751956366474
0.005773082685340082
0.057378253205108656
0.06409618595563989
0.022300954844243142
0.0815501139656013
0.016013863410483487
0.030558145597544512
0.00311211579555024
0.009047476210029127
0.9123781699690598
0.9528222235546824
0.9171017067618754
0.061296529917662455
0.003859633339898044
0.9496922434979777
0.019609977974327085
0.028038124028266706
0.9835055327730869
0.009745073542217776
0.025296277936549382
0.025642049231891416
0.05621071334960602
0.11582226481654194
0.04009052136831265
0.02727650991389486
0.022221237483812488
0.03959478450624621
0.0023579316307295057
0.1495079015019189
0.0061308018792964845
0.012720300511807238
0.021910016922632877
0.9235833664329933
0.004926570787277245
0.039227238864045694
0.035526524549643515
0.9864560698425148
0.011956851041209856
0.010447097378694066
0.01710579195517802
0.1366119340116021
0.011723515506936408
0.018368346712920383
0.03620732914115171
0.1847115268687325
0.008251912864382947
0.03800382487957135
0.00981736137753994
0.9611453205284506
0.9852316206116275
0.030824296946589502
0.01681896046859311
0.35132043311203126
0.056488655345042244
0.08922353572351166
0.05756289498303776
0.01619198130146102
0.04629616696048146
0.00377076304535038
0.6513673913919195
0.08807209269009882
0.04547905623588803
0.017969023293862133
0.04589842947953575
0.4938810803431028
0.007169777309241629
0.00670776281616449
0.9769482153540185
0.9628413250811882
0.004247435312762965
0.21875500248850607
0.07559869048876976
0.013484262179138128
0.03917346647868606
0.016610726398720695
0.021877815848892878
0.06532845533529019
0.008676949614285605
0.33366588511085304
0.013777831055747269
0.023502790354902464
0.22960167175984353
0.13752581762403207
0.045643148716289834
0.0073084229181976665
0.2993884854791651
0.1340146300317048
0.9399913584085041
0.9744917161818837
0.018640437462483637
0.004991573506909567
0.024997834943151054
0.011573867349425506
0.11781288402558522
0.04955816199406348
0.0015072341229651195
0.014018009255532463
0.0015959986096717085
0.009713739523682286
0.012231033575528079
0.11205382094744874
0.009417320527662006
0.00449262358999935
0.006725393852888065
0.05623443457388699
0.008694997529188283
0.024267406113789657
0.01886396801200086
0.034469462398825035
0.012268113022405304
0.014053021840610925
0.0010368371366242246
0.04197353484178848
0.007110502999244054
0.030665104757934766
0.05137763486755761
0.03100898850892475
0.0036309492583224976
0.2653163384792437
0.11485569066033449
0.04068747212730353
0.007392054696952848
0.15796236099250227
0.018684122887342603
0.04165562402701827
0.08129391769909361
0.014577464583333538
0.034345208005189934
0.018700820405520183
0.037885084293233846
0.020163262931658592
0.9129365415750473
0.9726943391220308
0.08585860257469141
0.04931768890692063
0.003799723011833117
0.879251668976709
0.003024015475687284
0.9401803051053683
0.9736067780901116
0.03573808999959985
0.9658857852587125
0.030072027944072956
0.08551341285175375
0.9938529498439519
0.05179519301257882
0.008619628154351095
0.02266271766865713
0.03765985426519548
0.03050376906968786
0.03927422585456294
0.01467055855566425
0.004828452709082377
0.04705738558807796
0.9625104663533418
0.024179562989534647
0.9813251633371843
0.010632603033417953
0.03176354104398043
0.11508529912589648
0.012474445764652778
0.01594904182878787
0.07447813088747579
0.023164273133238912
0.035416501973679064
0.007957515733681485
0.022205324208189756
0.0033960977863689863
0.9867837214393258
0.9809030219298617
0.07396166775475589
0.010621863229718049
0.03277280531070266
0.040133279853059645
0.0018972805223217645
0.02911290067150943
0.021916112280964822
0.02239460986615136
0.09744394417724915
0.039272965960488675
0.0023672648346661517
0.00997631004064008
0.01469863383830466
0.06587947728584785
0.05388190903403556
0.03362081652080237
0.03763121048812775
0.01010344401011953
0.007760255145588608
0.025220972793015366
0.0045159952928977305
0.011812272326208925
0.016368981794038198
0.024754954857253302
0.03013767896870164
0.006668348463861979
0.9712943167324068
0.03294216894584432
0.14256900620581972
0.031887709486030105
0.017046991444057837
0.012935100299761266
0.8391010017980005
0.9715640416858532
0.03303072790402515
0.027880089803887457
0.0033140291044889913
0.0559342167716069
0.00955357510353506
0.043476162902779024
0.01765245592266575
0.024023367713747214
0.003059178093235081
0.007774177093721987
0.08291366556117034
0.04899011054138878
0.003614389918177816
0.9833804137766756
0.043670318588589954
0.040415711557054215
0.1382065698222496
0.2839487114766274
0.011764478604637852
0.017441266774800995
0.015665691263246306
0.034623712972132216
0.03724965518489744
0.002965646146262754
0.011143545182988853
0.005612290885002252
0.00814532598767695
0.016091379164724754
0.03359293499445823
0.4162646679225662
0.9744807993597874
0.07715886834641132
0.023152286270100974
0.0014690272306393819
0.004540082708196802
0.07825813219973031
0.07111878476520689
0.9347000814040629
0.09464019794509511
0.7977553982316006
0.014056636765997062
0.15567872113949263
0.018502167094088265
0.08318036173267916
0.041586535133877896
0.02418730285674743
0.9569784074583173
0.009955105219625539
0.020453893360031995
0.015351152989140825
0.08659926339669095
0.01614932379829402
0.028334751473073957
0.08967264057243633
0.04763465673140434
0.926076283784939
0.02937876130064405
0.016709049128571934
0.005314844757191983
0.2927298116870462
0.05322663987923873
0.027881180208411505
0.011784848052129364
0.027407978003171563
0.031128950195187875
0.02546850183220151
0.058552905941913994
0.015887330965059936
0.9601324660710507
0.02469295253090453
0.05243074206453752
0.020621256378427762
0.018546483067403856
0.17672054741350177
0.3118339598529574
0.007245717196963536
0.03444966496472437
0.015925020466623536
0.0012366407361294864
0.0056464892993259574
0.04498088839479292
0.09737550946659584
0.03414292507777446
0.0018267739238278242
0.9651853934461911
0.9453186836024353
0.06839887041321832
0.08245282408848585
0.8084350667009548
0.39639634693495646
0.07766881211913586
0.013818505250350738
0.0015454007016461665
0.012899539919550734
0.0032566168418799884
0.046180862587125886
0.03623457034205621
0.01227460585459382
0.015318295366677049
0.9803119133733917
0.00492010449260068
0.004897493140232381
0.9496040540821226
0.25174289927504684
0.10439339685642032
0.08489208740601832
0.04949802380461623
0.038227681474243096
0.9642383519997777
0.006734488051705991
0.006956405191152462
0.013927288363029975
0.04669997183641279
0.14952440396947453
0.9863799590879009
0.026458129397991886
0.11696523441163088
0.015435887786984926
0.0017167201764881012
0.036612245279816304
0.007744275432801594
0.03545678380875245
0.009976661023608977
0.48328250764114383
0.014795875379134467
0.02821396682363595
0.9674781018932869
0.01875420301941263
0.0610246844559433
0.007568768201394187
0.007851594774700264
0.039850126617258966
0.0014193251761175126
0.03466673792281421
0.343073507285341
0.08169561029005241
0.043163728262461544
0.9681715717933415
0.935894456536738
0.01041820739646328
0.07856136868171575
0.042779339251259166
0.05143181945393775
0.14723988651416
0.022067928057186326
0.008147248111126385
0.027596538274969055
0.03681133122500952
0.03452360838637389
0.0014798774762140943
0.014288272962478478
0.9777554380347925
0.002261670169720273
0.0770042866184799
0.9502199638422872
0.01493221439000447
0.10062710322098375
0.9894087981218306
0.06525883865036429
0.011348219998610621
0.35723150491427574
0.1440207231803714
0.008860018700177134
0.07524862049842714
0.9953846034917445
0.0016264709726725754
0.04306708103266159
0.04565358654717457
0.014207073934496212
0.015019325511870255
0.8627364064681826
0.018123623638873557
0.019013195184891363
0.005076752872240749
0.06947079695617998
0.03484878614411961
0.022847225838067246
0.5353633878129502
0.9548676722559307
0.024589480220082907
0.03446454134011562
0.07031162439595424
0.21549338872198984
0.8670586152770045
0.05778847868423248
0.03480349080703734
0.013321260547315757
0.9754167969957116
0.1052380875489592
0.028528730508743393
0.009989661864014907
0.00647557228349489
0.03639388667852585
0.006575049935567081
0.007321303037072825
0.03996358780981674
0.010466328494392994
0.001530680245816223
0.01800571940867004
0.06188171357947999
0.02509065656692785
0.22599570522006593
0.9551103298234734
0.0050193464691048
0.9861375888896664
0.018178254205269403
0.022702583956873548
0.05728276809889948
0.011131732091737585
0.09239441173644396
0.09321211049473946
0.031351591833988106
0.8896948903105817
0.034722296361115165
0.9892994247472703
0.002706860587787935
0.01826349481795743
0.0703320032345618
0.10639075038914446
0.01120798510796586
0.012752982357823168
0.2632723853459143
0.13470071808920972
0.059401130692499575
0.08936524606939819
0.9799709050791426
0.01230319329572223
0.9165090329571006
0.004127021621522172
0.06822585659790455
0.4456555087212824
0.11647879930730934
0.03193552623235813
0.0024116894031468964
0.033397287407123506
0.00909119563285042
0.9944228260881437
0.018205755662513007
0.056646986623188074
0.005359632592775849
0.968939737889391
0.01861687029332525
0.047512696304960154
0.0029767325350859206
0.010842571023541954
0.03634272233254828
0.01405706198177249
0.007885668768245608
0.9159329459504117
0.0033038749577532452
0.018166302860763366
0.027610144407845157
0.018060835500899174
0.09300873242472446
0.005385816057424753
0.021380054433315566
0.0040522061180659685
0.06319868827837057
0.011758183880663223
0.9597287416817788
0.04074152677190499
0.007077398491426365
0.9555620040104778
0.16391256551140648
0.006100265319162002
0.005100573244541926
0.005864393822484356
0.015913753786789275
0.004802733166019594
0.038760100548485034
0.024673787281624768
0.016962218312241557
0.012845107912330326
0.019390922034897114
0.007300124929046288
0.06977338606766713
0.01579528669295366
0.9239292212937269
0.01360632256174818
0.012520238550350947
0.022907395805448753
0.024804777353437776
0.00202204099437778
0.01977946868989427
0.027749541868757385
0.06836923052825473
0.008057485761374019
0.06379072298349137
0.04740613775543814
0.11412134397868645
0.015281631636315865
0.05504733819604532
0.0040321532286120496
0.006623782335867391
0.009650165419913505
0.061080603768043515
0.9328627055097047
0.03471604682674306
0.005375223866324867
0.21985534501116014
0.09419788114588654
0.035228637549002746
0.023216730667116645
0.037761306481390144
0.0013228570338481302
0.09196051108475051
0.0013035488486812614
0.013229074253106985
0.006418834717445287
0.006873197767616544
0.02658748195210517
0.084893745792323
0.05928157911888932
0.058292640974672585
0.004459089117550556
0.09636434264276975
0.0387713335765923
0.08470369297763002
0.03956100986292182
0.03205878342355439
0.34390233352028904
0.02618835233594198
0.013178006098405567
0.013608503066180756
0.000680933841965305
0.018138954584598226
0.013813707244939086
0.02307018858861124
0.9741064443038296
0.028178001519247035
0.11306244156518226
0.0045984367353636615
0.9698249724339754
0.00506162847642604
0.04130557116727521
0.13898654257001472
0.001114498511555255
0.03296025203058424
0.13134332353203895
0.0706403129379683
0.03675123244789191
0.2569428179841539
0.029140380085968698
0.041865184134296594
0.8343424704533883
0.985082051053421
0.016321467100186973
0.007426283592205584
0.00800533063290328
0.024265063708293493
0.4194905592631726
0.9692202344364222
0.0017661682094522754
0.03979424941692329
0.017028554367123718
0.03515453907510127
0.0671516209158542
0.046671157208814075
0.010554282217462371
0.0053981798397608315
0.06556806828626123
0.08689143687864542
0.01277770058761457
0.03168018329287498
0.9832672694642361
0.011571352324243615
0.07603977461006035
0.03334381039967334
0.009157651351405
0.98845809644102
0.06696334663944457
0.11673880600705194
0.002192084208366925
0.2604896735982346
0.05323803807845817
0.0845545612896079
0.0240360103973751
0.0013698268750344759
0.12771497430487466
0.007613799196057479
0.03696870372188639
0.9643697654159307
0.013276118427632232
0.03440640556522712
0.9480591305167574
0.10728693671757038
0.45531711598532826
0.004588412293198893
0.06153413076956029
0.22596657372906762
0.16123219523138668
0.11426848972827476
0.038226889820077076
0.02478703388202211
0.0020947501111223885
0.017789119554254513
0.041375197179467436
0.0033005872397175212
0.008946199562132159
0.010215797168568498
0.021622230614322738
0.015512512957229498
0.09856505500798761
0.07868671029676216
0.017686070613375352
0.06441785811541981
0.9543362524847635
0.023156168430279882
0.06564670313901035
0.11816082873403626
0.010616261510618112
0.9834412251205165
0.020544946571965147
0.044361068202086656
0.008188411362122505
0.015868460978162142
0.023778161056455974
0.02140459968577367
0.03903906607592258
0.0014100880362880883
0.24459461154914255
0.10286316695535969
0.2233271290294002
0.9623749794823245
0.1803109950296006
0.02339023053554135
0.26792610869023553
0.06521516640160856
0.019752932219710053
0.09724686068800587
0.01632093564053715
0.008427419115031547
0.0021593134077095713
0.018193852494276054
0.14166946443060707
0.009550504060966514
0.029431047892222232
0.9712451524463398
0.015740129836620254
0.008299597318357152
0.14602892172826282
0.005828711878753562
0.005980183483049735
0.002879743214187999
0.004236165586547301
0.004524267133424221
0.020240396786439213
0.19516442591050515
0.005862347998141183
0.07333444455277854
0.08241161559439501
0.8904571127870967
0.03782984858757397
0.05169280165842156
0.012128428229581397
0.03542913946120788
0.012108766295463641
0.006159701448876812
0.01702062959984665
0.019377618849024995
0.1307446861265419
0.0642894658193171
0.00047039377698917124
0.026387566789426064
0.15944633539787756
0.005976264135359742
0.025215467791121767
0.03000119701451022
0.02042092509882542
0.016484647621102085
0.022664793111530624
0.006336306172777798
0.007164404400761375
0.008448936731144416
0.01899643968115384
0.022594198952893777
0.17498272165817177
0.040339348925080024
0.06652465744033782
0.006269333820728632
0.15275821182785407
0.013491002963784061
0.002194130306881038
0.00383789358564408
0.009251497347871411
0.016344041419135785
0.002125005998228242
0.005165661573133323
0.013647454266738773
0.019047920706887465
0.021793382227269408
0.0017681222989441123
0.06608106363780585
0.040758710583551315
0.0649444779807699
0.030463554318486557
0.010797128885019895
0.010060479605186967
0.9347847862738186
0.009092879659402723
0.02089903808938733
0.04260814537545044
0.006581226828845865
0.02184252660688813
0.006213841639485164
0.012729594254955937
0.015748891311254575
0.006954213726697121
0.01162590074664377
0.08189622702970807
0.01305524190589837
0.9696975288494338
0.5416967823069576
0.1889148850006192
0.02336115983740433
0.058322949610126885
0.005677697121594536
0.9682783555403647
0.022552237913118302
0.019747099002726164
0.08228078934342796
0.015370323009526994
0.025380926237747778
0.06274106956170425
0.9522660276981979
0.01781708785011557
0.9474573487200171
0.006499689990542609
0.02435697653922612
0.003463643462227065
0.0015152447205032883
0.019638177544687597
0.1333463736960738
0.11860047595504324
0.026923210934708383
0.9656248059161479
0.03391528437283819
0.0289445834042215
0.018207427330112578
0.028852459986590907
0.05763654943618574
0.019409862139679122
0.06631155057379713
0.008507756336834298
0.04347127592805543
0.04112210450947181
0.02442108216135745
0.9325992745722151
0.015838970657063113
0.04126094156976133
0.001384096928855515
0.01010294060694873
0.19465831201764983
0.07459785019679914
0.110697061021827
0.21732674281699163
0.1326059569053457
0.09856372894966534
0.08807756123122333
0.034179572232963196
0.02969842542376255
0.036770236146803165
0.024780451567721736
0.005988681062524462
0.18175790220702573
0.0468195474432722
0.07865697812007598
0.03243089491229205
0.032043680331454244
0.00833058634170157
0.028530500742120053
0.017272945038427977
0.0583604213860533
0.17650013196774825
0.01447584662834062
0.021683176057653075
0.11226111217868029
0.02037401836496764
0.023987488742661902
0.01559391429128531
0.009930120906969429
0.0007708067323880119
0.2563932079562748
0.01525916630840926
0.03207499032827272
0.03846719480277476
0.13718646908586804
0.02232768604577489
0.01071567254188828
0.1883326311702811
0.05823597787450162
0.9380352020727907
0.017423219768388405
0.020163421900155323
0.024423908963106915
0.08258455325186849
0.002220854779952387
0.02684171262088458
0.0016027738955255691
0.037351166359647345
0.007761321632585068
0.0160778664969804
0.01850482410066801
0.9836816238310202
0.16828225005864988
0.027471062029134394
0.301050852899417
0.012633209576078167
0.3593521609526146
0.3929177043944542
0.00546264627118459
0.005445940594583857
0.010324675734452733
0.07133179527840898
0.20808158359451803
0.008334878744557503
0.01940855893165254
0.012370949038109907
0.009865984731634723
0.08473358187848434
0.01510607222587478
0.032736977783220156
0.008974929347474413
0.013591148016038015
0.03296972551110141
0.007825888484979771
0.012869905804593157
0.032091912558801367
0.002400038570786162
0.034523093225378415
0.009453476965908817
0.006729405145435436
0.0024027242914679194
0.03397850682976367
0.03923789549709899
0.12636709315183806
0.9319501499631822
0.004684597578621167
0.010929289115769968
0.4812321919546149
0.12832439732219172
0.05300050682200575
0.09604381710634599
0.04784152737156117
0.399253802388543
0.010128834176650024
0.9028068657605983
0.3560918868398217
0.044947713950418425
0.014069609965833525
0.002879341042633789
0.34911803159152527
0.0042412087813038695
0.015528228060407791
0.011309374170628276
0.9421396522368929
0.058330348288939626
0.009151606930333895
0.056168149228153136
0.9034855114645436
0.11778020850909308
0.02726057678587919
0.06766646479162487
0.006366799852775553
0.04135085103672675
0.013500948559304435
0.05111898627684227
0.023556304101287433
0.24799627328658735
0.03284739648017441
0.957332383174593
0.005747377313021053
0.008488026094952963
0.00636911501949321
0.05475439884858067
0.043857869116647345
0.004408580211072928
0.03728317605386877
0.09043042523722114
0.01018397611179004
0.018378562146907404
0.0173907156343347
0.007743539018706949
0.033675426938816796
0.018058391307838123
0.09539558103221295
0.016349156956407988
0.014032246717038031
0.06212943542910524
0.05838240021288988
0.013202015323302391
0.001346616189653655
0.010735452288437098
0.009141890943700073
0.05099708686716657
0.01206480318317865
0.022036780015298695
0.19552121496380945
0.007537973447236006
0.0017666564059741878
0.009525284132943818
0.018237035230367248
0.025120098172082304
0.48610791691541505
0.07358263743396451
0.021673063619224577
0.2152052199740187
0.016847815276399523
0.05576330522438651
0.01540036119023787
0.009319117988798396
0.006753330311980365
0.024804726464371894
0.09492490766270198
0.04562468017859594
0.011944701781008336
0.015566349828853411
0.007554951017543876
0.04597587764899608
0.0016916755355143123
0.08556778201622703
0.05934038354706256
0.08264213517704153
0.9554134347720767
0.0020155402460419218
0.04698850105557771
0.01836302550002997
0.014868829137755186
0.02241025794596072
0.9782096598549596
0.010705319494323094
0.005256789137802193
0.8995856871983975
0.006277332837614824
0.020645766141916305
0.014931043602393664
0.8667993605699899
0.013154207924586069
0.058847220954954614
0.018664794023760416
0.026766929047228837
0.07529725644247265
0.023098987291520715
0.9875395581445516
0.07543495600377488
0.004792401238262864
0.16786846385636195
0.005456101904934637
0.006989178843415134
0.21323133599782898
0.06706639538116212
0.0025017845765527434
0.04753702087068939
0.08232552659012686
0.003276569869837075
0.07534152432771078
0.04619279413218517
0.006750316444554048
0.015595837560751488
0.1368843378005061
0.029595523571611625
0.9836474311048466
0.01471870051474968
0.06417229813031324
0.07099154541968035
0.010440317180220617
0.021634550452604626
0.061952783109873816
0.0034101185735572206
0.9584742273369402
0.15176019640053837
0.9543263855136794
0.9228656615677112
0.004923914795416114
0.9768448373071894
0.01443053584486299
0.05906107171652564
0.014588518567692202
0.07055740794742343
0.010757754072909739
0.07181587582549563
0.02871219619415855
0.03358291130272614
0.011671910377344438
0.02549191614899172
0.886063115140715
0.04663111686246285
0.0019895027802316395
0.01891463695867316
0.013507427874616073
0.10178152531031949
0.9760934877818732
0.9605867658411359
0.04807800452241903
0.023973846640655428
0.012062783333605095
0.019252025070610544
0.9832338326827122
0.03686632786614685
0.0016698654027436518
0.12570802500025313
0.11854593085261583
0.019242144395827714
0.003900006111482823
0.0056920350488756264
0.0070984914350263025
0.9716272139860249
0.0017965526384529139
0.003455574519401814
0.008968701527673076
0.044438097348172015
0.004943977688226746
0.004296889694934238
0.04083169151320865
0.20352917398356593
0.01345788137251908
0.1021429204563718
0.002954145587138864
0.1331180607068728
0.009097577978410243
0.9228629901887955
0.9351934852737797
0.026396427816669517
0.0063819568747094475
0.008159828842675515
0.007526077075030455
0.036688341587273555
0.007530527511487916
0.005286183378831871
0.00509908493630485
0.05905851329131083
0.051325514880643935
0.008391383924253133
0.013134986617464444
0.9124771608735528
0.046266047061821934
0.0024672169099169776
0.18481350278672243
0.049085688566085084
0.007078248454871211
0.08055823228867907
0.032651424742029096
0.05987306157497898
0.010261973516565789
0.1202614486885645
0.02796453221615572
0.02968413163897374
0.016604273084471464
0.042411695118928824
0.03205116022302902
0.03340934492982776
0.3362663828970131
0.0474069148499083
0.2248831298836803
0.04761281797451231
0.12414628883422558
0.4556079549144858
0.0212766138385718
0.04306359617881766
0.9567288909985795
0.9553529412113221
0.020172021361451735
0.023774858055716597
0.08693153921904466
0.36805171697384853
0.04901723093701961
0.7800490532322705
0.07272178104598959
0.00877461342620703
0.027938676690302637
0.040362179101224936
0.0017699682037502235
0.09489119690283532
0.16284078610185182
0.002240642632332471
0.26785827134531415
0.22185815007518592
0.014784019188216181
0.4368783651957563
0.013938465615601102
0.021816270770447028
0.05265176465144846
0.022161372019917636
0.00996142765781304
0.06841791234426753
0.028817473109089775
0.30740717899594644
0.0018398776583943368
0.008563314926668106
0.021538147528685627
0.020056778798493175
0.8615512689698407
0.007406452300673299
0.02810572173211081
0.22965162708093498
0.020743485948174985
0.08198833597648605
0.009150031400925783
0.08076864384595138
0.054619656002129584
0.00967455583779725
0.007353697436720805
0.026894152693095308
0.8912736438130089
0.12642254589215385
0.01338543020597699
0.10869634530985783
0.9717628589321212
0.041378304047746305
0.08780512476979441
0.9620695591454811
0.08736211195497645
0.0783271039790315
0.03294650536485563
0.12184717710920517
0.01678711499766819
0.3299532018044852
0.03420834166121002
0.005796819143039954
0.02189923863813584
0.8508793906893946
0.016172136166036778
0.0872012520481763
0.09069377434284512
0.004223952743520196
0.10902442503840352
0.008177616371048836
0.08641402358222881
0.0655500560875558
0.0013899230184227357
0.2963960305923329
0.024054212408933785
0.027177740040610913
0.004636088814914782
0.024912608228382867
0.09656003156671941
0.01558281537181455
0.0021438944975114946
0.013641634672818549
0.2597454150342022
0.02196077709497197
0.03511473351590745
0.17289892578994187
0.010762396858200192
0.0016023447695754757
0.06823059797618886
0.0014042918917883537
0.05426040049823813
0.9814092654467135
0.037730529476016704
0.9589893259792804
0.041574755219668504
0.019271338864011826
0.013460100387205704
0.03605138150095191
0.0235322134062929
0.010681310999647524
0.9896140166724863
0.0495898407811329
0.03311221471026379
0.024155979059874245
0.05888640813081004
0.0015619863281253947
0.8992332477668736
0.031082302753826504
0.9224125802501161
0.02372658982019417
0.043527086711034405
0.0485487794325832
0.06451195336425924
0.03377790174226235
0.10710830309576527
0.2625316307483823
0.03443698337709983
0.013618691516178923
0.0040824313901095316
0.086862321673788
0.0650878854368158
0.9805031019860784
0.008237608570164064
0.052913235865133246
0.04295901095676211
0.012800950178846946
0.03635529277674974
0.037922836766984255
0.02006013745402552
0.01997226707317117
0.048332048054177124
0.07737146776870628
0.4286856824476521
0.019150899166412636
0.2466379520580952
0.05542561432300154
0.3484709039901778
0.0035523107139821845
0.020982764475539678
0.01781716271505964
0.019412700558147276
0.11462192583957216
0.01510864220738775
0.04090273511237638
0.0758594950861189
0.05987611560382597
0.01395974114951027
0.010190583368133653
0.08014329546656576
0.07333668316617713
0.0034634457642217335
0.02725481514000715
0.1905706092744771
0.0485718545330194
0.055869339672940235
0.0017718685080541786
0.9842673886322053
0.004656313801399147
0.9725098043982662
0.031307212932874875
0.029808489702881576
0.00250183947886859
0.20807010104226412
0.05442894805437748
0.05328657339296682
0.01599607697645959
0.06901484421581987
0.07134596418998072
0.02537324283383287
0.020897680328003806
0.006918386381738788
0.02127599226900492
0.002254229092739066
0.026282026209632988
0.007239663815249979
0.018661841066522054
0.04886878523060199
0.10553716110281267
0.07006369703112432
0.017460281441086488
0.04484772228400601
0.016296216858051656
0.9836248798751369
0.0013055636185763855
0.020863365864871593
0.0466107317264206
0.14775556470204274
0.03001457106163403
0.018179234615293378
0.013299708886761411
0.03185933294743402
0.014640006307092682
0.02501952592447114
0.38736279524062145
0.007811988689212598
0.04827460087015854
0.007213290560180165
0.0025610099760334172
0.04851170372488519
0.007690710602433125
0.020328998310505265
0.22758848202473855
0.011710806526318958
0.0027358316973841845
0.14011967122867405
0.9418449016158168
0.028434764868910813
0.04787371960395172
0.01283262794044701
0.026668118561316546
0.0031442113091246417
0.15149496871634127
0.02020113264080027
0.025892078026249078
0.0010656460453721008
0.003356052669833785
0.06315803643030095
0.056398418272848805
0.018022268597109904
0.9725780078041542
0.009319309698198754
0.012655623665415729
0.007610778021091363
0.030514698083658125
0.034209657120186227
0.02399769063776648
0.02655927321799374
0.007438499431165713
0.020070302395415903
0.003017574831118221
0.017897572806251847
0.0025086590738579786
0.021673148985364193
0.011886374457726254
0.013864659396938513
0.0010320793339956857
0.0067497174528876915
0.42118119660038367
0.0075271416185958935
0.07508836861233684
0.018188196175297246
0.0038837965823875047
0.02879466913073294
0.015505678866888794
0.9665428000708552
0.03765030220231082
0.08435312228972014
0.008716444834748602
0.0904515672799915
0.887623752878775
0.9382003949163529
0.06529532582621726
0.18277306477463817
0.0017484601632514465
0.16124162715117252
0.03875967407836455
0.0030814777403882524
0.015586980180083223
0.9408608131891756
0.012303521593354821
0.005444931411195759
0.0010749276090722764
0.4537149321158458
0.07915948421966491
0.10156016868418438
0.034743941153654735
0.00627027823775985
0.00976278850969716
0.009159341461937752
0.030727355973109376
0.019926336021722463
0.05021055196385729
0.02535782667751837
0.10879476903401497
0.0025311494601795133
0.017956010193826165
0.3436775337296236
0.03531705918569511
0.019445922692837406
0.1756780764099739
0.032948405922794625
0.02254800903418855
0.07884480260243452
0.0540593408134157
0.04527538208438013
0.006070991513483437
0.0017112685495090005
0.01374545666427015
0.9068735643150506
0.008786298988408816
0.06185928445975007
0.05693931986746561
0.023501006871990075
0.12722904328436108
0.022324893176614576
0.034613177448953494
0.013605358972936741
0.08594387950190643
0.017560720575369625
0.019131624045112424
0.00631268799593613
0.042177284854229107
0.00970824712518486
0.9826925758536994
0.01502963664276823
0.9223358177386359
0.029949731085999107
0.004339800715151474
0.9886395598680698
0.01641005110849965
0.025251910062324898
0.025758815003439423
0.8608154251712115
0.04204816964481739
0.03296958661333182
0.02150697112986539
0.006250119782287247
0.08389520768532037
0.01237031392895826
0.005837197291737007
0.04970523181944172
0.9807004512880976
0.0532648243242279
0.007668076100400623
0.16364752322091028
0.033600656231903045
0.003671387002128152
0.045981835048832034
0.0014731092981748318
0.0025946583226298886
0.002112589003288078
0.004337813114200346
0.004224621080033619
0.004976967739939356
0.006539808037010871
0.022724235787511614
0.00840968160996929
0.017747325975224507
0.026693087093681664
0.08377515518477013
0.028298080922027617
0.034471115751564765
0.016551852103511965
0.0028301138007694924
0.00714440019007069
0.14647035168080252
0.9828491951137028
0.08407051683231806
0.20826827362204461
0.017673958232580896
0.9876504682247922
0.016504420530810804
0.055341064968542936
0.005436958104646863
0.012578639271911373
0.0478104291906517
0.09068911578730568
0.24920993501159744
0.010857093182732612
0.003427211465585042
0.06140550537899184
0.02358783144205271
0.02827668710108146
0.011943408488331352
0.0052149097129700495
0.9532541481801918
0.09886476773390311
0.041599329682061474
0.15069700079546505
0.9404945419527129
0.01626923057351681
0.017460796835654123
0.015330615667334431
0.2232957907564057
0.008579151124956903
0.06726478328553602
0.2577918554194003
0.026553331563365395
0.007449860075280705
0.04154428152290192
0.006924855041043463
0.008455025226366101
0.007355826071444273
0.02390188702642888
0.010487616577989354
0.9466195996305191
0.9715074548914542
0.0056387387355311585
0.3308415567994319
0.14527586829635136
0.9908747083002825
0.011904777016687414
0.012462361829421025
0.05211805677634151
0.007256558278379458
0.025707713988999
0.001265774490186501
0.021887887432559566
0.03308257916184051
0.9833852689927634
0.04933817967275559
0.03457549044010374
0.047287287194073255
0.0030177116861741893
0.2354232748878769
0.06839682795735516
0.05677446262507283
0.05592992966280987
0.007270998383134927
0.011925030772819901
0.16339719355029625
0.019748193957991263
0.022141099770082454
0.07458511189095611
0.03297218441135824
0.9786683749111385
0.9069398296542165
0.023264258942907585
0.009566908955186144
0.045420567430580594
0.03225668920122519
0.032956694841250606
0.008551372771659724
0.05360159213844977
0.017199173470830276
0.014641337119581729
0.10098459672230586
0.13068245726253283
0.015307049115997964
0.9749836914490254
0.01064267189603733
0.043270268635122726
0.016006039781993574
0.015841496525236178
0.027453552488730788
0.014956383587364463
0.0186073052237015
0.03925857504371366
0.07755489436185173
0.06623337511513808
0.001663327394472314
0.9540663694236506
0.03875860568985021
0.02582313033390448
0.0033584693711735908
0.011297215104829858
0.3102558395504381
0.07778960825303702
0.02675509633480317
0.08551175684503945
0.2134442310131981
0.01983835527642628
0.0533585035224861
0.9188953514000372
0.16062242146338235
0.00968216617765458
0.08878422252975887
0.002111657463668324
0.01656672279418818
0.021110480321492067
0.7793332833699234
0.0426115662916498
0.06014078242848295
0.026634386796762253
0.1055782576402547
0.01262418325578781
0.07580651066741491
0.05441861216583281
0.7991552138898569
0.015208712313878534
0.057316049014394486
0.05473885291616798
0.1284406924067003
0.808353664351182
0.00821293011240568
0.022382464602553227
0.0020451377664323215
0.011485574186153232
0.29352723399275127
0.02598323578411633
0.009161433471305594
0.9152397750885948
0.01161801256474488
0.10861329871599339
0.011975374627367735
0.005523627518585445
0.03050221462627182
0.027302328391651434
0.46784516401045617
0.17449088203149896
0.34346796296115284
0.05393570004478457
0.012050808206735706
0.029523837785629625
0.0262338496987113
0.02951988786794205
0.02159979227334374
0.03068918994525748
0.022550626058057625
0.9812614707898422
0.014176621123777636
0.009259721114380268
0.9629017365560572
0.060222611217158356
0.04736570356304773
0.047030868726229656
0.04725026889408891
0.04404130334584137
0.0019586759042844273
0.014408128071861474
0.031084096937906786
0.0023978140287115226
0.020313508133498463
0.01360211789195108
0.010070148250562188
0.052569393244182416
0.008154210334025441
0.010801436740924838
0.015878725481420403
0.09358425581624506
0.027596696003491124
0.024369365113478113
0.0156328894083782
0.028016577650920207
0.0025269145581840132
0.03253170737162
0.1421176911297086
0.013967084788182937
0.0076060715559683415
0.1257360682759351
0.005926494310609019
0.05512525771947236
0.2854783382476951
0.01911296539610508
0.023695565937350133
0.042889870099120105
0.010124782283715283
0.026748345740107753
0.020734825681085717
0.18488405078257097
0.026752052585044477
0.1864634860912991
0.010375946226366615
0.012051443917162202
0.09640046469067548
0.9133543902166693
0.028597817870458068
0.015758359215057166
0.020709045591059985
0.10818059881769417
0.0015962925408458356
0.11229833216060241
0.09823148724182576
0.01921241233717598
0.37432621174895764
0.019300839689427536
0.10143488061000405
0.008861174973752734
0.02717783769309856
0.08618601740684928
0.004378927632593244
0.011389331294525698
0.24785456730981884
0.009361414509015856
0.014347348652698606
0.008262654791779149
0.04212967028384442
0.017424425853285415
0.03256919514146447
0.08979891985387319
0.003481364647303892
0.7971087700970401
0.07233724774547198
0.06529314435211962
0.00981466216360159
0.007505812297186729
0.05134912535480176
0.02058798867083044
0.017142733068434838
0.02683534811564071
0.006143166464619195
0.036240894657350274
0.003603811186210768
0.17793219073138156
0.031180342341651096
0.008168792283822187
0.18383280008290379
0.016799362711773142
0.9808515751018765
0.006461247436946908
0.14631331085893792
0.047120186690006
0.9518990121412426
0.1855468194958295
0.11433599935128111
0.005133692107487404
0.0786153169392995
0.0381727963427403
0.03464102365653778
0.986952975819073
0.04648186504903299
0.08415128650954665
0.011812272326208925
0.036109621086969815
0.07676640164031054
0.017445946769732032
0.02278621579369
0.007088009530000353
0.1410047106580267
0.9909833030708977
0.010628763706045626
0.0147720248946236
0.0020594105582485873
0.02032835133130248
0.035339760505935416
0.02141776792645483
0.19400575261352201
0.008577050547139182
0.050681925670393535
0.008581948821392606
0.019910012629002362
0.006552287760381356
0.14441929166880615
0.026524433463968818
0.025940726849775737
0.030197386046522594
0.010314090709707293
0.02102986088189595
0.030818399544385
0.08296874511614162
0.17737888271314195
0.011217980609538929
0.9724230394207256
0.016860824030887817
0.12660480343605376
0.027320220785933498
0.09906284660343898
0.02069468934604448
0.42714852416474874
0.0482333598582285
0.028421282200818843
0.015872547228491372
0.09870906132864489
0.049362088438721564
0.007940185620990269
0.019995034490833282
0.014930174088241117
0.0017869809064765833
0.023701728395202272
0.17584290304047978
0.0035748028534784795
0.004886106953839274
0.0115913948156002
0.02811138699836545
0.9679545424666606
0.007647431417121821
0.005528126865053918
0.0203232985561656
0.0531393310185264
0.005932401594000457
0.918719971696371
0.011845165548735381
0.0038916009868438677
0.9870042234484715
0.023574564732770774
0.5320094726346338
0.05088052763616064
0.022587575047085855
0.028130538635620542
0.16667091194496833
0.018206050010685246
0.9792864440586752
0.018297826881729443
0.02201281495314045
0.03637085452131795
0.038235628789529234
0.029526566483513882
0.09010294511417037
0.01491447504094901
0.01029798100191598
0.4043526760376171
0.07761056327685892
0.3454813753741362
0.014366449673727194
0.039183686531436696
0.07952107942841145
0.07467505898178649
0.003069005869553896
0.0022310348464583385
0.9746211427932014
0.021777716585374873
0.018679660189056445
0.03255776455080353
0.07204352453127165
0.9568927046175352
0.02082931214127723
0.009679525198788732
0.03307577035366772
0.09023709394309078
0.19501922365896063
0.0826617219860336
0.027076328829656136
0.013418611302485551
0.010754199462818557
0.8855171928901973
0.14630498042655452
0.01856507315375358
0.01042698890188451
0.20125411102827243
0.053856282339865065
0.016618561828479858
0.029370319224320273
0.965745612863295
0.043629717179753426
0.0052524840656660915
0.0071942722808591925
0.03429818905978118
0.010510885269894328
0.10863216263664932
0.030117875382910837
0.05770849578118089
0.9902817107801107
0.022145728441937105
0.043545554130130434
0.046252987340741264
0.004068990176372235
0.09655090674424817
0.9776954774524214
0.9108396458232356
0.02876052979732941
0.010403143591928309
0.09703275409558582
0.12074269409331066
0.0572550413042074
0.030823256117054658
0.008206432246143546
0.018400338090796067
0.0501174572937684
0.04543454333765608
0.8814698903288843
0.018011090954934583
0.017343466021833995
0.00562263090686416
0.05526367400429796
0.16792633078586314
0.016080159462992776
0.013157665243982196
0.0653790005951248
0.04440528635013667
0.012126727107246285
0.02423078349348054
0.0015355454628785698
0.010975199537795495
0.02039406127245988
0.022398183839140964
0.017399676535615242
0.04878844287958043
0.1620186180569737
0.02187835911266624
0.16721694184941213
0.45386916202663086
0.2056987308839253
0.011021172159412517
0.018429930082697697
0.02473794393113329
0.023752221718529382
0.016801497757243537
0.08790753262237447
0.0533983100922395
0.12797428537978292
0.2498659231343201
0.01551568711832747
0.16122837982331872
0.9002397491534001
0.012543080714053323
0.11411718505329863
0.042487021806904515
0.03216767557505306
0.03184734395760203
0.03033440212778479
0.9532614132019012
0.009655820860743474
0.015850566779379217
0.012970757136632361
0.9780917995919742
0.03323011990093863
0.9815412141887994
0.016943527482231786
0.9558474546282487
0.23440427165917208
0.014467366103488954
0.01193923310490383
0.007741899708494218
0.0895106059374583
0.041451637017448625
0.024249007691514696
0.12944906255164873
0.007759534092979441
0.01454505253047239
0.0636438820229536
0.05526515987465905
0.022613349294202483
0.029618527017245343
0.9569844299009265
0.021541856141188226
0.14164991902421276
0.957381979343783
0.018364703501105757
0.9534044181549464
0.9667848971436965
0.02488244917991909
0.03623660304034089
0.018975969924329737
0.0033153580470507865
0.03392640781170108
0.047637423785901634
0.06655563934250734
0.04705155138568943
0.12429700148534747
0.004279284406925906
0.23958879861514282
0.02906290209699506
0.010138368753351017
0.17944792759746203
0.30114557489484284
0.011860230331748493
0.03983724849233577
0.14695506721043847
0.014017059409280316
0.9951540991959196
0.007264381540443837
0.27974535677050777
0.031162771699169763
0.021741535690888273
0.11314538448949917
0.00629465511202967
0.03862771454990418
0.010110020454112875
0.04460149341617301
0.007608029099751475
0.03205909851974419
0.019513738388710063
0.9827360002391264
0.8981011127413728
0.045971259173135076
0.44606668708367075
0.0062242282986196785
0.03405386688198313
0.15892769246049113
0.042131348575508744
0.24551564519791955
0.030121516398307943
0.20729510089982495
0.04836720925638457
0.016217851762454317
0.005443851447317094
0.9743320297027023
0.06433578478804064
0.21274968268056324
0.003679467919123755
0.03289099616486813
0.981068129844312
0.017841112931915253
0.03785000758595255
0.12363853646375024
0.951901523219804
0.01247410459842419
0.022459117754783653
0.07176354917402236
0.01819531093760713
0.02620607346867943
0.00888964285018326
0.07670665017996367
0.09086517420609741
0.0015619078728574371
0.05654405406198097
0.017253576935004317
0.009391248815974852
0.9715049810829343
0.03138356400679293
0.03337091759462695
0.014885353315748555
0.009622655630645354
0.0035428890324166926
0.008105948750722368
0.9785178959929666
0.8999182067114508
0.0014074912476673414
0.017315261412552817
0.026920191275751577
0.03198679944489015
0.291633933307143
0.01329625182574178
0.011858040640145217
0.012592842753026683
0.03732116413929811
0.9469196840783679
0.12397029766138937
0.07220021686836199
0.009063267145076328
0.2774496050107155
0.033712546376842165
0.04290113152641191
0.15980468939427273
0.03999743536153195
0.028101568666681086
0.015184795548198331
0.8107274346885984
0.015338293505752325
0.06416429071458982
0.977196529415447
0.9957601692821492
0.025591031485864935
0.06154173406219899
0.026926431857471213
0.009034320844523623
0.012805388993683458
0.982312462573763
0.06386039445789546
0.914560412730294
0.0023435788648929453
0.002603305278566003
0.041579264073378426
0.9647445607933085
0.02145561040731545
0.9141060952832153
0.0014883314562833055
0.039082534697831434
0.004857433080234539
0.01151187048927278
0.07651392023197923
0.04768355136276056
0.0783032462180819
0.0028270947106833035
0.01477300199831886
0.01509817472148856
0.30631950574751693
0.018852907522494463
0.01437086308319765
0.4176439440534963
0.02271430949218079
0.01732019639293495
0.01638305253887997
0.017781660402949095
0.01584159205916947
0.0022047000618320065
0.032202294961849336
0.006922131102660716
0.03223293066272383
0.0013647175505924157
0.9928195973694242
0.19634553018409112
0.005008801429719596
0.9854197746445695
0.007334590142692225
0.1631943335330385
0.9830496511856762
0.01990285653288592
0.048075031839086256
0.02288601449909116
0.020091559577321498
0.031917098723487046
0.28884545809779394
0.005275527088240676
0.11118764861183657
0.026081561464331857
0.05775492619585787
0.002264892243586642
0.9709925310397258
0.008928683231145918
0.006609103820458479
0.034326206029606
0.008242799953488943
0.022863672234832783
0.991241714152987
0.015565199450645058
0.005646266239887187
0.013190070191123168
0.048665098757299616
0.01764091404901964
0.005588208628983418
0.010209834437560622
0.23375666822397312
0.004491477427979466
0.011914235947147358
0.0266426776303303
0.009965378738423744
0.9242317362934698
0.06860882453081484
0.03337644084429902
0.0063452385854626805
0.052208390699543195
0.08059591579280924
0.09833167645625632
0.13081081092926575
0.010140787337114618
0.03336743292442577
0.06305148017315437
0.018900979106186485
0.027487590299789866
0.008318964819995951
0.05517348033157349
0.970830865018116
0.014152426284341138
0.028448264993446867
0.01055151569539043
0.003037896199423648
0.049324336338463164
0.9473469734737151
0.015095503725571629
0.016706288126762656
0.991181992182233
0.026081717189962918
0.001647754886951821
0.06153573702153279
0.00570200629603313
0.03502250194102931
0.017190584289396998
0.05078908260931348
0.02447908127410673
0.005116044851242217
0.12358551881728591
0.9571902492043677
0.9825231864341761
0.9456187938601771
0.005444714435227477
0.0031540072822446993
0.23581157322173676
0.07129667030059189
0.004011188882955577
0.015411729042292887
0.00737181302038507
0.1946416270233172
0.01030921655087999
0.004077517456980501
0.00692848029253742
0.028978511155980182
0.01935027070156766
0.03713214022990708
0.006470379202510577
0.03762953668562051
0.4216871763031715
0.002565082042057001
0.028319123120676738
0.01638134527797681
0.011513093934782984
0.004083833339762989
0.10620065482802428
0.02483328652776495
0.014880119343579532
0.010721454800216784
0.023622554776681168
0.9720560246005285
0.11140593126313524
0.011757175227799453
0.08231220038291877
0.011399938338542453
0.014499000828762258
0.020629634187468653
0.9675125914258318
0.05706975372620093
0.009450392692675235
0.02914711052532095
0.02151902784073254
0.001648592908741459
0.006712811297463028
0.00455840292237731
0.03651559923924552
0.04435319278407163
0.007110195042775439
0.005464743593273354
0.9747518879162971
0.050003424588585595
0.0007851610971129906
0.9817263587229598
0.0050904160943400336
0.015589163589156858
0.030363464391214973
0.1811901763106388
0.003066063241520432
0.002795548585699707
0.004549273170140856
0.001488027187326269
0.021599378609767687
0.03486447782470059
0.013324584405407685
0.04435752538699584
0.9742872460736216
0.9755924985068326
0.060620767211466295
0.9699609533133645
0.7980041713512583
0.06894555950054221
0.00627232353950074
0.06542264971215539
0.048324498188592704
0.017767070663979576
0.9841358933366999
0.01176983109485733
0.02165919587962409
0.9381223437785399
0.02446655501965669
0.02279190049426119
0.021231846498817545
0.013409971753232023
0.012236007639792948
0.012505882834520836
0.023602096220041134
0.006608137066301361
0.0014158231552001187
0.029341343773166394
0.05185034297146877
0.1050372606407173
0.11168067093564772
0.9501289794351262
0.013806374783762919
0.020988534353874173
0.017815574581047794
0.016838722689364642
0.015538184350773655
0.0321983507640995
0.15490572174738115
0.966455233767794
0.002154756665514327
0.018734585551434778
0.13491324289553921
0.0017343929672722013
0.006894102017520948
0.06900275372946929
0.07965412079922618
0.9550034024127458
0.003138448991862072
0.0031699984923877064
0.10932920538395385
0.9588988203821545
0.008806632274448901
0.30210049698904856
0.0078077550481168885
0.002485612106373484
0.9151746292346854
0.008584946190527258
0.03650542185372488
0.010959182982110972
0.9832848097801454
0.04742099632354895
0.01647977241526582
0.17396033062548522
0.0035100832764867643
0.08084032088049607
0.0171361103781953
0.08620049431053725
0.002050611649278335
0.1547779533390992
0.0156620686925592
0.017416818865390035
0.05594294669579875
0.27847460750696634
0.41880346610481034
0.005464743593273354
0.037847329771469554
0.07266697129061946
0.16401282472739528
0.9900744183231537
0.0023543949640138216
0.9354441017959918
0.0401194990099044
0.9916118223161355
0.06884834485771738
0.0022029729858734897
0.2648726978137958
0.3641754648907005
0.027729669566649937
0.019628251084145894
0.04704142047356672
0.3700580863017365
0.048759766111637376
0.32542358716324715
0.046217837152159914
0.011488684438969228
0.08469451826738217
0.06410822423074085
0.009824430859930804
0.015130665505507124
0.2541216229397486
0.008727367048862318
0.013350948496826921
0.8765443801589916
0.8698812193074261
0.04339118971106676
0.007606356215448727
0.015773165523072136
0.012476273884613242
0.03197798703809846
0.050576370695700305
0.0068682371725425845
0.031492174144816774
0.029984654930974564
0.022379734326044988
0.79187815221786
0.003353090770446938
0.013605985864067263
0.01932468057211884
0.12498266346953656
0.04690674917051887
0.012383505781069178
0.01514039351249774
0.08026935777344107
0.03243168594811821
0.07081493261454425
0.01610496662794024
0.017181518261344023
0.032472543863968376
0.03698564447154786
0.3393738787894082
0.03028576186921254
0.026519335294757897
0.03226502264450443
0.04400591737157155
0.05902516433344783
0.010979082951653826
0.032003821307777985
0.03084072471383711
0.015221033139843191
0.019146433882784634
0.0272269461121453
0.13694686477590187
0.015351501073387378
0.0008193343766336857
0.8060534157994308
0.005139686402277019
0.9597075284807489
0.030807370356359325
0.03251685103716251
0.0493527947356912
0.04241708064091408
0.12288524641191242
0.010139620565856393
0.9410157271171137
0.019245756253143533
0.07069595887644668
0.003462631656153726
0.021925532488686686
0.02565203155799683
0.008499424957216836
0.04233521474329612
0.9170168523768283
0.014921640531522649
0.10068874954020521
0.005559311496804167
0.006060194323015293
0.02494107992201392
0.0227548048000115
0.02299280463061102
0.08977598688634107
0.03633473859448269
0.02092367085840412
0.15284825928285167
0.013632524977752025
0.008983430056748374
0.06304488534468054
0.02186497274338613
0.02458668981544451
0.9119281185128822
0.9257284446651249
0.7796904305888518
0.05474192382104509
0.038886204612766734
0.9872446312583912
0.01653261836185982
0.7023481603029121
0.0021539219871080624
0.0012145638870166872
0.017478481787510294
0.01015228065502758
0.010635055214276117
0.03341782561084771
0.019910323958252735
0.005461141318373735
0.1392298605273092
0.012891108894918428
0.015546415707570338
0.03934221804769315
0.021787204670984658
0.002083294069387471
0.17171715074334223
0.007327874725912204
0.015396204375046307
0.04583609762212558
0.016517209851839
0.018034990573908043
0.007162054309655135
0.1470606221172667
0.011213516567726201
0.026427526805527502
0.02220078373584993
0.020339944185060597
0.09962458038038355
0.14643198484453607
0.014327223190889098
0.9490598458483314
0.16692317221835884
0.006068536101702558
0.030637877983189038
0.007392848864671718
0.08575364036477354
0.01643955346331816
0.014776319791839163
0.027435177131758675
0.012920750502113783
0.020017181856309237
0.9712354133863693
0.03578918943283482
0.21768372255498428
0.05142830387035353
0.026894668696476217
0.13912477854787128
0.2308873818283546
0.0410821465422555
0.001649978406996116
0.050799684296578364
0.005628076268954982
0.06415851962481028
0.0452797411494839
0.028095900753813203
0.029178587726880853
0.9400925795533114
0.03387990766013829
0.9911020957936276
0.03504269380854156
0.0057925952047324205
0.05395737117009821
0.9800804128524123
0.9484262772964083
0.5835604268227488
0.03130723012284401
0.016272997656627326
0.002341178482339864
0.05937198827456316
0.03715454011671336
0.01774588985788896
0.012201850378471664
0.07465080281526974
0.28577768678190807
0.037260654278050434
0.07173430806508649
0.014404466721465775
0.02308100158954245
0.10012399524900872
0.08452415059966495
0.02150127247960031
0.010253304559035618
0.10547518452148226
0.01968825936856014
0.002756629528458079
0.08879178835860721
0.00622544926543893
0.002126781658961016
0.08640778634070188
0.0011248298245682003
0.08335866172398161
0.15362043637569672
0.004616540184418966
0.19940077347244167
0.05621529510599374
0.11031099804655171
0.05122387126934539
0.011515413479247807
0.0279584663889468
0.0796233434150741
0.07082304652295618
0.006005366235140336
0.006004280145000431
0.012372597070758039
0.020579435308799205
0.004261325024162622
0.2072330663746768
0.025663307643036818
0.05190534665154245
0.017019079917733264
0.9630825522765992
0.024569152983566267
0.13022833798347064
0.25228104970852144
0.00731918216644948
0.03355766682250917
0.959846136855699
0.06637819561863519
0.9759805273400968
0.11574749707785605
0.13354982679848704
0.9475087310271566
0.0025890862402646736
0.0033343248343998123
0.04734853502052072
0.09834236994911141
0.02286942701105272
0.04858144793021347
0.01070262632167102
0.9938574103996
0.008441188321021234
0.03868294895427078
0.008861898090704689
0.08851189754461572
0.00261946657720125
0.06413001323899702
0.009071892810247116
0.001968907833415614
0.038510354627638445
0.15023126922235255
0.018727630667245553
0.05713246901960289
0.7190697280600369
0.08450897205607907
0.01367265539665644
0.022230172105861437
0.028869584716226186
0.01738375448904361
0.06989638653273253
0.02411279035887495
0.03163508854071775
0.03798995028178945
0.03839937175450394
0.04932816189907105
0.03576857811298312
0.008628709997641443
0.0017839854050222654
0.004245263259525198
0.0030432901613403228
0.2779092412062716
0.3508554501955889
0.021215153322035028
0.9782374522304434
0.1460225555778741
0.044334974555247396
0.9671679316728641
0.008258307113659007
0.19221057403449532
0.060798092595470865
0.010853678325741148
0.008079067902181377
0.00543238248561186
0.024972151765566348
0.002290417305032923
0.07583250158664231
0.026087088320663532
0.012011230230471468
0.9692930413652259
0.00620627641476821
0.33606766448282077
0.022162808438186042
0.9586466623197086
0.9678293632311746
0.007432112638600953
0.11724512444871811
0.0072122181587936
0.09136492979993381
0.008454215637653946
0.026844041166176693
0.009364095945274022
0.8867627136188541
0.9587199048366293
0.026470320879635398
0.008983893296817884
0.9824387961955143
0.003349675520615775
0.04153679135180185
0.0037983463259697323
0.014082271453885128
0.015999878295948976
0.01140513090038328
0.0447963756492391
0.147317081898803
0.005490369322629792
0.0968841696373252
0.006988175536510452
0.011400158911551298
0.07781790564774242
0.021139447524260203
0.03987746104242235
0.02829980140545587
0.0185563290671056
0.031391243156575904
0.003765414901050852
0.9809947023577026
0.9517970660354181
0.013772217524754438
0.19261061116516687
0.008642503382725314
0.0860265024856447
0.032330526526412155
0.003269987734306991
0.013813256127855668
0.9968370964678269
0.9743863926317231
0.9271814599150942
0.03351293726629814
0.023136615799973354
0.008000278387099775
0.02894655241005263
0.020443435099569376
0.01627170374142638
0.061159246011327606
0.002207200686411337
0.353715480446341
0.013935621357039617
0.9767935713297243
0.01770788203890968
0.05367617832594152
0.054978463477986385
0.11735241935585272
0.0009870019867475495
0.012323079559114356
0.08770520747701982
0.9841733324230642
0.013790968856538823
0.03302386429672818
0.04591755600631044
0.05538297397196714
0.012367580609679777
0.0644626428520584
0.005686576190179874
0.015328303970399295
0.010527889315667045
0.010322753810774112
0.008860890120846992
0.10003585223031819
0.30784028978259326
0.9828261010820755
0.07897377244468866
0.028396722249449148
0.9184565380646527
0.1456303926352852
0.9185591514318074
0.01746940484700092
0.04371475462299938
0.006480770421035803
0.9736419561394887
0.030030029077210797
0.06568388032934593
0.01753106855705966
0.03394731809580624
0.0044716523748039375
0.06319507151102134
0.010020277388909803
0.23472135660695267
0.3407218605794785
0.01419440101450581
0.8120402598370082
0.022574624195917194
0.02013632501321604
0.2496387197657866
0.10307196082808556
0.04234964987663762
0.002554381509249377
0.012461690592759984
0.015713133167187532
0.07097966902778899
0.011586305481131019
0.006335288964105515
0.009737733456549224
0.02283032075249113
0.055536548604840204
0.016251967710375202
0.06239624533413888
0.029472917624870795
0.046956916665334816
0.1594047726044555
0.03022144076830276
0.9530300233619213
0.9773330804014703
0.9774400827601987
0.022748431272820197
0.013365226498449583
0.029865986909417892
0.962966757568257
0.042576880238100974
0.021140665765146567
0.975143274259218
0.10189804591243146
0.1337998076514466
0.0992912680253785
0.02973489611952228
0.010401342817121106
0.05326941611815725
0.0537058776730101
0.014713491156747346
0.0848607917737563
0.01844471172333883
0.02327754491437633
0.023565612273500958
0.02567412323710796
0.1059088189779355
0.016554724356564746
0.16323256981167553
0.9903691429125409
0.022059962274209467
0.00624815233356869
0.09280250431246974
0.007245299982271544
0.1613771438486654
0.9435858823341001
0.03511193254277144
0.00877976658978614
0.18446483221005594
0.08403809386001689
0.01499273749510226
0.02588185154006904
0.008488792729738102
0.0480516039016635
0.3991993979754755
0.025422286954305113
0.07535703333524722
0.01742159560652773
0.18171765086852185
0.017881305570629395
0.01527370101174
0.03999520534719026
0.12289625357630612
0.9786536381922134
0.9488975534726085
0.08714206264223885
0.36045612620688844
0.019842369377666952
0.9588425832531754
0.045808770088438776
0.8838495542173903
0.07778240849614859
0.035264660018339354
0.025891321515959197
0.9620309524203201
0.0045431680921631835
0.2093485302528111
0.0023107605693837
0.020564106553393743
0.8316164457222178
0.015308892338916467
0.08511733470307731
0.03232647857448441
0.01225792338203927
0.045140497611065034
0.0738348663027909
0.024575911676730088
0.006291914218405013
0.045064109544488876
0.9536283059265459
0.8647168026916974
0.02355831396306726
0.054320176250367246
0.03546335094483886
0.0006118931248106851
0.019179590867171182
0.003370866221676702
0.9862959908955752
0.00584541634596975
0.13570359694170692
0.014192883291448806
0.007931720925712248
0.022327901029250925
0.02427176204084651
0.007852533124725353
0.015489599399036052
0.002835323945333737
0.010479048243008132
0.0068958990022315965
0.15257425388397308
0.15646124272417872
0.9931618838719453
0.01370714532485913
0.03321807993497233
0.015355901946750752
0.015486915988630704
0.010236937231233773
0.00791770274062383
0.978889000898331
0.04191176764557742
0.014042720094367864
0.9388797216605693
0.8950174229386828
0.042159531958707065
0.05564899223013762
0.005667834319829326
0.0277043894115508
0.9136245374896268
0.04569014753546928
0.007303213146016801
0.012418767119840688
0.03144578692615847
0.016489755962643474
0.02094422847384451
0.04655839696054688
0.05715904665092241
0.027007872435692123
0.9706618717936603
0.005928047353170865
0.004660783516839109
0.017755279148743586
0.012310919687929148
0.13237900213799222
0.05268367186079639
0.05465175251785536
0.027839924629665724
0.03778340472403965
0.025805169998947355
0.8157579128259337
0.9473916942523408
0.0027258021779185473
0.03539209560413794
0.26597877254344243
0.20703741920613358
0.005961926868122372
0.0105845747836165
0.8643090666986539
0.04243037941509776
0.01732311128888361
0.0072079889416394255
0.014469828902318418
0.9822283111393411
0.013284272815830478
0.024470441688331592
0.0665325778486322
0.0898338494466338
0.2366697409306053
0.0356566485300336
0.0163821153569489
0.029788361273853325
0.0272170488562986
0.02185223462254091
0.40194074627528203
0.018050969998274085
0.026717949824182026
0.0028556323830457395
0.010022185969633392
0.05825886217356679
0.023723893639920203
0.014542686527924816
0.03253162860834687
0.008716177101743725
0.08450122750823522
0.042472273640923895
0.8887838639161268
0.02226211726998359
0.9834601569515307
0.010340681879310013
0.981796933170492
0.002690634761901189
0.17936091724853168
0.020387047749238024
0.0019082858506690138
0.09420621313858624
0.010896542065695904
0.050115494439964464
0.9473663128378942
0.05855884829563578
0.07740775464037042
0.13440909674400062
0.19954162053395666
0.009389870405642545
0.029067432254323615
0.015485738642631286
0.02327795872936212
0.029053954288421703
0.006327576596162195
0.10150686801537785
0.03519451521945895
0.041716570846297873
0.30983291542633123
0.9695382748383784
0.019054988221305073
0.021757220268251064
0.9924502699436999
0.017878624822467153
0.1246179532907794
0.012733630760343397
0.08120572930520797
0.0040151326408260175
0.010908946732804667
0.07885227528923452
0.02610099350937918
0.010651756686525389
0.01791581723220441
0.015153142172098216
0.03687307601593782
0.019380568471167706
0.05895163825181197
0.07090199906407957
0.17271435084593267
0.07513798630191643
0.019133868624982314
0.03154395311642874
0.009013567117270024
0.10554462404007149
0.020899089134278098
0.17694384898463197
0.05094599155762727
0.00825393523765455
0.023107239509391277
0.0092110601878114
0.014384408588925812
0.010706720570622864
0.892629613021447
0.02574967982115172
0.03985889448302697
0.003938101292584921
0.1477947174420297
0.08273377570591237
0.4634904863651411
0.5018364373756931
0.008140898869455088
0.10659038053959292
0.12219560113400212
0.013733600304957952
0.9707703246381393
0.0056206930414241015
0.0015618025242962975
0.17135363786918
0.9910668221184183
0.03581906794209775
0.022916181841261558
0.027780117625689164
0.9829600393019884
0.01367870500570842
0.026760884230862026
0.04308106708096214
0.0391387615448286
0.0015565860084032195
0.006353710283868984
0.10985882645128506
0.340271238367476
0.03147415600693717
0.23609767610410887
0.011986025118766045
0.05518536310034606
0.011635410959491527
0.01630307638642695
0.0016530625040764686
0.006032149230420013
0.027166369701866668
0.011961408620343178
0.016026516170245936
0.13283229242509279
0.018161734563854202
0.2610223675864057
0.0016001870711863538
0.732782881894377
0.9710546274557657
0.052103771976001995
0.02189515918188979
0.9685680213626697
0.05031771566657205
0.002161164990369163
0.004671981264598335
0.017922820988307882
0.007551058248230825
0.1313888540103402
0.032892235300976645
0.02037401836496764
0.013311686410860986
0.00962196452425804
0.023596522360736543
0.9025639507790834
0.04532854577817137
0.14043677442743505
0.053680045717398484
0.08435848073382814
0.056922918412552585
0.10317857735462863
0.007180132792980511
0.9867934716338876
0.034505536807721914
0.018476422251845242
0.07326833214157137
0.0077570682148059
0.03590693460194483
0.024057441888253418
0.0009671465692069796
0.020410956180153927
0.06524193151038762
0.9127594796326486
0.0383115901499601
0.006163428660523997
0.854730084299154
0.07909170099753896
0.9741903523614767
0.023472645963508097
0.04068787750271168
0.015891476583165576
0.0021861641196391675
0.016694580336237094
0.9287409435488558
0.011175538358168348
0.019380322186295394
0.005825873919599298
0.06682023646109445
0.037316277689382796
0.009952105757711223
0.13352478228228382
0.019963596052484642
0.015165317676738425
0.03500111461201461
0.037027109352866946
0.027402437681142373
0.043530664569576896
0.04686404381636776
0.07624948848565812
0.002055443806407748
0.915299401314036
0.05803867885181533
0.022416268137692815
0.0020719158888195983
0.13103384568264453
0.0182054689253226
0.01610823479997178
0.005923559310499808
0.012379847969385547
0.009581154359479671
0.029687597198065806
0.00495799333438526
0.007316806139932513
0.9133232510584846
0.004915719858325565
0.02235258226528244
0.0874780531091065
0.0894376970807522
0.013744781293216839
0.023654085682035322
0.2104760002605702
0.005362315521840217
0.03590016523449622
0.03633317159630995
0.020277886499282728
0.04272761347773598
0.975247577398383
0.042706983864946445
0.017863482593594156
0.09548128679663845
0.009946994792012024
0.018700578578153545
0.02914867002884237
0.021693496297774166
0.045191469049053974
0.0022863734581378315
0.05123566791294157
0.016046405158201462
0.9785789162042507
0.06486503406629698
0.9653648861825795
0.014786634413295238
0.9166350155342895
0.022392785774378216
0.012084991260177345
0.023271725535926997
0.01641864015835994
0.12195454141004401
0.20571954408269527
0.06554989527802002
0.021665137195239888
0.057610664834638975
0.08564800937274579
0.03673954339120669
0.08595767419601844
0.022627549728960496
0.005009371988574082
0.017840142386192092
0.03151009884940066
0.9199460227912589
0.06681705150738447
0.03671533571875635
0.047361345464645835
0.012687610850014512
0.0032409867053748128
0.05017606359711491
0.020298351844431326
0.0018208886331764465
0.007192913328770558
0.014864432606258806
0.24973812593572672
0.005410504681430684
0.18161325778922152
0.010059784299239472
0.3856703779144952
0.0021719443053226078
0.04592203698317778
0.023716102168961216
0.13744239856371404
0.018448186390533583
0.19848829293410156
0.47903762824377494
0.11182207921438855
0.09883696751838657
0.03141402305784817
0.018438949447238038
0.009184195435980815
0.007325065908855491
0.0531482401762984
0.03950241533786179
0.010432269295054123
0.9404414021209203
0.020475778207206603
0.03154495549353568
0.024553719102645744
0.016600202924328178
0.011545465647580948
0.10323223486101307
0.01058306254463259
0.007897880253851125
0.9237142451751702
0.09299275255660483
0.026214407902645762
0.03675214149416605
0.05259692729901016
0.023548417489498468
0.2553352347287303
0.9818949180611155
0.002166131659491487
0.08066775242088581
0.006744269277552537
0.02801698689096415
0.016746276044395148
0.11141261633499994
0.9804061247463922
0.07109579265697918
0.0971051914470683
0.12432535484507326
0.002253816087190061
0.027792249882047773
0.016771847778968476
0.9611127965306459
0.02890589845158817
0.2932595027382507
0.0014862811087135723
0.004618373876393774
0.010261115407769864
0.022115010043620965
0.002258196613924422
0.0030323848102565432
0.03848438857956315
0.017368057714319998
0.03374325671506588
0.011492116713541547
0.12285197015289336
0.06322788913956143
0.016441169373736395
0.01654498418114513
0.971599504128243
0.02988266815419027
0.010516456638601424
0.010067724108474929
0.012767794386372313
0.0028715480160218408
0.8818488805812202
0.3251550995727133
0.11404844635674519
0.053580389238251966
0.01763581382370443
0.005153980240524677
0.015101681311128715
0.003045805254486814
0.014616139089435615
0.0025902745649829086
0.025300201631272088
0.0993850105421149
0.025094497351608833
0.1260105306437938
0.001481960307786203
0.01956632652606319
0.01760164156231322
0.040340776703353974
0.04033519264573917
0.2129829090614116
0.8809717555683033
0.018449627047979342
0.012600359636566564
0.04867468262684745
0.06695674511185092
0.03707896347693904
0.028243519590327518
0.028843303408322675
0.015097586948808604
0.05027199192967905
0.013447325485713021
0.009457764545344336
0.1415299487236288
0.022466728955260442
0.03925053896306699
0.010247889182924217
0.007292140097538304
0.04438492457343316
0.0016527432290845342
0.004784845838135729
0.9608043606962174
0.01629116046133723
0.0017268747529681774
0.01583731742373555
0.024244359651982836
0.07233976780913054
0.08125724391761233
0.03480070284264554
0.030005223160574256
0.004660716793627165
0.021069434081028154
0.013703642635832222
0.0038814249524326233
0.004958915422444025
0.006257481811462004
0.9668252062474756
0.9791631764162242
0.060177851851090675
0.03703678408281573
0.20175326898592424
0.016248958050200428
0.12628083604951873
0.010294236937185895
0.0024242352025058904
0.018215193623940293
0.9797972923732048
0.004250978114797353
0.0264288972230463
0.00234390861465097
0.06819958673069587
0.005018419866240177
0.011301988404812006
0.3293664602249259
0.01954365098938678
0.015951317048934103
0.07529854885080965
0.9656582817422226
0.01162294069764971
0.02591771562101237
0.015196670546563854
0.00840090775060672
0.07208521222643469
0.04943379158566078
0.048980086060437834
0.025363626212496142
0.003836692704267737
0.08913658167129224
0.7576326721588773
0.009897670291611128
0.007983871333311979
0.06792668520773924
0.03700256030921957
0.017320403676842483
0.03885117365249618
0.5971228273619443
0.05139257518673778
0.0343722667834862
0.0187767477295913
0.011809214995902356
0.010507525521566507
0.010186861643248002
0.9624748402335408
0.9616826019371565
0.44282917620445694
0.07263881291088706
0.019594374526225155
0.05480709032572293
0.014713584803023639
0.0030323514398247413
0.0665001180161732
0.011618345086268834
0.015272991372349668
0.01997715367757921
0.01668903940853967
0.0045863765149640814
0.060967814206336894
0.06822102387696675
0.11362285128923343
0.013705350863828417
0.004153091374257819
0.6355441971761311
0.04908149687467654
0.009785787625231452
0.2689797509444633
0.019612630096989252
0.013772267206562744
0.3527378488449419
0.10741689936589412
0.020627841143462677
0.9530812783275654
0.10587799294655163
0.07102011598619415
0.003091419847998866
0.00620189534065233
0.01667367097752582
0.024816286310731243
0.05127212485843762
0.08518892529321628
0.013683962633793702
0.006813406327450901
0.16872587177945536
0.09160768347167349
0.013502617245344033
0.02224967880539835
0.0241039460906142
0.04424248169296875
0.001100836228180518
0.013207192197767429
0.07081588502387545
0.951577088670022
0.024833755995865837
0.9863532732253334
0.169051332521117
0.012606848466344151
0.1035551781637025
0.023383738087065974
0.004727792840572561
0.00745060548188907
0.07219590171256678
0.10890314849846806
0.02502362529915669
0.12223609801601822
0.9760887596822572
0.2842611353939302
0.08639146451565351
0.021306751790960112
0.0076116971136522505
0.017640849686141945
0.09868820980957095
0.006583237268693596
0.029255862976728133
0.0026857483993071134
0.037835924423505356
0.018694910297451548
0.021030931366857308
0.02649949870820941
0.0026417634469022948
0.03432257755877797
0.0009789296523642166
0.09438280134922841
0.08695019726933068
0.013341349978602994
0.021309265791592202
0.033767180965162305
0.022248211030148214
0.03320452154922948
0.27497154395651435
0.039771528129221675
0.021174137616215928
0.9848444219148436
0.0568927854817394
0.002530165229528695
0.007375557874389735
0.02965538965966403
0.025179519615414456
0.01756811814515805
0.056733853599700935
0.016913937114575995
0.001448201404178901
0.005745449543913839
0.09149656488469214
0.044748580121795625
0.008622331333454017
0.06698541819444813
0.03739352868984473
0.021531400441162352
0.03907097795665183
0.030673145351338745
0.0980125607858269
0.013751977773759258
0.977057006794328
0.0806981426106606
0.9458803084858656
0.0395300032386437
0.008841923594875538
0.015222300062098834
0.005654689378330784
0.017886667296642036
0.006675475784878234
0.017031237647996293
0.20494001313214585
0.16774452500606649
0.002985536723757373
0.011861271928091728
0.013326379008142668
0.12517207547566084
0.42631294472272924
0.06271737066926517
0.023428833871016744
0.0068538348527294075
0.22147794473302285
0.023226952863935238
0.030095195147607706
0.015823685517689236
0.0010150179623664563
0.02065295683146139
0.7522897845954049
0.011570935396383002
0.10659553150327848
0.9270055315011023
0.09546977057135396
0.031982829095266334
0.1476433617703485
0.057823305645636376
0.018179234615293378
0.047639182278999215
0.017098418304460627
0.06375647213928357
0.1580065885595962
0.0678574933071343
0.021518542582776107
0.11277030660230865
0.0041758295704045325
0.006253953831047632
0.038950921871466614
0.03879381682460684
0.027156657032016425
0.07308345768735779
0.4679078906288033
0.027022548005584953
0.9131348916895179
0.030534801611196375
0.017802405653677893
0.025102507898713152
0.005488139434111235
0.012830297862463374
0.008454432995337133
0.0013689190524000562
0.973105554772919
0.029647420036711475
0.023849033216151942
0.046675119133851466
0.9528625034186753
0.008633361819489826
0.007740741216495662
0.04326227394138763
0.07044615181595613
0.11393077654324606
0.9723656817043155
0.9900528125903062
0.012966168890789952
0.4666795062303553
0.013395762168563412
0.012718536769032182
0.1799423322417825
0.04710678668082737
0.00145343871376219
0.020832888926227075
0.030301745470619982
0.0057726826953050665
0.01544062549528113
0.007922238340532
0.005114793597722094
0.04062812580034542
0.9376866783554798
0.007162816211888748
0.015791009336603497
0.9404063624719255
0.8183375166697309
0.012014859438691712
0.026800025469009378
0.06934215892158925
0.840341282148022
0.0008716466918517707
0.016428225857725864
0.03779382075262193
0.9373585776972245
0.978604475936716
0.029743291324966573
0.06123702453735763
0.08198598165716461
0.06315355387225652
0.03371034266886768
0.07501601277659943
0.13167919775554002
0.04935307672940774
0.9189423221369266
0.015538563816368997
0.04140111640694975
0.020790767309853946
0.08873207771941471
0.0026255896645752527
0.041401280419146584
0.05667036900992854
0.02849361444527409
0.027022029376028878
0.022672434085313064
0.020212283773084885
0.1376923265417389
0.015138999667533988
0.2058938961793679
0.03476523943882438
0.002157261448854468
0.006039289927707647
0.11953732588020978
0.0032349745194493853
0.12672687015184908
0.05832854652532949
0.039264283958184466
0.08358325999916899
0.9822072699334242
0.08970634366816936
0.0902323120093971
0.9784720997346518
0.07924800781159236
0.006012087790367083
0.10162000477356554
0.02981089635230313
0.045302071040797504
0.03177940909997204
0.012797545686215408
0.018984800859422533
0.02265772637660953
0.0656608901031223
0.9893701711789551
0.003304690216387836
0.06813623200193418
0.010361457952549632
0.012127152389119596
0.04362087117726477
0.9709818861135773
0.0017127600775215413
0.06446144193032355
0.9410679111961175
0.016235060729882147
0.012408912764181622
0.13086655492706406
0.017582983834534757
0.017165870720350404
0.7944227714504436
0.01475668383033022
0.011707785854491221
0.013260669197178197
0.9752332666562354
0.040919071300283875
0.008200921855764643
0.006321188187487469
0.024595283222632307
0.036108242925538
0.15528310231981482
0.037204847014162545
0.20532443420103078
0.012495950002151547
0.006252185023634084
0.05876379170756108
0.010715792679030984
0.015076457277596256
0.0013750671935838638
0.059057935786295375
0.004834748841444091
0.04890523699827118
0.024769810842134893
0.9651698904007312
0.0026546684893843787
0.012194390380397676
0.01287053836633431
0.018341368674229187
0.9600690673083816
0.013592045212947566
0.013580553632704856
0.01112765585231044
0.48023155093771636
0.012209782506078138
0.031086125572613726
0.011293253610551762
0.007390217985925398
0.04413177947348573
0.025223397985482555
0.005486309522781784
0.00814241925513377
0.9747330940778595
0.049638161319264656
0.02008660632931892
0.044033146852557103
0.007774518602178416
0.0326624491614559
0.03396693299159479
0.17779265041863473
0.04143009208870158
0.026349118495468782
0.01968341204227281
0.9700407733605487
0.02302909848799689
0.0030828807391271727
0.005336169969597853
0.0011132422755994109
0.11971246216228311
0.3940192352616007
0.029532144731153644
0.003955848113011195
0.24557362157091117
0.0024186376153796964
0.9568258198501638
0.017829257990330236
0.02836489355152818
0.08294403409659218
0.12230535150491448
0.01134812950338607
0.018552372757738994
0.9843057481298282
0.048212259811703795
0.024111641874457496
0.015993311545235152
0.0023501636823325817
0.005214336371685322
0.9531570899149455
0.018065170867248057
0.022101268600406135
0.012363851601029948
0.035957620476898586
0.10122534206751166
0.06066158335233141
0.03670074718029836
0.04908965351303974
0.008354435079112762
0.01993947771067487
0.9695470642237287
0.9512018317180932
0.9507304258190303
0.03140531448227089
0.051366082794924
0.00545008130341008
0.025120691279004802
0.024489025531364967
0.011157282228698386
0.1749378118537855
0.023622554776681168
0.00978692367397335
0.380721256906513
0.03175079235267945
0.009811717243175491
0.01955558600138992
0.9597649136390103
0.01045331062017287
0.3184093275324819
0.015238845812350535
0.002673670671995501
0.006015536354632132
0.010318737446466308
0.03980973012263364
0.005895019753422252
0.002726084086290121
0.02495455341402037
0.05575612545271215
0.11290079815413104
0.00388287651400409
0.0058028616692806035
0.011007346734425506
0.01883103420928305
0.0167430219333219
0.014027387770627812
0.045062613269469504
0.0015753933404106704
0.0802759905194425
0.016754803290499456
0.09403917984657756
0.4696142666015829
0.9735046102753658
0.023031683403619458
0.030824236895516253
0.09679449904144498
0.9764439499391239
0.016267205869153124
0.02249123992764807
0.2902741621699527
0.01156449405752384
0.03160624047941412
0.009487080907555871
0.10972655872784139
0.1215768010573003
0.043984915266900425
0.001293161397453203
0.014860296039808223
0.0019647055614511973
0.0013090351259913593
0.03236999482660202
0.10424135205914531
0.04992489978273013
0.01886124280850989
0.011682497200967486
0.014933238537529593
0.15875051824433126
0.03546921142109517
0.9780266741148013
0.019341175216973257
0.01678439947702805
0.03314486081482407
0.016792990588081362
0.19605827582563884
0.058627350423186494
0.032933414084158376
0.02089677064612976
0.03240966502433417
0.0012162489731432412
0.019011300031048457
0.0673907373053668
0.0012676031925757927
0.019081884548262453
0.012544393098467967
0.0241053357189059
0.7513753959999587
0.020194919379937355
0.05910564747551576
0.9844639061587234
0.13463194811471393
0.020225725508124577
0.03525419073885997
0.09639462448690823
0.017630457949412343
0.0407850696361294
0.007080120458923492
0.0020096723320740012
0.4784965855757354
0.023143529718359333
0.9842732247592815
0.017170106456075907
0.02377294896108945
0.024093053512194887
0.033397330167353814
0.0016807577342443296
0.0055918625137570425
0.006877497298079877
0.028165380206905576
0.016961761322618122
0.029870299107937544
0.20563192050919643
0.005426945966299451
0.031557616681124535
0.03402007633097949
0.04561813520715915
0.8841741963851424
0.9785787923072964
0.03270774078173651
0.12294463722179662
0.027712061422645356
0.020484278010028348
0.33435155905230296
0.007001747189280338
0.0033402291316899733
0.07309389379787104
0.21043739080452817
0.0008343823933626069
0.025802212570872906
0.04888625705329692
0.08770632001390428
0.978132360133824
0.15607550924958333
0.021669030563156052
0.012593768030228924
0.09021651330327657
0.07459171108297147
0.025169645944213948
0.01905187536165215
0.09486123026067747
0.096224536770957
0.016855330816089243
0.06507137702529714
0.9659354800139917
0.15427322449750425
0.012576220839357449
0.03266588330714075
0.2519084065230882
0.025182227846793172
0.046716068319760544
0.019614953395877193
0.7844773306407354
0.08184496805960004
0.035955942357866234
0.007888093130753051
0.08380973146489816
0.04304953010077693
0.03062178732095582
0.005690269095756205
0.9604359325052167
0.0053965706263595795
0.01825436150949941
0.017504995770409596
0.020384870347043376
0.11802014850485004
0.13491010868369674
0.011794508912982563
0.06010111860459802
0.013153510533389636
0.1063279038304159
0.003260558552367327
0.1098922573911925
0.13095548650455668
0.004426595360741367
0.0515805367093145
0.027007317842465257
0.017306223336985622
0.0064318499428716635
0.056521503547419194
0.08807756123122333
0.03403369394160137
0.007623109540212221
0.0053482187623102705
0.02635427591351885
0.9934938417351215
0.014512132795211225
0.03480954663298214
0.1412413433520197
0.049395117332978425
0.006364124952584086
0.08894110844293023
0.03030334076620229
0.014431081257011504
0.11552399877015332
0.028729594817023377
0.043027140430107504
0.02112462035674631
0.06363066231240251
0.6359059693069316
0.018362607423437916
0.021646642072335673
0.05425504487781756
0.0027671101587241017
0.13981436561184465
0.06689137874888815
0.010405722031599519
0.12587026411356936
0.07971997287949702
0.0010461064855562553
0.004593861852251003
0.021633136320690787
0.008265722815322257
0.02644609597050614
0.015651915770833094
0.021293509227633085
0.0027401048934565754
0.020791110555475004
0.02260808831066562
0.021389059008291394
0.0676171628243634
0.9363967754645085
0.0014408187766802247
0.9810383573362582
0.9598360182708788
0.8697128752769028
0.049769919369281546
0.04646757619502703
0.15615199662086574
0.0027053363877498115
0.018249445759615165
0.9599688775365622
0.021859483312070268
0.10643923969585521
0.18867339547451872
0.06728318207250501
0.0014578761258813087
0.03919128769446256
0.020765660828717673
0.9410881219938467
0.020551657679546358
0.011366501882881169
0.002296340917528325
0.006284409974838633
0.048457261511017424
0.4618880611835767
0.017950254179602554
0.01122775387062881
0.04869448788084488
0.06138545974473825
0.14222491158896622
0.016368118488529926
0.058544251826477225
0.010816884010306446
0.9003681442694423
0.9704409368258149
0.011138433592546022
0.909078706582213
0.04574479485899201
0.10011063410024966
0.018181573004449274
0.04258301689313438
0.00883271425871171
0.11158579553909406
0.085444388708223
0.03903792257000867
0.040410523680490334
0.007565533578978143
0.02432892355674275
0.015037462820234828
0.017766232874173678
0.028862075253469722
0.1419428618490771
0.018089766723013018
0.14765830024320178
0.016362577843401026
0.012717085862743943
0.9963551345882756
0.07816911437133206
0.019776358750491593
0.021114667561798167
0.9869584408428078
0.3301002251235195
0.002492469877218213
0.054295242722911675
0.04893924380206973
0.003488614094052915
0.019688807042128293
0.13483821629284626
0.011435899153113572
0.0504299394128589
0.06690236956333628
0.010266557119673468
0.1572271671498074
0.04823817641244075
0.016169143073999963
0.07930776435602407
0.07058781083815534
0.04350281575096867
0.008934251240992388
0.09653503377552355
0.04401988698952082
0.011636622096612582
0.0013899230184227357
0.011981843861228211
0.035272807518798736
0.04571298103339681
0.010977950798655189
0.026121669050096382
0.01366660006835161
0.022681318533475683
0.024591812897146844
0.017976284487368197
0.005750145249902127
0.023254130400826127
0.008037306243137319
0.03043691592819415
0.022461762349767163
0.002346052002353578
0.0028279500369897247
0.060733323305782544
0.014448990705676597
0.378711845669128
0.03442719249533457
0.01847469984055789
0.04500197678849645
0.015811869890565267
0.9594398604507266
0.01758400098377499
0.2676092648803525
0.01730952014654032
0.027237636813503115
0.04852565836511476
0.9326749744494411
0.03068488469502219
0.08605763503724244
0.9905703938710103
0.09387841374267138
0.04159716380309146
0.16069496203739955
0.019619835989788958
0.05932399443623528
0.030308672543960337
0.04683532182355073
0.06669052067161585
0.002519076379509316
0.9714627610498399
0.009156953499579585
0.22234983264077274
0.9697463690608235
0.3034891295907148
0.916121064863598
0.26693172698087836
0.007097661428174582
0.016473758581438132
0.07804432224314777
0.8427251063202547
0.012100162068006633
0.9374036285074594
0.03515588307703593
0.058407516661562756
0.016478062562982898
0.05067836232014966
0.0027905835652515926
0.037341874528899456
0.012971546068549689
0.04906152951046353
0.00894173661802824
0.04427753951813708
0.010740154951356506
0.004589888900971487
0.07108978321930864
0.9756030756032932
0.4977484940634125
0.12925665895953314
0.2568446321303857
0.0019632810893177623
0.0015553239048155824
0.9564303458650266
0.0500315881527816
0.06615170159083146
0.011546098464462631
0.019418555880845546
0.007803728429201333
0.01059592837179031
0.0703491148071411
0.6296732891785957
0.898146368277692
0.025934004685486654
0.09801551168959871
0.11687753216392203
0.0779345590274651
0.5908285047858327
0.010481583165203567
0.019525830301412167
0.15348360220670304
0.01841529128503327
0.002332383569116875
0.0041468728374331005
0.026927114295440327
0.06942064872236771
0.005798743477531605
0.015970024846534946
0.0420891641274062
0.0050412087952108
0.9842041462349951
0.013436707315427074
0.16067623089588232
0.02436126344185271
0.9343628392381338
0.06546422318628523
0.03413085290662857
0.3089733340492011
0.02998076586030927
0.013167058956564082
0.01598980170607293
0.893356848372167
0.03166555468780897
0.03355273882300377
0.009239679594998966
0.9482773041395341
0.056272943017018406
0.011127828334703592
0.026434300766703847
0.013828751681205786
0.004446360841235068
0.0014777123817382456
0.9810975105224299
0.008218207248636032
0.029322038794918234
0.012510295385954785
0.9619777592849651
0.027433420058868282
0.006219852640268587
0.3050169230879045
0.010248521506072486
0.00858663130355201
0.05270690574386725
0.03281414551958941
0.08629833914867356
0.023768436448557122
0.016882188438057926
0.04945356216331897
0.01712797278445381
0.03010525843530133
0.0032246671252218234
0.010588860866942912
0.003201164031111179
0.0015090509519091633
0.06205716561826587
0.019039019609445807
0.006579752461652555
0.007907092374313444
0.04499493051422214
0.07669768118216691
0.027654257690616017
0.07268930287889774
0.03641331358676053
0.017335976480318885
0.0008671671818857715
0.02350121744652319
0.008226584065121756
0.040715187744445984
0.14529943045161114
0.062478403109919804
0.2432864074297275
0.06816947257050784
0.046905935268323054
0.06251010531370413
0.06165323378809899
0.07472931403727516
0.016996053640819856
0.9453549840196065
0.03314346898819518
0.015268230187077472
0.02616640635037588
0.1219164910951396
0.021339886597035607
0.008788928007139315
0.9773972414837597
0.22552353270223793
0.1637541385645595
0.9769928420774393
0.9873138404270219
0.0879580920812021
0.017757066618553273
0.0021474617323017976
0.05941828768838375
0.01205215240130995
0.031377771251420675
0.956455692043634
0.010684117529280855
0.9900748590066923
0.007207120764251971
0.06766082900260918
0.01671707956227445
0.006951891570826832
0.978958334526093
0.0260057949509634
0.09805426821193029
0.02299376568869974
0.920229687594288
0.07998678534210732
0.10153145226723044
0.030493207875200688
0.9801775055410644
0.06510436977917812
0.017148063480076293
0.009934682438362465
0.022713717343684277
0.22263797868284635
0.9851406675139559
0.010127154481867025
0.1361302372788658
0.01744848483434939
0.039940487718744026
0.02240494107540556
0.012853995743847546
0.005033384996902543
0.036923005752466556
0.08940507742730819
0.01390193043878024
0.0016633661993329316
0.006927368941438942
0.0014584712181126304
0.987150643217917
0.9269107288921904
0.15142331639075046
0.05434095336551014
0.036094274175498556
0.009700867445820691
0.2011321896105576
0.020052987441825623
0.1045482416799868
0.00867159715593783
0.024931523233293264
0.0424859206390724
0.23021071513442184
0.0886719785913082
0.9449978954196802
0.06309381702405656
0.036628649963683854
0.15805459482024806
0.20402717432188822
0.3754598515579033
0.08082783392787164
0.03457041846802431
0.011491938921874816
0.03352693364316458
0.9743867794288247
0.018823698035832465
0.00636627273000151
0.007212872395706425
0.04492824890351589
0.05653552999913204
0.027775732885453788
0.00724344729119956
0.06940776953393948
0.031083360660843988
0.008003350185258138
0.030800257411298684
0.16556414282061974
0.0651518260052742
0.5044794399602761
0.00955623907905162
0.9722374333996012
0.01347437425776167
0.2996030944078761
0.06186317120860731
0.04349008532472391
0.028614919730101652
0.003874559639556096
0.019449920393823653
0.0443906625533752
0.03630731599041132
0.0032340557122382627
0.06948430824077091
0.050054169222400156
0.08575701271456104
0.0017606353102944036
0.009954896078278617
0.0034859693049177232
0.15066613889005978
0.00765327409714554
0.019578198210840555
0.018570388930635947
0.0954647284140583
0.006719093350753541
0.014773777647136662
0.005069830772368214
0.04317329740610994
0.007718024154653623
0.15450872883055386
0.13343681875866353
0.12224607257527352
0.0966417027532392
0.030464245925268252
0.01644622326923173
0.016024751024635527
0.0014735262717188223
0.021949371338765504
0.0035495550014916426
0.011555630993818651
0.009746718328614573
0.03482532651766242
0.0697146182788258
0.0205085997702225
0.02157967420478239
0.014938578823041757
0.9184418691965774
0.041951180729944366
0.03639581362007817
0.020871727803984136
0.4406784378880644
0.0014914421711456345
0.9776664612777312
0.9361312912260714
0.004898015105000801
0.09627119172739602
0.12497652825546968
0.000858600675398046
0.002020778141272585
0.022782124598569826
0.002776593119242766
0.01881427499262553
0.08592623668814806
0.9804594983139613
0.28323566898814534
0.0016803277460520224
0.023560673409792423
0.028895490292003
0.0684769312667682
0.14918490351125735
0.003177800067722935
0.0964373962566961
0.21772306233293012
0.022013807763108406
0.013990047192904332
0.004183420475092749
0.3283501476550281
0.9492744939443701
0.044178957996955016
0.015581372197925096
0.004953755994647327
0.023079770890653627
0.038230374687845015
0.020018657364148842
0.002851343672433558
0.01706444992666747
0.011833315097191042
0.02613280679256034
0.018169441407481873
0.9865421661139696
0.011567209487018329
0.28939236560539516
0.042193068549732364
0.03220220462146326
0.013325689139939303
0.12081419356733834
0.9602839023462437
0.015626657678750273
0.9853816293084048
0.8953878671853278
0.018148657428477072
0.0375199456876068
0.02447681003603114
0.05166989534912085
0.02309932781182208
0.011373685480512433
0.9736855358447926
0.048834351712512845
0.03573794408425998
0.015174617490747624
0.9377197693290168
0.10596584478761009
0.100913333931221
0.021024916612026812
0.05395399933443268
0.014291410444111809
0.04602240366839856
0.0107265059264108
0.9470244729219569
0.03248899120516174
0.0629232473539383
0.014055679295490502
0.13473827094525917
0.02384579879133455
0.039856662048300164
0.0064506593752738355
0.011847747365556221
0.9309570689321196
0.023703531962879845
0.1631706366164401
0.011479500760442036
0.04345437515409277
0.02093136298338012
0.08760301688334869
0.016967049662374403
0.02405836478631444
0.014676392928906499
0.9385610078717355
0.03390489350373128
0.06582244552067659
0.02459156666943757
0.11080320339377675
0.10771520323645528
0.05027832914832564
0.08015456336016176
0.05208761590569119
0.011001549474712364
0.0027953122560134664
0.9919760989774413
0.022744147688242365
0.0050667378338754955
0.9842330517320838
0.03210713315562973
0.12390585185087223
0.00144939978265644
0.006709234953024515
0.01964753181727727
0.05554049202100683
0.015169353305040876
0.032821345767347555
0.013924959922036528
0.04715513466341006
0.02276542808486486
0.06281445182987218
0.9890840948558857
0.01899617551040561
0.010894120692199286
0.028256262845861583
0.002730761879853292
0.013607435720233417
0.13062853692985127
0.019522300881198825
0.015571314568460273
0.019674943249872286
0.08428501624568972
0.004313731122241502
0.00211780449064869
0.9774527648287286
0.029341673360696274
0.0964295837508516
0.08611920403798246
0.038106930615977835
0.41872549164622197
0.011724395459470072
0.9791106131029575
0.0755680706970707
0.0036627167633556733
0.9350649595157796
0.20103871730734926
0.008915909909061095
0.6563159265315606
0.04780170924320012
0.014953773449566641
0.002710059865823015
0.03658415800262192
0.09907955485724079
0.012703463078975762
0.01252208149963977
0.19251959719873088
0.05567760105355884
0.009175253221410901
0.04051614326437249
0.02905776509728132
0.0038964820545727987
0.050561831568784105
0.2974192723076478
0.010978781083610343
0.9819656278441226
0.004590459121213914
0.04947366314517569
0.20691216801994208
0.011263497186520605
0.02215567366761275
0.9765896738354192
0.056734728459710705
0.009943090627172229
0.007462631534021681
0.04766355108696319
0.09089012483843338
0.03081027758123393
0.010861858118336268
0.02281436426299136
0.008567503032018415
0.9557708515878399
0.023185263070863864
0.002404833075447707
0.030382698746464203
0.11521644276196052
0.02979413585793515
0.0032279014722386844
0.05394395655628659
0.3838101320311772
0.04786353414138637
0.009305570721270315
0.012821858182137241
0.030539591742918627
0.2528471398392911
0.03982526958488026
0.013780765476712396
0.06874501880765703
0.007041412170209514
0.04666335988485872
0.013637321751854435
0.0066757828082695675
0.03132631222534699
0.09948128065055077
0.013845914640971008
0.10206400357890963
0.006131154536158162
0.043380725832315246
0.032897724158720526
0.002706615721362211
0.174270349574827
0.0199460427998315
0.051155414253168774
0.016521591993627835
0.00475188873426154
0.021149180400079275
0.021263568244780054
0.0016288714015117891
0.9907917157117259
0.8632732983816058
0.05392924620619819
0.044650153903438766
0.004530181037042363
0.02955796000768142
0.01196533349296558
0.018963573160722388
0.9779355942946321
0.16530412958608365
0.06653642894180013
0.9589501399399948
0.007599802990888687
0.024494438066288513
0.04577349233637343
0.13498325729124436
0.006093474926723966
0.07346486791390357
0.02680459314618019
0.036506961052966067
0.007903035438184899
0.0036960177583108215
0.012555327697793373
0.006735766893051285
0.01845627013939802
0.04273819406789149
0.01801324471630138
0.19369748286510297
0.9876910207791904
0.024213224204209897
0.03742879947937346
0.20253098564449196
0.032708570214458395
0.9182382842577863
0.1363503896274406
0.05409274565638139
0.020377289050180124
0.03748469570083615
0.038926306928351334
0.023366440338680485
0.013793893051982434
0.037822587625233446
0.012006357729561486
0.0010504742540006628
0.02808658667139518
0.059689008200695
0.013829941129220178
0.001735476974608687
0.0616066444808878
0.089834383486568
0.013392789788674506
0.018703084506092177
0.002151197726260662
0.9576352529592711
0.03268841359765416
0.04442744676269803
0.9318573780553615
0.9875975176232464
0.06184401316637586
0.022911949122081752
0.09126959724109249
0.018879339774822177
0.014713168790893367
0.025728833661846463
0.009329390693934658
0.1446638457398737
0.005037609535876614
0.007825975737900732
0.014566599581135575
0.9796139920436687
0.0031197552941825885
0.013531323080913425
0.009074033834520542
0.04153867352890833
0.004518670109172711
0.2639405820340697
0.15641546363007505
0.33977591525604106
0.6912550093221945
0.12311307856123418
0.1808661883280754
0.03531878579605524
0.016535444681012652
0.11755888166162691
0.9849374695502441
0.9802222811251899
0.3111041240308021
0.008582417543163669
0.9770814301178018
0.00912658065468969
0.011151062244179902
0.024864802488346015
0.0018620724583463366
0.05252231241897374
0.019036206435469147
0.36720472539324495
0.011208379858548787
0.889585873935014
0.014331106916800028
0.014417841420922709
0.004818752658069108
0.02359489923418959
0.0427187811603197
0.017219103890825746
0.10797272326218361
0.024999025471013965
0.10660158005463415
0.033838674682858255
0.0032004065636764495
0.024238594288040385
0.007014218955614542
0.008986870235804625
0.14133953942550156
0.010256611572671496
0.971198788832289
0.02081987488881138
0.03396992310416592
0.03311528099890354
0.022003101162971536
0.002119679916133632
0.04660830494745316
0.5079036184140081
0.010885259327315287
0.9804247570218346
0.013774003315882724
0.026177985783591234
0.05653346740748978
0.0029369507182825036
0.010616677359390857
0.006633895041271377
0.018023729382240204
0.050785831835521315
0.4072880928016281
0.011059640678688589
0.015300078908782638
0.9622074669810039
0.023960818067129235
0.030198985265415142
0.08087947927528955
0.09704015990488195
0.9865761319779066
0.10225530241614007
0.03989037747822872
0.00757385029827376
0.20453991345298467
0.0597035956524437
0.0017105376951855656
0.01197028085054648
0.004776417888543453
0.852761745681012
0.01687660244788611
0.9745289977942669
0.1368315326464677
0.010413005277793139
0.07354609530496373
0.08724704000535738
0.09579824158956338
0.010231156432092109
0.3427974717386677
0.007261748273433839
0.006038501581794179
0.026604877830536073
0.22464688796513324
0.07300961777663417
0.9952512655129936
0.06181371451192513
0.011574761307354041
0.010593289929104384
0.07711287900985611
0.013042463501904477
0.47486731386878384
0.16589813157497885
0.08366040852896053
0.008459224403932063
0.07509637531671308
0.020899368579147926
0.04504438703059355
0.03287129361358497
0.009871684529947047
0.9666170042093462
0.9582663251354145
0.0069782208115871346
0.08305068258894073
0.014419817547025919
0.031260965364155444
0.01760545941363891
0.8517599279078076
0.0014843038116508064
0.9842245111910464
0.01933980697040565
0.010735886071486693
0.0070087029582505634
0.04156818213952511
0.09132871264224236
0.9889555118949924
0.4761094107730176
0.07368566283085658
0.009920748902433866
0.021710825740708994
0.4259117457969258
0.008006753823890607
0.6831832336488202
0.011681611157643351
0.9462221409507181
0.107379902611568
0.03873725635133367
0.02050241939898404
0.02178041256994603
0.03920497377404018
0.07088194624403507
0.0027441890010147314
0.0726966618533653
0.03157572757829911
0.005565941559236567
0.7196908255384936
0.09846867284740901
0.09103795611997469
0.0037289511127920885
0.01536941092760024
0.9226692132744755
0.969341700983809
0.05739047786613278
0.03219267744462902
0.002845877331939289
0.0035023039085671057
0.11524085323779619
0.03476251979164507
0.05231264285368203
0.3141860002364942
0.09845702368417114
0.02413908397636221
0.0022147383162537337
0.06103411747262828
0.041778263900617715
0.0905524746383079
0.1041114303289171
0.038089326959078094
0.004936755785900958
0.01584118386485412
0.031594930679221075
0.04759396108270432
0.9907062776120181
0.0014386356983609385
0.10766011195372663
0.12091832182772912
0.09981424664620785
0.006336158725714965
0.10897583297447498
0.07267242258207479
0.038441436474816446
0.10740848874309579
0.01229726966737505
0.028462120629607658
0.0489917193656116
0.09673860109142272
0.0937493920293627
0.0205527189511215
0.08029346288972869
0.9331849868339713
0.0007452436863683699
0.11159706310761228
0.11646197510614771
0.0413960667617161
0.8314415528608003
0.010689557451509265
0.01583359417931282
0.8822712494376942
0.0181238181270587
0.8823598824461776
0.0127062746599584
0.01174635427779319
0.0018029579663884502
0.14686692647826857
0.9737095088725924
0.9915943324880517
0.05415730168854968
0.9781635327556925
0.02716757097168542
0.01442359083270773
0.017112166518052606
0.011314951705160144
0.019547367348748203
0.01310024910619488
0.09911740763373905
0.0017758034903744126
0.02043090264449402
0.045481392484891664
0.9716541089856424
0.011178152071139282
0.0015477209623794474
0.08556649775672949
0.05836139813674749
0.005145187358394105
0.03069026490382652
0.05579334561496919
0.9785673142171452
0.032391304367982744
0.05942430660147744
0.08301791635660548
0.6317417890835505
0.08625175374795184
0.9699538442968297
0.9456666421636907
0.0016647032167652724
0.3688761293527797
0.04503542491691001
0.0032084958624755207
0.012439199169644595
0.06615981339151521
0.1461753749605199
0.01556459509143422
0.013265786022034359
0.038923046246483656
0.49127132555262426
0.03466379500026179
0.014000453774543193
0.0832918341725111
0.17298282476296106
0.8972434196878103
0.049569742785053474
0.047230623551239
0.24545393212798566
0.007924814899810227
0.9851532336663256
0.011299989590445139
0.007768245733760329
0.001632449460222425
0.01100080925036792
0.015399575212312746
0.0018454887267894038
0.014903111016119007
0.010854730039320136
0.006973683715590808
0.0044957426704804754
0.025095969468249952
0.019468932533764676
0.007116868961012999
0.04434914553969834
0.9778933352130312
0.9589277092710441
0.0009548958531830016
0.009490423438880818
0.9653495161633903
0.09386010360172016
0.004837460827052465
0.05830527165541885
0.01741482967921507
0.16828045808633593
0.9473475983323004
0.02065064569899882
0.0463163424091877
0.027339544685136618
0.10842798881088504
0.029975140350810767
0.011739134394353083
0.0038725206298906357
0.04341764949054984
0.12779195971000185
0.0023501188345526414
0.047259998378713794
0.006255282830194776
0.028943548365599245
0.9569105853970289
0.014128483668852075
0.01629508711720541
0.9847242190722676
0.9618145036226542
0.271725781882518
0.012173784133227852
0.002919411847086932
0.023814983178276704
0.9471191738670401
0.49881693750666334
0.052216687844002796
0.017206025564560225
0.0023927409224828032
0.02255338632154004
0.029603612814107488
0.018646514850120588
0.03016183937170957
0.020318470207061113
0.034595223648183675
0.03848887180384308
0.9688981183386332
0.03662335953920065
0.001694111463632618
0.0037923843687719468
0.014846979239977826
0.07201566416927084
0.006255532474815671
0.01704790333397985
0.07373964219152752
0.0046554239475915474
0.04101248404624872
0.8873612323703081
0.07162022473653824
0.08495119500497833
0.015651016755237217
0.01108636531098525
0.9728636134066544
0.02350060108740606
0.8159069173992687
0.016038687663059055
0.0016362867166956263
0.014790273124908463
0.014108993113224905
0.026462597057099434
0.04365309701681113
0.1343148948523025
0.013079278949320802
0.16714122522606994
0.0919025842430336
0.0037596956599272716
0.0177083588785821
0.030737995118650868
0.04248690006700641
0.05894617047716759
0.06353451091461712
0.9697676544938197
0.001577746130440322
0.012390139066073731
0.035326154182148864
0.08834886027253856
0.005488155530699862
0.013870176034496641
0.06820354910674445
0.008589072670646994
0.03656441907211563
0.06354257627254022
0.9890077882604322
0.05177480334005536
0.00875576147556779
0.014415786208199813
0.11672572761852792
0.03356345870793507
0.05018169364965966
0.020017338428414987
0.9104766669611607
0.28970822534823387
0.060841833683836714
0.2244339272225684
0.01714504924003802
0.047631342363139796
0.03627227129956446
0.014818343041813937
0.1180164632741537
0.9175728079189794
0.9809227941006574
0.07266465509286849
0.14585862699796873
0.006359553733068996
0.0383747225932379
0.19826942565024072
0.9415549982852248
0.01094047004832831
0.04687499810825475
0.002749643579672568
0.01156244577358125
0.0013270460604317147
0.014674502856524276
0.10525746217575349
0.02411935548575361
0.052236328892232536
0.012929066376623726
0.1290480139364508
0.12904016922007128
0.04750698686352868
0.9683169055084636
0.017194672600439477
0.02446819685889155
0.007716964490038922
0.10128731414232746
0.0014984607323856051
0.0473560383397626
0.029007637622071564
0.0014343898300834845
0.11543384904485623
0.01753232373236836
0.010198955347180565
0.04044656295768164
0.03658545293901875
0.276321983265651
0.1295258950971555
0.061425277055979235
0.08753429952610173
0.03394992690100076
0.03188144483054028
0.00618652293407786
0.29064692408343673
0.01203726051448187
0.013242943394290522
0.017391210148711617
0.9956850969316747
0.009736688217763254
0.05447255889878646
0.10312916748946295
0.03735287862238157
0.017147037830492835
0.22745805267128966
0.014451174031048557
0.09043879644529736
0.01000887355035833
0.38654918890457307
0.029021931432974508
0.08657449598472927
0.12254510865916142
0.0014713122499988177
0.0869975737056117
0.01328039448259086
0.0013879085148128152
0.03291055257215476
0.0072144400669063476
0.1136765437981721
0.04295244373799825
0.04433573056699522
0.017828987780760572
0.9870402241241425
0.007959768097825358
0.08200886125509715
0.03843246869404123
0.02399333160029265
0.035605078168007294
0.05249144830994777
0.01606578775410734
0.01433097417198595
0.010603715519113151
0.017777588253050938
0.11065481249972463
0.9919594724397203
0.008777513771584661
0.03979141840321534
0.014526653423760047
0.048499366277706055
0.0611645411947254
0.024500404631935094
0.0021923809913779423
0.03300621817023633
0.06869947081383683
0.008273067989974453
0.013750185771302293
0.013530097611596601
0.9795465713322521
0.02105402497043689
0.004076018009321026
0.10598200093446812
0.8962854091691882
0.016592154707919977
0.03080596083169892
0.004892656313866295
0.037451474186966115
0.005749214544981001
0.09226489710890505
0.005802182345373501
0.0897310543214052
0.026136030864422264
0.008348060272266632
0.013962170283322785
0.16542195726844425
0.008680074948497166
0.0032251680154409042
0.017465635784090487
0.014987212628949753
0.9799593009756685
0.015112558375307568
0.09878838976785977
0.006915435903950137
0.0016036934610285244
0.010216525548169656
0.021316207380799833
0.06154625007081015
0.04155999942373667
0.035385034621749245
0.012013568049586408
0.03971631250127808
0.9440582272652982
0.014444596483075316
0.018018001916143042
0.01901352891251359
0.05393598387909767
0.02231844018327439
0.005161454934452231
0.0068725009349171725
0.004605104969015258
0.7157384184004906
0.9821462189309985
0.017715739473584763
0.012232852968123663
0.0028723189411904724
0.0695739410503909
0.06855859486522455
0.005316751535381321
0.04000121036930938
0.4389323693877916
0.0191247322345995
0.0029363381296336147
0.9699616933082215
0.03164304443826496
0.005105197419472092
0.020661127261094075
0.8628547507937119
0.023668968638890262
0.08218808713895252
0.033834820799164424
0.9694013886779334
0.008161395793191395
0.023312331928554697
0.016792364700915524
0.9746350009590888
0.023003129849850427
0.24681287897586235
0.004615490653622679
0.012376049665321506
0.12749422060061963
0.021385361605268802
0.026917370101982408
0.0206475081920358
0.03311460011546646
0.0343750705469729
0.02130588174406931
0.012506648039297451
0.039286880572151954
0.05608695142647545
0.009838332324267885
0.013887844257428932
0.01002201461113194
0.026178024569657576
0.09266751963032088
0.00946124225381967
0.03659787995802127
0.019422845685984274
0.09467463161264467
0.1407940079419332
0.06509903004185795
0.0478425906870344
0.9442082958988993
0.0013107036941304763
0.004124365006514452
0.008764112350246102
0.013918803998164024
0.05479575851647041
0.8157986715758301
0.014377294724990865
0.015704728912774354
0.0017471250673606882
0.03777035294378071
0.0013463854709839453
0.025614454962736993
0.07959178596217403
0.0037003806023837332
0.040497320977165546
0.01592012788942401
0.033571130745187645
0.9728127625830092
0.018530000415670454
0.017357751209522584
0.9071524261262763
0.9658239557132646
0.028245512857800886
0.06994158451887744
0.0024740749625626673
0.12918455676606636
0.016098950353449073
0.02321060262482122
0.13835451450239133
0.37914869381699473
0.03954042691155586
0.13995879376391965
0.9825429744291061
0.02507849260885841
0.09082602030249864
0.011765641743692039
0.0388992762577576
0.019003075969435092
0.009324804724250554
0.056626246605840445
0.021924639961380728
0.015185219565584891
0.021770111903159105
0.021447924835878422
0.9542610012798347
0.04187817889072122
0.01035188416805271
0.0037619263587763785
0.057277480961046526
0.032675324538959945
0.0019181144337579242
0.16512731750690016
0.04789741278553933
0.01869827039234352
0.011313338222193636
0.0062468807694368795
0.02212691161449141
0.19639326188611705
0.01746007152096884
0.04297549360418054
0.017836615247115016
0.021980118808035985
0.9854212899428042
0.9517759733063696
0.9865996720802699
0.14361252476133587
0.004313508856508169
0.28166595396427824
0.008157672323555996
0.96558749004087
0.01306794857129115
0.08581591912246668
0.08436191102627212
0.051068557679254396
0.070455798823254
0.010144559888489895
0.005325059391164794
0.9889942391873033
0.01621812032496576
0.02246717102342555
0.08528794819909913
0.9664206487773137
0.2467178480730689
0.12328284930594591
0.03515370702330476
0.005218871589732396
0.010047638595984046
0.08978531028096368
0.01726680848138772
0.04117203081261389
0.05192232587386892
0.959846136855699
0.11964443496795218
0.011500177241221446
0.005749368354762314
0.01924896775162415
0.027247227519136715
0.06064089241734666
0.8040888190893115
0.6166662936668982
0.0476509442608407
0.02880034623477786
0.11843289062270264
0.9855677968575892
0.0027587100769166876
0.9823917844472844
0.98500245312619
0.0011975676248947985
0.0072599524179529406
0.2900298176632494
0.08926448631204749
0.08154586851093751
0.016078965387807554
0.017074734862548176
0.03436308756367992
0.015908130399561318
0.003698335976798426
0.16037186886564234
0.012628167555771314
0.007891352848101033
0.01959741273128986
0.003325311551543186
0.976837364325739
0.01008270537197114
0.0043571269529874695
0.08902321294138768
0.023443227275976877
0.03146483454383614
0.05034760867681485
0.05611528895663797
0.9810773969160222
0.0021004255487812487
0.03574910922799954
0.03991823264103588
0.011637462904169145
0.018064006104793702
0.014501964203642812
0.03277580615352523
0.005825238801845145
0.004176773523659758
0.02462644565566975
0.011444438639916035
0.023239924026492408
0.024142313319701406
0.19184400808748447
0.02201729973940706
0.0183182687332107
0.018098285444352775
0.025580746607971553
0.022339053350403437
0.0563441392119825
0.11535298596465356
0.9700112110597376
0.45489766430616857
0.05019911392243258
0.9805514236852192
0.1381853065284336
0.015355194395714929
0.003280263576971138
0.13599796457015043
0.016073127477778084
0.030267238262279176
0.9969428285571766
0.0036138149317866087
0.034758971313393804
0.8759189054512008
0.0069375540318442975
0.0146064770905263
0.35652393653510184
0.06082589868793085
0.9032739751241334
0.024244902735525233
0.006605472176605371
0.9810331583172849
0.012509750727601033
0.10244788719386598
0.03161148795998006
0.025469832183528135
0.031557318022045734
0.07021661190813643
0.03203010991070926
0.0026929193429917606
0.009301895868122372
0.0436949399132231
0.0038610854091212575
0.9594442785823841
0.00874973193692493
0.017725880561052867
0.10340290551710112
0.006469658977765972
0.035715501565973494
0.16170718419962496
0.012108738408816194
0.017421038831670444
0.09141763468528218
0.038186815671800586
0.06581580787511745
0.05700572144666202
0.050558911010198604
0.9208347218334901
0.055048836066527156
0.16081692239273665
0.24187562830896453
0.01478156001748543
0.005044928807069485
0.01416000778183689
0.016052878721543207
0.02037280142098588
0.07556528400585535
0.01925655181499104
0.02623252279374785
0.04208252839144085
0.021220522184243154
0.0033716621966728257
0.05018829419716402
0.056782035288623016
0.11578557276686897
0.9616658582999849
0.002007811654930146
0.24141465468452125
0.9750570092545976
0.9870422731499472
0.04290158519271147
0.008069987396557394
0.010778475535136195
0.009444599811119314
0.07413824230613393
0.014666971572269502
0.021435783344248716
0.009910387882155565
0.01317888720405483
0.0358556213646118
0.9968578268059416
0.0067127532673493
0.015068419048170214
0.011486755394760939
0.00846416029854975
0.026414988622964326
0.9672464532168553
0.1295433987053451
0.9640343492427522
0.0666797787719128
0.8360625713868245
0.010617791442583143
0.007313620774637655
0.02878420407069119
0.0491655567479196
0.1672771221509426
0.033453388400340685
0.031906966064073644
0.0029723585187923854
0.014397668850134162
0.03714392218636975
0.020525529009129063
0.016937636830883916
0.9162802840047628
0.003182353801460087
0.02496505276326795
0.1752178111128253
0.05908387826099605
0.009457910640616398
0.002025295045988772
0.02415304654354907
0.021597847441672386
0.017405500316453177
0.01929904749540058
0.01136284142208756
0.0037422978518527996
0.0035069599961082506
0.9150896545304396
0.046569225667621617
0.024662010332283733
0.030786397834442963
0.021173521517058654
0.025405628620554618
0.007017209692302088
0.00980849751703105
0.015414003879806971
0.03234682375554491
0.03574342056479327
0.9363587207600473
0.03296325510758754
0.013436361797002291
0.0022932099550989258
0.0043707790519851636
0.1088330743157856
0.0996817731920316
0.02373021384706905
0.001512240485320984
0.02512601596076618
0.16517426988983122
0.0007270390684362734
0.7056990171839598
0.2438891874983078
0.05998378909649523
0.12497089316204342
0.012010342504192542
0.05683955683757546
0.022029410242099
0.028162547387519537
0.061061111359103706
0.0164480605563147
0.020275030954512444
0.1369118168247933
0.9539807197817404
0.004313731122241502
0.009944607709919192
0.07070784027900633
0.01792767209319499
0.02051948624679627
0.024557364516964903
0.6049897107734081
0.09970324650380478
0.014096811968222435
0.3759972611948566
0.9297245335127426
0.01540595006861411
0.0022933371236807183
0.0015015950563751765
0.03430622602793713
0.9289003452356162
0.07300808388190512
0.02062657277908867
0.009235458197200876
0.006181150070252317
0.061796661064707666
0.011423724043827865
0.018766075758349002
0.07219439074164037
0.08801707473155966
0.046972335332330736
0.021945842022823993
0.010696350653687074
0.017012591122173955
0.005038520086996758
0.008371242780462867
0.06743887231249122
0.028305772561332054
0.034871570382068034
0.0007470472110226343
0.3112211263177301
0.9891128801476208
0.022030793663563246
0.21700128790730555
0.017752233453486234
0.023732225534677485
0.9804314321196737
0.029866341184217188
0.08417701395829032
0.010964883084767204
0.016494254166537027
0.016661873656489478
0.02140860165302775
0.004879548917115783
0.04389304292253135
0.10395824195912921
0.036756190471239736
0.9648715844048255
0.006531676190869133
0.03994233507869963
0.05107602683104946
0.00896632354139526
0.015263254556118423
0.041105638543425166
0.030318780744855806
0.0011643690137021906
0.022215511396469646
0.016928536503253575
0.010172027594845421
0.01441189021523424
0.009084913634276425
0.07662366346762846
0.972713271486766
0.0415584581003531
0.015199161619389527
0.023286320202125666
0.05178742505404763
0.051026975556321685
0.012076715739824108
0.14320791724499712
0.004356031198596749
0.9839747934344191
0.030906156265371614
0.0009224771850151345
0.017069508580136516
0.05328180355542641
0.010686195684821978
0.2024553378516103
0.14432257052423758
0.9604310879136987
0.06485520990833608
0.0018564171251901555
0.07382369011244301
0.9440146690047214
0.017147899461033046
0.9684630655056408
0.022019030901631993
0.05567147067891419
0.02961576010643526
0.021594328122772476
0.049092587411457195
0.014555188999073276
0.049319287109785
0.006182727007049403
0.0522720353298093
0.03789942313797959
0.9873679762402653
0.05139775275924862
0.006788010278109125
0.25082612616845473
0.1801346227124786
0.9672150255241425
0.9583472329829094
0.005344104296622418
0.06456976240878665
0.004428292712183972
0.1378350899347351
0.04352365273264857
0.03402356179836924
0.01883147713276889
0.09832870295190493
0.0017458205753657294
0.010443945359265388
0.01111202858519647
0.008518481211779963
0.044558119596133185
0.10334676944978823
0.013836707948637766
0.9732530096654612
0.2680601212738556
0.06367062079513615
0.9924610218422398
0.005878474820776913
0.9836409750771389
0.10395042159669274
0.008254844960299903
0.1928470014265211
0.07459904019749228
0.016110812916279305
0.0024405625512410843
0.08961921731869298
0.15114491972312902
0.06278079594920989
0.030345525272347754
0.02249789329220469
0.002946758505691013
0.020902081744776764
0.14894381186856348
0.05125166768773121
0.0354582303146657
0.022151143984585082
0.0161001956484452
0.19886783798890859
0.971635335947637
0.5134829281818564
0.06156504440469329
0.00847279729763492
0.00778477774083295
0.025635530044375965
0.015487200441212946
0.038881152848043166
0.12012949664142632
0.03568094181875565
0.9871288132070214
0.006812695677327624
0.019328605763605212
0.01815916483240308
0.045413637647781314
0.01722594645654853
0.03603907218410222
0.014896036711289829
0.0023091726393341828
0.04659875692102507
0.9470652685090714
0.3510217031700697
0.0075585359309394825
0.007937949183429585
0.014127995980597148
0.017638182219886934
0.007248928896477546
0.027899653004292833
0.9933602362502323
0.01323852273172117
0.0921812589855279
0.025070456532090175
0.29076788540894843
0.07036218545654485
0.00409329681426677
0.030597570194310815
0.03907616343620398
0.9493809667575698
0.029493252146736947
0.0018881796865492133
0.8400606590546947
0.02156001741939922
0.005300425209076541
0.024952649897744473
0.9560507168655321
0.03786039707864545
0.01633439461218363
0.03734484867955589
0.963427697479578
0.1271964125134476
0.07046136121377014
0.014285751543590965
0.06546904712482053
0.06230352154141102
0.05261525353174497
0.010855087699388576
0.0814290170246403
0.03932735624112103
0.029244858807482645
0.9410134303137601
0.03975755481287554
0.028120808325344148
0.03192027013372741
0.02187644424963401
0.020847903192105936
0.04115082689584202
0.009495847413975817
0.04220193854611296
0.026984665957693367
0.018286526821695483
0.9806792896851134
0.11399742439958185
0.02367022507072607
0.048660896563434586
0.036757733935998675
0.32764842917180254
0.04840529235546911
0.09235274742085936
0.9864665430299556
0.018042740926218027
0.27615303319550283
0.0888234766361609
0.007715971196338827
0.976529024442865
0.001866048004913615
0.0013016565089708268
0.025122262809978268
0.051498841428616965
0.022976799399058546
0.0010554094085853138
0.0031607801746129944
0.010007718798698462
0.03159370143756063
0.01107087204387335
0.9661654779819345
0.0523892602944743
0.04284412204446335
0.017204272828496646
0.006928314682769947
0.8824402784314209
0.011359386475404347
0.020134578158358722
0.9574853416562076
0.016712904170713267
0.015155222630867092
0.017735025463111384
0.017188181404377053
0.036936048394060686
0.13639287857211513
0.027500981427884458
0.0034055819222307097
0.02182855933605196
0.006308994193682095
0.155465018761061
0.9699069748902165
0.043518768071660566
0.01554656646048753
0.02523428566016589
0.05913819858206115
0.029551185137966254
0.005281855817598158
0.00100129697776643
0.0012603540282358284
0.261245311309513
0.03149735080051128
0.006475239678517993
0.009972519401622486
0.058207939536915616
0.01995251091227176
0.06239233005723966
0.19077048344383274
0.037188765404400796
0.012228012732630427
0.051698529290164504
0.09751019962062288
0.9245786236908882
0.019689909221469203
0.9482197184160063
0.016858748004925487
0.061207714282363726
0.03883581072112401
0.07825813219973031
0.9884973004499504
0.0515675234148857
0.06629643200124685
0.031548645286157646
0.002818408098629447
0.03792446321005537
0.006302018078917385
0.014577464583333538
0.9731035324714736
0.02851716785919657
0.008708661586674235
0.002532290844956351
0.019029422260410912
0.965406973163155
0.00881467771114363
0.019907759217506284
0.963778522869006
0.03490814833769114
0.9697835986256647
0.0325545759843263
0.04057259184170734
0.029091251723004967
0.9912543630852918
0.005183348079636941
0.012935245390733385
0.020765169048247406
0.0034547578247426406
0.029741974504018484
0.0021213929832315168
0.01391184815006996
0.8762923427935103
0.9710468457663741
0.014801253109457095
0.00343360449814848
0.9658487679144642
0.011682704581132677
0.1296638502681874
0.15310958642855985
0.004431547328522002
0.9535040011538561
0.13907215985513244
0.05725064373690317
0.9731953319521406
0.06451236607463633
0.12362173902022935
0.019682456191136902
0.029430716562793304
0.014287089802114829
0.07329881397651523
0.020151837491916118
0.016635204922936114
0.03198173968261612
0.015553377305529154
0.012921946708747033
0.018470993151339845
0.022580043948942138
0.06051279587501923
0.9699114833231453
0.9387051946532151
0.11209548206238995
0.967856321521107
0.024226495496292848
0.010139724634784571
0.11730417397644508
0.05642738485896918
0.2138725158925138
0.9459931569262258
0.024740304264786073
0.019821806976218815
0.9043134346099944
0.8748689929366804
0.021665211616292625
0.007295707328611869
0.9777699299415777
0.3345572741448293
0.01892614359641498
0.008649539081852986
0.05772123095097273
0.05957749970423308
0.018065205270860734
0.011842901158183173
0.00861457856188572
0.07801402491720524
0.011828733144314802
0.0629484182529676
0.0054108829275756965
0.020337598211597287
0.08165004182906963
0.1441652606873563
0.0800715035128736
0.05760607159611476
0.03381456745356276
0.043151573481584465
0.00436924516011683
0.04454639832443406
0.0017978074262451193
0.6593548143937595
0.0380084764596764
0.016775094610090236
0.028546888967557943
0.1369373228754939
0.014357082170683742
0.02482399875831564
0.029210635480488523
0.0628739811453508
0.08133431649058216
0.001997770230712275
0.012060195790632507
0.01661361636323164
0.03538397389335953
0.01924941354166742
0.01586881781402531
0.044390151468806066
0.04784320328508971
0.011121472735861202
0.003691490310930271
0.12249635006274665
0.009304692621502339
0.15494729626750045
0.007813513917682627
0.027211348278551834
0.1001436583420539
0.005588596761378378
0.03592638866846571
0.9788507171164247
0.9241596496027905
0.03483378784263979
0.01265365573780363
0.018412469041187512
0.01882281459553037
0.00616797715180169
0.23243509725714187
0.03534672777002781
0.02225606270258322
0.0014676740269658748
0.0348557118822165
0.023808647266913723
0.02339048229910776
0.14286577863765423
0.042108402588980715
0.02055187188916788
0.0019862122453070657
0.01556953837802777
0.008602463298400285
0.0704650106040477
0.013665840374647074
0.06019386796732119
0.05319549915375296
0.04753256921394873
0.06254247209034736
0.15668175740957338
0.006862116653712325
0.018755829421742587
0.9783340409480903
0.025181242122876393
0.024555230533250753
0.9647779156442495
0.12343068197608394
0.9798402585212057
0.022463089328085988
0.021827483059476738
0.0736937827957124
0.013681131369836771
0.13218241933364705
0.13267644946255608
0.004640348593428261
0.006779755881930196
0.11754840405429275
0.02755312116735242
0.026090785545836815
0.055440223330717256
0.04705872944316324
0.012787262892760325
0.001219937886948112
0.0077771086362122795
0.9579073148767551
0.030594196262778848
0.6113154273320749
0.965073443109504
0.19062593230088618
0.02133525648446912
0.01050868780669578
0.0235115033095657
0.9333469915839037
0.048011228758544244
0.04800470626229752
0.01776515094224325
0.04464866804073484
0.031129542716239765
0.0448069214807437
0.813730495796425
0.13972756031461459
0.09592609189507714
0.002527397382620315
0.0035006387723666324
0.9621734586125501
0.02656510221114618
0.02483411139665512
0.026551610496710593
0.8479488982689597
0.9509602161387894
0.008537878755059822
0.04355593648467304
0.012625605689441488
0.012926798339884683
0.1962522046811546
0.011229719267340755
0.033794243941813504
0.00803442031182637
0.025516597863222825
0.003484249538015262
0.008866563204381806
0.0009059966370135684
0.009436532023136001
0.02739729058021997
0.04862917763344192
0.034556402212077654
0.025447041144065086
0.03429814155735604
0.01432618954456288
0.0310330075995982
0.09212254224528595
0.028475300464895006
0.02405331643631103
0.016074658580631028
0.0441433932498908
0.01899970245750798
0.0055278355934494485
0.001340984330389313
0.037607920496719384
0.09805518860558202
0.22636850600034228
0.9524499414524548
0.0026295583494005343
0.009924322014882156
0.18584702169944708
0.12524784450981702
0.062319212373766364
0.26423141355793905
0.011414138561843352
0.010754391950924027
0.025798724521545514
0.09761698687471276
0.06688942054306746
0.034268555982673136
0.08717107224921909
0.043466940091427445
0.18877201877041933
0.3285071936504288
0.001157652910806309
0.05794388313386211
0.9675288929473279
0.003713796633453617
0.9304349008498198
0.01785099874345917
0.13608015322749392
0.19944139720121598
0.12137899564733727
0.10887796177342302
0.039602644862357025
0.060538656372873006
0.020815048873199522
0.021769857413105432
0.8223584008156057
0.01567691816486661
0.013443224078333026
0.016370361316071273
0.02479163527801142
0.027268103813487585
0.1799369936447378
0.960665744655958
0.05085987192551793
0.008107552996551078
0.2230681291454716
0.08746518209810687
0.005659095868714703
0.0011757951922428934
0.055365809683265446
0.0010138311946333374
0.01574824588453206
0.9959221402037427
0.03506045070412843
0.003924592281423028
0.1773871605544332
0.45541901714087285
0.01480759381172537
0.006979508698455205
0.012572309559860186
0.0029568875694688146
0.02031578726393002
0.05511220258237267
0.01867498292640919
0.020738555694951616
0.020955144083621084
0.02900884058902124
0.01696764844793166
0.0859612143997041
0.023548617051859563
0.010938761422644465
0.005898877464783696
0.010205403866028232
0.9588020305801508
0.018681870278617434
0.06697896001541158
0.012557158527798195
0.923337231453756
0.058028394337084274
0.1992489561005915
0.04445321022702503
0.19267430485455297
0.07457370745681838
0.0006413411038160803
0.060465361758092515
0.006229377646730285
0.02886944390733252
0.012480417372878482
0.9446972031322571
0.031524102974561825
0.1985926068735269
0.02762952066010141
0.09912310899399619
0.06651838808348053
0.035018484710638106
0.017644426203731967
0.016192954702878074
0.00744568929275131
0.4251592799550435
0.013058240547228204
0.12217511661982662
0.014385486681961627
0.08102216858303449
0.020819322495646567
0.07024226820335015
0.036599881512115844
0.030023962080276984
0.4311614670599156
0.13334486884606778
0.8630084843510444
0.03641696300794549
0.011441392457507898
0.013897291241424949
0.022434387725343154
0.008998504400071832
0.08778499511676846
0.06700649073153739
0.02295376629959335
0.005200765015815927
0.010355708184982758
0.006821421905186694
0.1421563565832985
0.04860409166222788
0.008471418590428837
0.014936625427180553
0.002250629845224228
0.02730487277461642
0.08507055821951647
0.965791988321605
0.04844706555655002
0.045461271139512205
0.023163681349964976
0.02415643891749319
0.04427622638909519
0.0021021602903880474
0.05385977445146788
0.953645806802638
0.8113672601497317
0.017989078287609966
0.020961208551434247
0.06356796626980608
0.0009225773428849305
0.993142501959471
0.07094225105460991
0.0014940105287930205
0.01821572319844628
0.0008076399522548362
0.04999961240683799
0.017532148303328204
0.017647638258065635
0.02359231720168312
0.039256487425775255
0.00523416066418065
0.00861384107123656
0.008508725767585313
0.16233318287543436
0.04694722918416899
0.024399019534202784
0.21155915147008122
0.060609995639258035
0.2900022485133503
0.013132693586503846
0.043066607793548733
0.05283605121559574
0.006752771886677751
0.05038158764385253
0.0784374727322036
0.10311410971829692
0.03260073339123418
0.007320376795962362
0.016113785334579675
0.8903743332082684
0.01759107507662161
0.9057623964813903
0.0070738398063692615
0.005227620995965863
0.0023160782579239167
0.007324060372016118
0.010298816659573346
0.011264235765187038
0.008925843370459796
0.017155418253684857
0.11430310030432783
0.9392547334259348
0.009386413020984493
0.9831094890608421
0.010804277147290821
0.0029774659254228272
0.008198812809400536
0.05935961819035061
0.002969735632341273
0.0807945998469235
0.9960603312799734
0.047462718696881054
0.031048872404018317
0.006766128870884899
0.12233241715738158
0.00966871009561259
0.008808135677501584
0.014622575780068313
0.97815829255191
0.008841406360665974
0.009737259654256081
0.9628889138266441
0.020894597654526958
0.05703842414361648
0.9857722557152905
0.010152134341147426
0.02130019727721686
0.010190554515414759
0.0026279080171829013
0.05577931809427108
0.06623861289242204
0.13229029558415334
0.036974927742237824
0.011197721388157762
0.01694935993209117
0.040000799903672356
0.0030053419925339673
0.011957491896284183
0.008574579287138324
0.07714802032608559
0.011086329164079733
0.028426785680420487
0.053150180180180494
0.1345726433747943
0.039209269263814385
0.06516385337954443
0.07916145253761782
0.9606426051830862
0.1051345885641704
0.09240085372073258
0.08110142898572528
0.021047464687776612
0.02145008030557484
0.06931740069894139
0.07837194395704392
0.061337321894398916
0.0335252741853249
0.06427438420883883
0.9395050186272326
0.03023435526687383
0.9528027572271341
0.254126827672631
0.014879415512625846
0.946419953050082
0.044491905795350395
0.07821997902962481
0.03518533746422992
0.3213912592115117
0.0019648116290086554
0.029320556681905457
0.01999336751592801
0.9680688957973206
0.008609329615480693
0.02926330230689354
0.0030287973126106016
0.04138431761229477
0.010059370344793931
0.0008896568933006363
0.036834913788398774
0.9666886527959676
0.0638344966621735
0.0026457998818598754
0.021022610554102324
0.012054551937561015
0.044045841817482285
0.025788526355997817
0.03216965466887687
0.00893636555704418
0.026370563570725713
0.14182882573601557
0.029570981816572674
0.06139789580916599
0.08125033881483322
0.9887992387502007
0.06640833260997102
0.018611136274014194
0.027978029478714327
0.22107846366581912
0.08254500555644352
0.020789300976825093
0.021182477165332107
0.012510515323270282
0.019406779250501487
0.12044755191183074
0.9854652336050191
0.9625020745752261
0.05743338895619537
0.01283496096808857
0.009008775585952346
0.9587745227556104
0.05526267309484701
0.01188892515380151
0.09074148296850527
0.07456487247777789
0.024461897461319163
0.02397889022448651
0.0013006153599989028
0.03988925484940179
0.019248426393595655
0.1696412616224956
0.9857660421734987
0.015219270688859796
0.02460830612310215
0.020977922341093948
0.019094458429055494
0.00919016322151337
0.015876788935522232
0.10581047609446997
0.05478609067339791
0.010091778034205566
0.9469059908942877
0.08601597933896428
0.0242884627677543
0.9811765280224153
0.002062381874472065
0.09882684030522366
0.731756863890506
0.010378987626281462
0.002432849865824678
0.007959410786908117
0.03747107194534567
0.044725742609295446
0.025247336873603397
0.01843886291540963
0.9114062565204725
0.008402231462525769
0.0015210619091576146
0.032059556854043665
0.016250412662479025
0.01138467330890931
0.1692459181173993
0.03702060290691333
0.004396007626261784
0.04461101392964075
0.016193302394146365
0.012979840414870677
0.0007617662751670197
0.025591770696189536
0.023372335405821957
0.05136019101591866
0.943216738017448
0.07748968642856717
0.027534154419545737
0.9700852590708904
0.011367958329474417
0.0916300510511874
0.01647720861649749
0.06151237415674896
0.05164675750297548
0.9780561751877738
0.012870584410740158
0.02899714131017422
0.06242139976682442
0.01687252627198439
0.04236776511513306
0.007987743373028409
0.035771313088168936
0.04414441127641513
0.012291918692025196
0.944550268352587
0.009326986893044653
0.2235147057651706
0.011501952147798113
0.006001838545163041
0.022860498232612034
0.03785170565476932
0.004555847367900851
0.011927494213616465
0.9803425171177018
0.24991923850349942
0.001582646530585819
0.0922911754917587
0.9839112946058409
0.9711755771344396
0.0030150578933095416
0.014912715123471245
0.012941579425586382
0.038084666596009335
0.0050647419297779415
0.0944732689976882
0.006934797712431379
0.134766025164562
0.011059936441481693
0.005259338282922529
0.05591822882007695
0.036789422119126135
0.02385934868188376
0.25428963402565413
0.09109030821106547
0.02569021043910093
0.018986929893458675
0.019408479832953518
0.4203926374937089
0.1565764288330942
0.015495184401972006
0.022739793296948453
0.0009624462706910622
0.048061009211723876
0.004811639863304638
0.02670273168775066
0.08419135456611516
0.12296796794664501
0.006363124236693018
0.01821039855885025
0.043862388343165595
0.083231239254496
0.06188040047863495
0.14759354949775333
0.028547562587905216
0.0013785681498680875
0.004154159858096211
0.27637838734138803
0.07993207578898888
0.08136802229261472
0.039268947715024004
0.01539679177203341
0.02588097053228136
0.005256244803247931
0.0050060162881585026
0.06767795280992865
0.04198258845164948
0.004391994091281976
0.1890149628730044
0.9398187813275585
0.057867638038162035
0.034936631855445203
0.9306342172306415
0.969006643763438
0.15289367032614315
0.02596093041160133
0.0446860264098886
0.36322635901815914
0.004007258692582748
0.16620350593068622
0.019378865705789845
0.07591571028791932
0.001610711677894647
0.007392906127655388
0.08146409639309066
0.03578371635802603
0.044616347767398874
0.0252062901307959
0.02935765995502855
0.028930616633484566
0.0034897344038845213
0.030409255024676906
0.001925230114243156
0.047955516586904195
0.02355335481895774
0.02336657329537779
0.03167624048238814
0.013911806129874898
0.03871922182330483
0.37858354984557796
0.9616076820614646
0.012276578941245507
0.00940862349774093
0.010936008532845558
0.03742076194121938
0.06247706307333919
0.03756752737140818
0.19742675811844806
0.03642527294309601
0.005415646178802691
0.007494047201585893
0.025246981319445853
0.14416461995169655
0.09081303041420576
0.04674546026912155
0.008660040089706628
0.008209791747217931
0.037747335168262924
0.05460868116333527
0.022956816455281404
0.00513817000545518
0.0010115872896888423
0.8712248171890018
0.9671351929240851
0.011697924736367245
0.03370983179627506
0.013835723882096794
0.0014466978908974897
0.027370060697019784
0.937151397475255
0.35065387713470114
0.17609332925772167
0.0817974648229597
0.044129794080160586
0.138083103051191
0.008784154386642078
0.08467682581739547
0.030639860698029184
0.15372477865815148
0.6646980728451768
0.16163979731712927
0.9442827489442666
0.03724933166506388
0.019507391983959028
0.012269067468943762
0.06716709910226158
0.010355717132490951
0.019791054735341033
0.028696971541661266
0.017658669368421104
0.14527942039900235
0.07379707869274127
0.01721947395346617
0.004551622145070287
0.020315233403211383
0.10525845868812818
0.9574541083531418
0.10443809243792103
0.06705223016792834
0.6334155272142905
0.0013640708238722302
0.02400987242103996
0.8416421865332261
0.012137583420594768
0.17588812200690235
0.8394506752151765
0.008389901724258974
0.9940456031891587
0.028595843984929977
0.028723715919316824
0.024217022488674415
0.010414345920541562
0.01828627362654379
0.9408286063721573
0.028838963041075454
0.058057333079203674
0.0222269030724668
0.006341712137583185
0.003082483293711302
0.018730143382880628
0.12837254912481683
0.03008725629298432
0.9508575948226317
0.036182232688049765
0.02203000519626791
0.021839038354751084
0.07018907567214128
0.008578064433077345
0.07763710273278479
0.025353245201287594
0.023115545283885867
0.9621557550532063
0.009542751392093658
0.012639274004859414
0.08217721662704944
0.012368705443592752
0.017967044296983068
0.08056938443217171
0.011102896237010617
0.018314158722114504
0.9652669901310406
0.9692545537113485
0.9888786191482601
0.3279062848926897
0.06791251485801421
0.007598765297113631
0.012083243918750772
0.02503758977383146
0.005502423356443787
0.9596509930492583
0.005203063298444605
0.05216814775940676
0.014293773166951362
0.02529132749973978
0.04713328310137771
0.19544761602395266
0.01977882594824754
0.07624059705062411
0.06089770299526166
0.03399339330899837
0.013036618664543038
0.9707038838905371
0.002924791379761877
0.006736624184838158
0.046870925266078584
0.01597246475936664
0.0063769181253458115
0.024372057949673627
0.9253779164197603
0.9585975768803459
0.009576583373642531
0.026146978542451904
0.0720115641471405
0.0018147112135035262
0.0009426168480161756
0.015417357445837056
0.013128790345057852
0.05352671647244097
0.0817975422339973
0.007955380115890752
0.15054911986567082
0.020666461188994113
0.04335271080256728
0.01897837228903168
0.20276512308460423
0.03698119573670416
0.10777668869299639
0.021575158374918902
0.01309441442145114
0.0015838475286169104
0.008189562976019494
0.9844258485634628
0.06978422233683779
0.006802130999292364
0.08950075663143763
0.01757559670440308
0.012404104609401799
0.001603490593830507
0.03776120779763845
0.012545844730450699
0.03465414556777664
0.024651785732578292
0.009014814724254977
0.5287172907535037
0.0280027875079895
0.008671228036952172
0.16243014594197708
0.04798919829374791
0.002021958456928479
0.03964527759969292
0.041310049149577366
0.9822477482235938
0.004127683084125847
0.006042659577748373
0.02243750974283435
0.05278301669386596
0.08827593304978797
0.008247661901810118
0.04461776388596455
0.025101758510085847
0.07572313102915097
0.06486191874259789
0.9677321921361051
0.978151570260029
0.05655832224319979
0.0348293835034893
0.014902085272416194
0.0690797328915546
0.023188475137143935
0.028136308858914404
0.05031205760742783
0.029522284898723092
0.0581301341091772
0.9699693955426588
0.20142785883885808
0.9932628827259868
0.03036659371760823
0.02111030669080182
0.8770431584401437
0.0018481057422197334
0.011490882373787883
0.014120527799618681
0.03798255572978791
0.057438076393830036
0.22625896692873132
0.008272431868788292
0.03203364068398445
0.02415237620627926
0.9802735704461905
0.37252391522796846
0.01638184508181061
0.030614886835755136
0.01760712848108572
0.099685197082499
0.002081362756508805
0.13724802133053932
0.03915533815779504
0.06769943317422761
0.9520511532289269
0.9863905731471054
0.0030910496144060874
0.0376692603235011
0.03342229273734227
0.008165003976336481
0.18875560820288684
0.05307583438558549
0.09377403464492072
0.0358961648727523
0.9362616572064618
0.001906408629950992
0.21889376989308906
0.0138992555153536
0.0026458617770019643
0.12968051118151636
0.984986335833517
0.03697771903925131
0.009345883708570039
0.028628308743961186
0.02271834236518264
0.03613440429942534
0.9862380828226018
0.04717545987146158
0.012975456147525623
0.008992381796495521
0.026951606607986112
0.017193736866203343
0.015039570136264278
0.03312361405973741
0.9651809471099078
0.1070478103612281
0.005757888751404347
0.020426146640352062
0.006313595173032827
0.9482978830506984
0.9377144911326393
0.021742435080958737
0.01144512326174568
0.005127858978596477
0.055830924937793444
0.8314724151486269
0.9618691233503786
0.44832753514804197
0.36776440922129794
0.0438354255409032
0.024863175386622676
0.012650137572362217
0.2730889096579582
0.016095876791240346
0.125720773648567
0.02198854086584792
0.026009626077592298
0.010696140833261798
0.09209160788838805
0.9526734552045174
0.0018421498388993041
0.0018232652006353715
0.01093512968083717
0.053954277934961506
0.001452022598275064
0.11069176273141872
0.0430579464029423
0.0326427111498933
0.015515925166651507
0.01600143060788863
0.017092212220842073
0.9786631355340384
0.04694310235655363
0.03160074358108767
0.03733633426918626
0.03883741879338817
0.13307214281715987
0.04520874135451924
0.0357882121757718
0.08671857131175204
0.0019938796878492915
0.004998771802316169
0.015296511013245648
0.0192847826847856
0.42644145104063447
0.00802578734355639
0.015917270544656636
0.005195139850099002
0.005775675741929937
0.025340534639334056
0.021315784386553616
0.057819585963294985
0.04337637530810596
0.12117151163032513
0.04156790411129774
0.02795821583721156
0.017529887957831357
0.11437299439527203
0.008313568255135309
0.01004562784222911
0.3001139758185512
0.0037126687804686603
0.01977550262273373
0.010598566957625845
0.001861172824120629
0.19253074568528347
0.1005787549542985
0.09013877896429265
0.03826146588667567
0.9522798751321321
0.04341563135705066
0.022411270874571287
0.02362963205954849
0.02042212976179472
0.9706089231841776
0.012469313656198184
0.01582227617415303
0.047381538495051286
0.0451113127582999
0.005926393239805377
0.04277745450565485
0.8969396089027378
0.1645643905553512
0.07331979945274374
0.0817550290134415
0.1093344477760677
0.04801162071444163
0.025902144942076682
0.016850605604753873
0.011030618056360906
0.03953294513497854
0.01575424023781159
0.06351104913249687
0.002676214795999453
0.0020884799858389255
0.05982113649686432
0.0020022476754943176
0.01746113570370446
0.0029597126194199127
0.986051142904338
0.11183844453872778
0.04351373377687501
0.009127490151061273
0.02184203551259949
0.9881257284916433
0.03561921863578625
0.04257353684987188
0.0056354376058395965
0.032086013386528604
0.9779316783906559
0.8887664771275067
0.035954536407358434
0.028956164602398464
0.02152802313355083
0.024803090912450886
0.0071056913444333646
0.033623593325110425
0.08125132201445105
0.8934528622588275
0.12434958014140564
0.014766701710793173
0.9622831698525702
0.017488898697854013
0.017801236928412758
0.9475689678194447
0.027934575573504213
0.007081734452751082
0.13204131568530023
0.026102958262454515
0.07269920449553154
0.16919229499080682
0.0722950844256941
0.03345623356113667
0.01076511663785167
0.0024835267360083534
0.048121019605928364
0.03456581615878851
0.020668440427098346
0.0021507980081432666
0.13517998303264822
0.008661199717996799
0.15551953627536635
0.01798617466079947
0.1464328116060913
0.0027169807180354387
0.9583436999777312
0.048333771761395375
0.057070872114384816
0.45315474282836676
0.022561951907642177
0.03599649901503188
0.02881410831944841
0.02518240643770178
0.032647128109287334
0.008040703028241575
0.24150741197573863
0.01191034710039575
0.06118537619921057
0.0132258480500855
0.44154693013118584
0.4000401509188954
0.004137331635399777
0.038370353738798636
0.06513903030429054
0.007944094733665275
0.04243389724107131
0.019226727242056874
0.09616435080309843
0.28891984307764096
0.058512726778850006
0.0035762969113049404
0.011903683617613604
0.019545008341621786
0.20634750482404735
0.03531910193447402
0.02321313771846754
0.027949228749590542
0.1190698507942459
0.023013213498928684
0.021165598985551072
0.012163742665197246
0.06214375525252448
0.0011729244542746163
0.1329400795643155
0.14809916393088662
0.008937591236227404
0.0388926227417073
0.03511597696078693
0.017198585766865993
0.08276994528641961
0.02741926325552054
0.12401502731398668
0.0644615632553978
0.002885073248569316
0.37906717703415327
0.0791046141576165
0.011021891307306483
0.04838614028032716
0.010143917412073976
0.18429840986292467
0.12616542907745798
0.0037525317926733765
0.019853990144066174
0.00465806883931592
0.004343149337040072
0.061468778520219265
0.1914296332488632
0.9934529726229646
0.047420438761109594
0.00832512000904389
0.9671265045464047
0.1076086900696736
0.015671244642401688
0.037926485236280304
0.009385464154445548
0.007099378225105048
0.2457846429779928
0.3002419555535083
0.0012035358377814685
0.04941480658156546
0.08035754818415619
0.009234867527728893
0.04094400132734979
0.05708561016654857
0.0028082287881753517
0.9590756876499634
0.12677500487181498
0.0038090713544284816
0.01928606777782057
0.02841225510766683
0.7903307735713098
0.030725860522707597
0.39098896983882847
0.02632375469990612
0.014073256817389265
0.04542793858219606
0.016871892909756124
0.001042501269165777
0.01018551216802477
0.00720471487233975
0.1064710180278405
0.02347999382556247
0.018253166984485567
0.013163891830726145
0.13179390660114387
0.2986224097604101
0.003204561143166897
0.13620917155468543
0.3329986815140633
0.004286662448923142
0.9514679580775246
0.9012140347507764
0.0056044605939669385
0.01216039680540271
0.09217479829012723
0.010366654422150085
0.01928078841856596
0.09039599138471831
0.9955609506477775
0.3871489917939232
0.8864635967101949
0.015474768992585094
0.024364741266248584
0.9396130407202333
0.0013721738675338256
0.01833317900333598
0.0026215739060892473
0.044602929519191925
0.02947051494984023
0.06813759997342402
0.6494753320406523
0.988476269606233
0.01129907074485055
0.06468452125295444
0.0027869727848624853
0.031099853190214875
0.005810014961083215
0.0562667174430758
0.15412520893364934
0.008971456891384368
0.08156159122942234
0.018253961050890395
0.019514493861044115
0.17482445399006108
0.028695413114703045
0.06074773489798714
0.06630664816088601
0.9533616066231596
0.009165384749351793
0.028205940532545017
0.13035164528559462
0.01966450978314148
0.011476618085100403
0.002440003189649388
0.006806623930896584
0.031041324199339596
0.006865851628951567
0.017850459870178206
0.1251453233917205
0.00907909697793617
0.8330485915438811
0.9499964831518714
0.13174135353580257
0.020425127001099046
0.0208156545518278
0.9207225909074656
0.024970901160429354
0.023505740154417174
0.011530166459001652
0.04562486667262169
0.012403347877332063
0.02748888467231048
0.0724411048672543
0.0456396297406862
0.00459009083402697
0.036059955692514016
0.05733834273203465
0.006361751738446882
0.9678085210943311
0.9714456045568386
0.01422395142356383
0.009148463408891439
0.12044586804049086
0.01919396195920062
0.010440403551965401
0.05253757875035125
0.001871062457737955
0.021240070492797733
0.07135611067488078
0.010162449124169515
0.0685608737755848
0.9751946391340977
0.0893051034894176
0.0004836178706280291
0.021304669183539595
0.03596269924080059
0.019907759217506284
0.3963751834670654
0.04319715479922967
0.012698328701276311
0.0033314419128746284
0.015158275643226164
0.016396549827373093
0.117829913570319
0.9328366258759186
0.057128425566476355
0.03551481132332785
0.9769532867089596
0.12329243421304474
0.08805609061440357
0.8503758829226389
0.023368485550649677
0.04290119936008447
0.10582914106152114
0.019523694669081146
0.04109951623574807
0.016039041661531975
0.013640937255391051
0.09817798284722036
0.001947741825915824
0.017048890992824434
0.7040774769457974
0.04272624095432039
0.013405346902125772
0.050039095423620415
0.0012659755223938798
0.024749760477483763
0.04778886454784303
0.16463153322514903
0.016849537562751482
0.05123943943376414
0.09883673316391285
0.03243310452473003
0.37554360955020577
0.01968040858062301
0.03022019430807205
0.032644166351596185
0.0025163864070253516
0.14999611550568862
0.003809226909040863
0.03499644734087714
0.013849662284821847
0.03548025770589486
0.020224219428422292
0.009431900718976552
0.9871475113734215
0.010195308740123572
0.06815789556735495
0.03766557861564241
0.0866331686131207
0.09699190010536067
0.026580765165588837
0.1464924068043059
0.020786310190666044
0.009589170613802482
0.001685984197639487
0.034416685168789436
0.014357282084852796
0.016032716541238414
0.08363371985674813
0.0621266701260888
0.5182771363189647
0.009758341453408587
0.8473124759920101
0.02853690860604
0.220388101327981
0.024026075011665406
0.05985993011917526
0.0010834181093403576
0.9659142967668986
0.008448889258063906
0.007033282657316098
0.05062758547695202
0.0223029578957269
0.01125843620090281
0.0024029671708218304
0.03324954347546249
0.0007971412580335087
0.03972001827633216
0.15339512352918871
0.05570534096932291
0.0011222363031789578
0.052519977865810016
0.9286569001322488
0.014143768045711286
0.07161359234389304
0.014798710783677773
0.0019498675704628717
0.9571523464158647
0.0948794516615989
0.09595278666866332
0.19795184741284277
0.020534844899618588
0.0314816496394323
0.015279979241266192
0.07756763236319436
0.13399724926193993
0.015615566577301532
0.023858987361080223
0.024943615426725435
0.011320688837015471
0.013255291838197148
0.020546524263753873
0.04538468193011315
0.20135289374242415
0.005804105547541336
0.15671933602530028
0.01820832184318307
0.012787526838233657
0.0025002701506582252
0.013967176605624344
0.10671896944091389
0.0298728225109686
0.03940193580854355
0.9819868222297674
0.026939042370187183
0.9905785689509214
0.0015499002507680978
0.29950430020239244
0.004806021807476582
0.9764697039573819
0.008685742334283703
0.015732303530368273
0.01196831852443336
0.005840118274250799
0.01879560057030099
0.9402666338400367
0.028045759397680857
0.02245660618203695
0.007319397618615466
0.0015625147224172119
0.04582868496881802
0.941037820651083
0.01871518285165175
0.011248213898354118
0.01691230861175029
0.21081553782651571
0.008442669421646827
0.00682575269310537
0.001176132486653492
0.25614460949150764
0.01652102992964921
0.961382689882219
0.039791951687715245
0.9805303860566433
0.9805422241915871
0.006934175008749881
0.044042659292410996
0.013433184542190259
0.0013316054210466086
0.09338766849354002
0.949416003616266
0.017080771641056994
0.01965222350635274
0.0018971697166264472
0.144486082564848
0.04294832431802413
0.010994042115338772
0.010779472417803084
0.09205793978372215
0.07087917405421224
0.012298584288079522
0.1493087817657121
0.058138172553678306
0.4312288158666858
0.006795000166445431
0.02240534932883538
0.08758819824293222
0.006741233839486398
0.06195410604797713
0.1947765335616006
0.05947628246833638
0.06759220690767341
0.97137616727252
0.11044305705007826
0.013076404502412731
0.008059355233025547
0.10583317571074577
0.02652396363842804
0.017409815165250763
0.08331382347867886
0.015497351238184177
0.9546421317101408
0.01833295472763764
0.08545985476745836
0.007869237676684822
0.10998508863924063
0.014789831588779851
0.9850264676875896
0.017181082042031823
0.02003382982784404
0.28054343110038465
0.8006661866093452
0.009763991178600126
0.037657016171809325
0.018351902723113527
0.28242324070419167
0.06806289954562171
0.013892306357319098
0.12033729111791638
0.00682312890016541
0.33123596834392127
0.08110142898572528
0.9724221396866076
0.21093596418983818
0.07527476742518231
0.07432787558634373
0.02034602904756857
0.007876212031749761
0.4530507486244889
0.05125809619742314
0.06758769296000261
0.09113274673877343
0.05822715327645714
0.04482843151114239
0.001910795610364278
0.0011409372360416806
0.031056216607319873
0.9753181613099995
0.09910879434084513
0.01000693803595894
0.023249017044136046
0.9680886710792979
0.013222668574825257
0.019262518586486192
0.9773625437526184
0.01625319875678191
0.02183672527318159
0.4910047525247605
0.21647489476064893
0.00349643165089187
0.0006810331260868643
0.1496800676223599
0.9798493697606062
0.06522586934852928
0.04590491854323754
0.9762399938759772
0.03424655335462957
0.007839412979372259
0.15525374952321758
0.016550889233975186
0.04909170884660761
0.9537947543257724
0.00907165272627597
0.05172620981902396
0.0013529438242327152
0.054095544350758376
0.02414425551214163
0.01595605618245278
0.05670855044935415
0.03796185703897927
0.05687412348636569
0.009981133427659614
0.9862919773213014
0.09138954885135574
0.029208855124268848
0.33989510012409696
0.08514055885260899
0.03157274556174893
0.004403739988737529
0.005618976201084129
0.04102281089125715
0.9727424309703706
0.015099212759690766
0.006483433781714232
0.0019035110556999213
0.9817107325990012
0.12025152062063417
0.08427854920618767
0.0064487258182788325
0.37173731932076637
0.0343402229608858
0.014381027323077021
0.01645142290527797
0.14528332818393583
0.021116178006936766
0.07065554865278684
0.1602152022942148
0.7834343951401527
0.09740998311108519
0.03524095334039723
0.3712088905243163
0.008637884025057595
0.06772861583734882
0.03972348571068182
0.8309081546849899
0.9375807620221807
0.04769914332881654
0.9743749699525532
0.004438975437685239
0.014560440392703171
0.023550276964839866
0.018997191277846565
0.9757563865167638
0.011975018310960176
0.025980738330794985
0.0037685930059089784
0.9719702066168368
0.2595305662613105
0.04671211833883592
0.0707146893820707
0.01607718224602466
0.015192007470872319
0.016453659280616033
0.03055547141306631
0.016996512302811316
0.02605074626541048
0.01734379930220337
0.016422164417461676
0.14004533178918774
0.0530253522163227
0.016080022379789328
0.03003952596259169
0.021238516420270335
0.0289734121725795
0.006600182296821959
0.40240453578977053
0.019117495297751554
0.03172598813656286
0.03969118987851784
0.009258823241277721
0.009625432543417458
0.07928878704344869
0.9424287610950132
0.017570083617701633
0.08320743308086648
0.14524044337055553
0.015716906314925342
0.004669041862970922
0.17140079815240664
0.031099853190214875
0.005937103538227913
0.018779986798744583
0.9853408847320408
0.005268594276193008
0.029592526004063
0.02651884313913439
0.01631160185593568
0.00953864089247257
0.029852949710496308
0.14822758073110068
0.04948258899016407
0.01859378579506912
0.03973566949470567
0.007853812193489195
0.9589052201203185
0.2654117964416182
0.0201983966383482
0.007534396747944336
0.013060779946953014
0.039110192487146735
0.00531081188696836
0.002032245766772248
0.003445827102396685
0.012621584667869763
0.03335243192796354
0.044730502077484816
0.031187713944702093
0.9808647184402496
0.03788993640666007
0.019221063100970978
0.006415217315791106
0.09879171408076017
0.014256177243958019
0.0544625491532296
0.9863258501117111
0.01778790526746812
0.9602299189379109
0.08841156643070243
0.1873236648739481
0.023287949154141292
0.07016735885515911
0.0012511569920770624
0.09851438140584208
0.05356161936698978
0.0658889820093783
0.7624176463260018
0.03882494051396794
0.030349099327656805
0.010115670923481913
0.012660903696604933
0.014428445635082698
0.15671838841607177
0.9845728963808564
0.031829939289475286
0.12393909742410286
0.01747055914132667
0.0025786057964776944
0.04552931689653489
0.007046765389482213
0.014751425351678048
0.1512630677458931
0.07665520412407306
0.004672342492704155
0.01486065405509731
0.008073202234286791
0.009870732550348277
0.015226099389569075
0.01120433391301829
0.05450696246246864
0.009243095936680015
0.04253017423223508
0.09616095817054696
0.013862323135164974
0.22599090112636572
0.9725213569107763
0.026579379874307182
0.027547467720949514
0.552727966578161
0.006210991474930533
0.5106038536736555
0.8693346859587968
0.3729569469324188
0.018005184135761663
0.020700279489062712
0.9660503756976906
0.06412578327463395
0.013271260493343777
0.01682519542576325
0.009776780505598555
0.00329754555279422
0.0316500806324342
0.015441042667305067
0.005502146702397279
0.07496457648760013
0.25766679168999057
0.007478288266285355
0.8923516056278173
0.9114117539294306
0.014727034109277653
0.035771313088168936
0.019376223464878464
0.03086559990825133
0.1316258269718364
0.021201693222899217
0.006272839576162854
0.15548671797248373
0.1112510458161222
0.034857070646204226
0.05723432441286466
0.06543108900013166
0.053693082825941936
0.983917972219248
0.007592747086789251
0.002084549071451178
0.03381858070032276
0.32005056181298613
0.9744549094452827
0.1212837212840406
0.9908935102822408
0.020813044709214558
0.045579078357353794
0.004780539141716875
0.9756411722274623
0.006800333104016432
0.03006793764296286
0.3108383794674399
0.0061899034420709615
0.036449779013589624
0.016765765148012684
0.014946957443485447
0.006531341069057478
0.019436016148476436
0.07599325168832788
0.012418879882097974
0.02109688896142761
0.02498576024034119
0.11576459370276806
0.03931694963108463
0.9728745938943675
0.03623684997159141
0.006509057264796923
0.0077731252242271695
0.0876701667456646
0.020731296990504827
0.06239454771512976
0.08386074332113291
0.012613239275264953
0.06516638159366044
0.07232165608275871
0.21644348047786277
0.03948679355616349
0.0168995366346694
0.9534173728018313
0.021141239299262007
0.07639351263399784
0.020750210629303045
0.003638061379026331
0.001296098262606347
0.9356272440998524
0.049273421315626016
0.13797610491352666
0.007883954933973293
0.052345747105151774
0.049561677284589586
0.012837080114742721
0.04559719891598309
0.005340239374568955
0.15135884064991598
0.022052990430480892
0.0022058044256466213
0.002866164839481224
0.01782389612035896
0.01465960094912264
0.968288347069255
0.006336158725714965
0.1437247067020334
0.014417000372243645
0.8188960398480174
0.15433373527022592
0.022756131338112173
0.015574138584664372
0.20627765874620488
0.11498207580999104
0.07214305590763326
0.14214105754261505
0.010433415068103132
0.002421275781608301
0.018890277085930326
0.14298574466448116
0.6620979533636285
0.02762782533895312
0.011734942379183138
0.020319376196075597
0.13898969292768712
0.03073400028774259
0.004481669463213497
0.012604275043830087
0.0070358629991881805
0.011177735794176982
0.26143381091838586
0.14689741785643798
0.9602499484564953
0.0018427329800169755
0.03324799424125454
0.14226273444375734
0.12120334800605408
0.039591740505468855
0.2944388170144768
0.05993664928338721
0.40208346923513627
0.011815179237354008
0.02802396870261013
0.8906670200391342
0.0025553863355928814
0.05239363747098532
0.003293948132184133
0.05258861237985342
0.018382487413876474
0.0008961496747227602
0.08921988171728785
0.07569710561865178
0.026410354819066697
0.019470439316636983
0.023076361055399865
0.21582982577501972
0.025524222149130592
0.009793147300056758
0.44929007882726185
0.025550685566938843
0.056980266514457395
0.07212085422012665
0.024258005614793035
0.9758481730625793
0.46762863355908785
0.04907981195519785
0.03545198009100015
0.07978010280323891
0.9725968171315442
0.00633558012744145
0.007528167675494351
0.0463614738841572
0.0649940113167677
0.005492500290858243
0.099232465686343
0.0516104934569689
0.0064755312744808995
0.014023384158151086
0.00946116540375242
0.029632558696827474
0.07139225556660712
0.007466225259229143
0.17910260850395457
0.9720221986942656
0.003708434472607645
0.2200818480865797
0.08115536381831549
0.03305962729850946
0.03366400509747048
0.8977033003075259
0.04513122612379513
0.01126541359118974
0.0118399033362833
0.05677849389441357
0.0085272724700834
0.01895135189374668
0.008178181363583548
0.09198990391617781
0.07909889419088813
0.0220921053661847
0.044652194029863874
0.9482904119951537
0.012523995924043805
0.017483705921614166
0.0871268826878939
0.010678257978293169
0.010172178399297642
0.01725251108562039
0.34992532144144506
0.9720444423086375
0.07183900423244455
0.00743328438437195
0.05139123705512559
0.01819103490399877
0.3037022320679289
0.0438285417032702
0.052416740514524905
0.04022864012918693
0.05481680393671809
0.0007032711002306341
0.02920760465227864
0.9929128096432428
0.011009557746105639
0.010977274036817782
0.006428971933490313
0.9418814052829955
0.5375858926207885
0.975167526084966
0.3336246624217241
0.03797546002746977
0.005728970292118759
0.05238079868949869
0.00281790847261041
0.019237871415369086
0.002699644230896873
0.0024368227888406
0.0045028183340166126
0.008368318515752107
0.004689715776009052
0.04845388576378223
0.04152734343882396
0.30432346213398265
0.1767399800561628
0.025371374782594183
0.034588774022953156
0.021427646462035183
0.0020569322458060236
0.038404534405501844
0.9745483493111043
0.003818444803390291
0.001594372857305879
0.08260082939633148
0.005307039829039035
0.10572500062926032
0.04256643732223355
0.06363931009643349
0.838045047175956
0.06692229485493532
0.02627910911866598
0.07692389682493386
0.011935729747082192
0.28403733603644904
0.9936740141365817
0.012820352843683045
0.021771382014873365
0.018479062920800777
0.0048237942736292574
0.030054634931147604
0.973320525335487
0.10597044336575848
0.03004643541718378
0.01841815206787921
0.058979436497377684
0.0029215189481727488
0.028783952615100885
0.08310111103949044
0.03716641776946876
0.13147855791517477
0.0021868297071767026
0.017136417016256723
0.023814536606620067
0.013952440037996311
0.024957213583267388
0.005774873308297472
0.9860837704428356
0.08217432255695556
0.004953453198656865
0.010333925394292795
0.022230999806132586
0.13568845650647623
0.08923659492326455
0.21101041476141819
0.026122690456276042
0.027928704681964282
0.033841252403957855
0.010578722169446393
0.006962285794701431
0.41032956353143535
0.031215093066525007
0.03434147500278606
0.008914829903875862
0.05968421935845646
0.9371275685383944
0.06655853207929766
0.03756900528664905
0.9729023007024775
0.01588609830270795
0.03573598657592791
0.024394833416347416
0.5444360460429815
0.005726299754178328
0.04183093295804989
0.05766380415546844
0.03506934775220067
0.00786209111506794
0.022634764928121186
0.02347458163148617
0.9614506920433101
0.9897730460760934
0.16114061999656543
0.011621316029346074
0.17704187856865036
0.22849206631984356
0.014316154034256836
0.06999572379177325
0.023630200657862466
0.09175073861487064
0.9305626756528125
0.017401336575429915
0.003997149099671939
0.03616068924466779
0.01851897175551509
0.058212018965932054
0.05322768081056848
0.02571153821745648
0.06676098793493998
0.041453370457427426
0.0030422683437663902
0.029211674647928492
0.020426947135576048
0.027552738718479745
0.336555111615742
0.9815819717780576
0.14270534654555447
0.13011466098203112
0.04980874607149765
0.01589768406590181
0.041784996470394485
0.011750284656421485
0.015284606164900828
0.8943272549840052
0.01659252434191551
0.19029729221461833
0.012927418452453062
0.05162243920797325
0.003878550321919663
0.03277771543476615
0.10596092487178783
0.00658253999528756
0.01931277118103274
0.005320689102736316
0.9770263755317351
0.021799714357923845
0.4653627083972837
0.8378353891366424
0.004147898229739101
0.9391325070647598
0.9732645029279247
0.008951150285493639
0.02582139678631134
0.06828807291566959
0.9745717871265233
0.0289011599335723
0.06266306308601899
0.26296876053752755
0.9679954318312497
0.010342560281444644
0.01824061469700871
0.13111198498091484
0.18464036796581662
0.01619880633437541
0.023584573953624538
0.02194452513265407
0.005446683134178515
0.008970230365440077
0.019240751935916053
0.016953378013302732
0.8886900218872941
0.012119928849230799
0.046190258420689086
0.9716857088786126
0.01020856339687941
0.009632713028420815
0.005934084165148731
0.00843763070456128
0.7481132972703478
0.011835257154385208
0.012192028737013012
0.015398092525248366
0.08015903729834799
0.9552121584948141
0.9475788950677974
0.9886744576232982
0.2917953926156976
0.007679945640064125
0.010173901367485002
0.011588668731710033
0.0831831865040986
0.017574171129660955
0.022871326156341607
0.9294722312476295
0.0038971880749598528
0.02072451359454787
0.006874789888166811
0.20123094839080288
0.0032195376402947224
0.0007078699276262247
0.13096603517123098
0.3608775255786766
0.13841396213578486
0.08029088285349456
0.14418647779791258
0.011263090903037568
0.013000072331622772
0.27140124484879824
0.01731182635617772
0.019665002831340712
0.02036709692265398
0.01357808090299412
0.9493420974123994
0.9707353240051789
0.024780357917821814
0.002460854035222902
0.031018134281632366
0.08642423219107737
0.025051273422293317
0.008329761084649372
0.002998223991311997
0.07060922661297424
0.9778325655721997
0.003833686239216832
0.02415116794926679
0.9705540426818637
0.23543609394149445
0.0033779960221744514
0.0026181122451170756
0.1630817549865064
0.003034709325464233
0.05253212986245998
0.030250060679173723
0.9764221078957352
0.06341306820488957
0.012369722641981827
0.06427837345937139
0.9869331696848759
0.11753341723729344
0.035206987958035126
0.049102875600000664
0.03147784227719806
0.00441868743206392
0.9716421133643639
0.05370929081810058
0.04288911781729884
0.1578073125389984
0.008391573432581198
0.018215852603969344
0.016681541585359994
0.022802705601412947
0.0015659514314582442
0.0716284873469137
0.016314872595121696
0.022968513389651404
0.0045951340072610605
0.06648567101725371
0.0019105173934727093
0.03276656140823633
0.046077887937107424
0.9563189444519257
0.016817090308228783
0.11111229256100932
0.026109734105780304
0.0071839514470909875
0.020989055831542678
0.03628807346860006
0.030827594669206856
0.013328211359260983
0.016912332456583676
0.08432009877444611
0.14200803753258479
0.9781243515530289
0.22296486382468214
0.012269276775299218
0.9624697201001176
0.13382353216481369
0.39745310085615415
0.9645711419994171
0.11670905987931166
0.9865705678837953
0.04801116928130309
0.0069282562142764514
0.2593618197405434
0.02387733305627963
0.04449576115006105
0.012551522960371247
0.00597181030729945
0.019852490879776502
0.00397405707540945
0.06671196316673075
0.7023839358907983
0.022558063096904682
0.013656164228187249
0.03480968876531357
0.011596604303232793
0.9595619500891857
0.027404606251864874
0.982807662532828
0.9719573930257326
0.01244504252737463
0.9869808557423263
0.0322037544183579
0.07526540098895171
0.009313409522725233
0.0023326706815658457
0.043752211136291685
0.9542165558844863
0.5335220796368071
0.018443429925056855
0.8297321204634485
0.011206276845126865
0.0031306791542027694
0.0024409719441554965
0.01584181666686828
0.0052368533616636145
0.010081380606876248
0.06263060211403726
0.014620926036847852
0.012609429690544134
0.10874880866843098
0.8864151213848915
0.0028817257663207954
0.06407648623997203
0.06164562052576225
0.010900547479213
0.1162653434992772
0.12610535398549214
0.05245813909894928
0.052838498418336245
0.028223519033073543
0.008735879841799707
0.9785317649305908
0.019925945613657646
0.9804045118891292
0.043958505782939215
0.023352885084818437
0.9603056358464948
0.013023854284850521
0.020390710208034447
0.0029291692920709635
0.021195249955098302
0.0039312883885567135
0.01372952494985191
0.0690008951538152
0.06736640697198439
0.03579384707430149
0.012727150440854202
0.03515406973889974
0.008727363325809557
0.06830250344596094
0.024998924146603697
0.03730507207741915
0.007347775683077637
0.04118653013741728
0.1413544177889524
0.7424010063671783
0.06461696542231792
0.013033810227840385
0.008932123114581133
0.0065781396007636595
0.02053719049159589
0.06830132204818272
0.02165250015785432
0.021109027415049025
0.015395609077313877
0.049522763616300536
0.19702732835986161
0.9690395074844677
0.017034132375717492
0.8115594599884712
0.02584826417972581
0.02025803702403366
0.01838332307349731
0.010173839578727948
0.031017955523152556
0.05479398747442988
0.00987365562157053
0.008522399897077653
0.06291080600012147
0.002333796935505125
0.14187819157970757
0.0820099620663208
0.006099095361301237
0.9409026970873658
0.00301638078395943
0.008695000696994826
0.12420101433895653
0.09569001346087887
0.02584564571347816
0.004190797750858683
0.010581500041097354
0.015227276105571648
0.012157443526466954
0.9800446587847899
0.016598627516818315
0.00404177176012742
0.0640303686988059
0.01716374024886855
0.04019547034792293
0.022920375382648885
0.02496750649378752
0.012994652359314136
0.15394167163533926
0.06741628480877447
0.0282878415709815
0.9727865951267419
0.011290475707177512
0.014170435015719475
0.08373798590911237
0.006039092768081442
0.0064518434473060556
0.04587723846504458
0.9655550823151825
0.0243023228312432
0.06243260334427174
0.07440086115895848
0.031657713274204156
0.06039072766017917
0.22672027222806126
0.05030357978434801
0.0631806687112504
0.02455944407937079
0.0175715719546794
0.07062172354893288
0.03139042961271532
0.016003737205178097
0.9625976572073222
0.08447789068191058
0.020415298047716933
0.022116926307721416
0.0845072229083276
0.045841256728675506
0.9824774347212113
0.02221468906845435
0.07582432926001371
0.0625798389727799
0.04313533086199063
0.01541915712688403
0.01771897278835894
0.009686748552245923
0.0012351871575527063
0.023700109789071337
0.010493486657249215
0.033977225174452126
0.01690641922424448
0.009940865823947213
0.01791584499036181
0.011045548358238656
0.10524417205110333
0.008324875047423597
0.018653285598734286
0.017920787042372894
0.010835537431940026
0.08606820834675794
0.006578285530698164
0.016431670826023634
0.0025510680588241384
0.006365571070591211
0.1867297754870258
0.010367705493053358
0.014339459830910296
0.40572987064044463
0.029301912934068596
0.027531494231700624
0.00711953447606361
0.06960277518587575
0.005039969297808275
0.24557722019575473
0.013706103307260388
0.011498460783612656
0.05273205193947667
0.011395625272740961
0.008596194922144256
0.014000722443426289
0.022119482542561415
0.0017586065207341342
0.9818588779894418
0.04221739044101519
0.013327153292131222
0.03090025775698352
0.015092156523477375
0.04473460572763692
0.03195209027735313
0.22904091893832654
0.006697778791940745
0.9618498641160151
0.011067404192535808
0.04911974035007095
0.034349137767959705
0.037630101026175325
0.004042549926311913
0.08803147492345176
0.39782066072662825
0.9276165734190638
0.016433901709088927
0.027870842690833383
0.12898153091543932
0.017453421333145508
0.02315901127744368
0.9502361421561463
0.12729760204091542
0.055250354055435394
0.019589635348635653
0.007894955588959399
0.9782433964519397
0.0077821297766004095
0.03606124641154392
0.024211456940727072
0.9894312336810203
0.9683454568521765
0.026385732171381925
0.9834063505748597
0.008000612077852062
0.020033791570083392
0.028905442878338874
0.0821389580069463
0.03358749949632431
0.03211481872071262
0.01298408684501117
0.01551531846846831
0.2605215077847806
0.022687270597216074
0.006956601823947003
0.0019119020510313302
0.9579308689885132
0.9698745310655497
0.1402375888614617
0.02126909241958659
0.04391748327011383
0.004086737542886606
0.027608289497381755
0.03086067803622138
0.0033020455527809226
0.04391859297483536
0.01263392961066015
0.29944476725456126
0.007843509851340935
0.9717320624740917
0.025577796712474475
0.028331900510375492
0.918120945553095
0.012101383715972545
0.020253920173214833
0.07416029830172068
0.011455515445764126
0.2026811930362144
0.026419435507453258
0.9786982630332242
0.004816618608250497
0.0032468986955115765
0.01962869797408779
0.0038128143188760517
0.01269682208557506
0.05536184397295517
0.0509965921975511
0.03937599702512223
0.010906067126433413
0.023708078539034397
0.3871146954222041
0.10469258762265793
0.004492747767341317
0.09631754991934909
0.9801071050719825
0.006132877511227146
0.01840191375977771
0.006041864349029177
0.03451541923098961
0.9509802610076615
0.03923866909467996
0.0014887583571586472
0.008746825138052111
0.018911524558616125
0.18700795118592398
0.0711814907009932
0.01674753062305157
0.011087462235341738
0.03872479330670755
0.007298871959017793
0.00998562933566738
0.06838414051811752
0.2409707236268596
0.209461075963239
0.9802359902168034
0.0161809674795022
0.02243680278319573
0.985376347943293
0.023940661266680516
0.38985791205515097
0.046560197025287645
0.033784725902625455
0.030112820477975227
0.22631800653392134
0.016829400416602948
0.05931727852754012
0.08275582005348948
0.028969360751492684
0.0035270502926656355
0.4225919464242017
0.9424731930449799
0.07633809216900257
0.004392607252988951
0.0034470699144832813
0.0022257541788125615
0.013281710124879961
0.06371589054964938
0.007698671793682728
0.0046557180115998666
0.0600016598060476
0.13302700599092757
0.9830492366167534
0.02529285255768542
0.03371561371558428
0.1326427557796749
0.014712315871080581
0.024526303712659906
0.07844743198803295
0.002506177978867948
0.9744368881222619
0.02250598391132979
0.0026676308411628454
0.003119262261212989
0.006438119229842653
0.017052030599240466
0.010875243176900258
0.041291260349872856
0.008594486525439376
0.00682466918601793
0.12386725600997973
0.051267714881555
0.009482616180049808
0.08796426258772899
0.05322146552417886
0.04312636824579371
0.9546287128973254
0.02860839139842705
0.023873670699273396
0.015036155982903128
0.8457669815488578
0.019535567987851436
0.9917458502356491
0.02088169570769482
0.09879615915000507
0.001973211392387064
0.06051145138736315
0.001969752773532826
0.9514800085628707
0.14363457783642136
0.0042304080140740654
0.9717105007170315
0.03581530976306811
0.040312368326357075
0.08789518563123322
0.5966795531501712
0.0026823122691058414
0.05111758370949064
0.9969821468783483
0.20286942797608482
0.005145972457862255
0.015117391901010777
0.043040119117403276
0.03712845269302466
0.1210238916143047
0.024435799033041876
0.019138787716102085
0.004450051224800141
0.18460873957887589
0.0722791104959798
0.5264155556906416
0.03417021115463304
0.027222297736112355
0.1680692787469845
0.03538140735232954
0.3363453481196787
0.009263818486997158
0.10084458711707145
0.024911578276426247
0.09295058499998389
0.00623269095893196
0.13863896743711804
0.9316015647594604
0.046575381381697874
0.013315255540435686
0.09053812379852148
0.0014185873910886814
0.06802222499820093
0.09780317696343743
0.16317747700213595
0.0243023228312432
0.013401220016767636
0.03467358433322687
0.007079225223952541
0.009359674338525371
0.022138896013257248
0.9094782598163675
0.09651758651771003
0.04300313193936067
0.11874768916156828
0.02894607585517251
0.9730612048855711
0.09952144979973859
0.013126198292061396
0.03648117097249069
0.017112222177564945
0.017549908102266365
0.016705529209294117
0.17280930828104815
0.4880623464029574
0.06642307690758993
0.011822569840510997
0.010262830927460394
0.02995455641421058
0.898546787127249
0.039498752752537475
0.45172142908981233
0.02015597093337755
0.018176194186523522
0.03183202085494139
0.06346186887450807
0.025497974213501973
0.015159284608470925
0.8310089036523218
0.04131767303021782
0.016925238120602523
0.008593597063803684
0.007323473975037602
0.05250334761359561
0.976229168311316
0.005671980902555988
0.9689346970700039
0.27401351474984914
0.02613729496707137
0.024468056156797126
0.04826092199229977
0.015204658030301953
0.17646647887105932
0.030187214969286818
0.12573141178182357
0.015019685203451602
0.00812639829773016
0.8525073904157174
0.003578099375545401
0.007951220976518032
0.029687615867619317
0.022223917783192867
0.0426998620149569
0.09986848988927657
0.006930262571802557
0.02544024721015259
0.025612114316815416
0.015384137561306934
0.162891083231456
0.018818209553324177
0.008344608865864777
0.015023615430120825
0.07234076021795298
0.1251461449105833
0.9972144585437035
0.016400514515080813
0.04928507726001173
0.01763101305257008
0.07758397020098479
0.9491521236123649
0.016809479887896113
0.08778650037013032
0.8833765683558412
0.014677262842500658
0.010885670414697568
0.008458731092516112
0.0021874795504258477
0.9798619962750065
0.0035411528833090332
0.03362334969760342
0.036825115202957275
0.009343662030375453
0.027227961984203606
0.03432805142846762
0.0038981976143555963
0.010494582759428618
0.008466308638742473
0.029204384060938976
0.05739556760325318
0.17758229751432994
0.0443410542815611
0.028957695277086887
0.004708960434692808
0.025834673280066292
0.02827474919869213
0.006482479822313053
0.0067636155033794455
0.057961514850877104
0.004944108438188512
0.07036110600007225
0.08313221435426792
0.015736815202433526
0.06810674416033562
0.06983760099897691
0.010054289187676162
0.009285214523952779
0.09256273626317299
0.00163677387173682
0.9299610546039048
0.22793325978430368
0.09061846044956418
0.12895726354884135
0.045931858459066416
0.993272466083455
0.0054681891812445585
0.036571260201310754
0.023683115116943623
0.054572379743025076
0.07268603485604615
0.08377396392933774
0.022940314862018717
0.15480988485587888
0.01713265334996762
0.008636292988506452
0.21713665941060492
0.00440553522872354
0.01037434831264131
0.02084254586204335
0.022071943187409442
0.09912637933541292
0.012818047829724122
0.008155845629634015
0.014570007621844475
0.0011139772965540371
0.0060607217478865095
0.0270858398710596
0.04251716575961123
0.011646500485260943
0.8957150530379515
0.009855230024237013
0.9763521347973799
0.033856936481120994
0.010099266145731936
0.046326296439566435
0.0061088640405338405
0.8930633124818611
0.4643014799692325
0.19557443447052927
0.005598758073717137
0.02488227477591917
0.013327161306240407
0.014111848055072642
0.0303014714164668
0.016248421184036566
0.014990479042770356
0.05411666640071891
0.025327869629428647
0.0025606127784325444
0.01252208149963977
0.00642863297341357
0.7633085472109766
0.009973462190626366
0.1175854312180288
0.02850774814948843
0.018813184434839997
0.03395961669834872
0.022827637275045408
0.03560596739418284
0.002751942924604146
0.020863408717020096
0.1669080092235772
0.007316775887617553
0.18309432362870293
0.0368185967512258
0.04078505729515124
0.004983316161828587
0.12362294677991667
0.9793421727096632
0.001635555045021223
0.01599897437613109
0.06144977823172729
0.03003447206413173
0.05773539658161141
0.02004328202729574
0.08075902825821941
0.12962902191069614
0.9290018577748268
0.007005986906532824
0.0015625197143071259
0.9805805769978592
0.14341184164782678
0.014402711179214158
0.01635209620053948
0.12035038782724679
0.02050425432746507
0.06881848093070071
0.03156212294148351
0.011170706548784841
0.11746299513321479
0.02624697025111884
0.9174990638593297
0.033753718185450345
0.958930442370073
0.019067383260784807
0.01586124997666609
0.15118086392883717
0.007146176446201813
0.14522087042641962
0.1153720540217222
0.0477103989767057
0.03735978211953226
0.17927867308612583
0.16867951226278
0.06634454888731095
0.026822347319521544
0.010502192471383724
0.11918465144241369
0.06752517213064207
0.10261454379703944
0.0038354085009700504
0.018163379935667696
0.18270173941773382
0.011972762086783818
0.02618235266141415
0.8742524575147612
0.15663354486705192
0.9596668285923672
0.9820276631913079
0.9345819809761093
0.14694370992762412
0.036123552595638
0.06954344845262352
0.9842010928018842
0.05710237961769029
0.045458107575718984
0.054383937237925166
0.017329441913097817
0.0490966671054984
0.0264276382031964
0.018324479691056036
0.024919846298541853
0.340172946993419
0.027193785433829193
0.16016776198568727
0.005930712228113757
0.014897259929630681
0.02851527135845457
0.012224346537045438
0.08755294718137752
0.02126819417784266
0.017100656186416083
0.022018589878415172
0.022287292383480758
0.011443262554471771
0.011130531895174147
0.019205436806442547
0.015668518901854292
0.035978038616581436
0.13780952756405856
0.034220493636037845
0.034448604769525736
0.9683443032777167
0.06853841728899134
0.019144559567035473
0.029250184766235445
0.9665322879413812
0.03370744678601827
0.054656017242783336
0.19728559454620126
0.009387582524572414
0.20917068919035955
0.04003194862945972
0.07411847772254058
0.016477104457903742
0.007942128679907953
0.984669928864884
0.04742943605322506
0.028136524419917555
0.005865615748953684
0.002465774841379734
0.10445579407729773
0.04618092149541135
0.1418663305929862
0.08169176512356455
0.02185091773111936
0.03441835744757515
0.04986972826028251
0.23663674686316424
0.0743749514896594
0.12031841547725719
0.062165336640450125
0.09961492619943163
0.01216591568660948
0.021949948025461775
0.016821510198853404
0.008483831156204304
0.022871450304330982
0.02359649454074198
0.004227200154174031
0.0010291243170537372
0.01880944704661477
0.9702431609651648
0.07142261209896512
0.15323993802415523
0.015314716757914114
0.01756579810873598
0.002668369274097577
0.0022510709109578096
0.35962279557438975
0.9736759634594732
0.09192733799758697
0.009573323250098593
0.03071564975082775
0.0042068901533993475
0.014072604864535723
0.008312413262308709
0.10036406824855328
0.009264210137737263
0.025047633180653575
0.06383665096574673
0.1916738410083375
0.02236998133103705
0.001687417077591231
0.0204623519543162
0.013745792629441053
0.005339026618765297
0.05059625948264886
0.00944334012719245
0.002070602548612891
0.0702554708393328
0.08107133377042894
0.14296458883188023
0.012487191979211405
0.0026354879942244607
0.052103207802645796
0.007777097375776664
0.03671312440330254
0.10562909194368238
0.0216036644971291
0.06445036847213993
0.009467504795187681
0.026214456044335466
0.1724789312733959
0.013212516444126096
0.01953693621523219
0.11510359612812429
0.04402623408989558
0.004151947909069842
0.15467907715354565
0.998367636609572
0.046052161563221665
0.017039374346529045
0.040292856348487234
0.05858552654122239
0.01780024768383663
0.9127414278129714
0.0744636361109729
0.04265644818448335
0.2763619604194602
0.056777215609556834
0.02645723943651959
0.021394048178437403
0.0066696606428709735
0.03965978609619407
0.4194925792741608
0.02403055895274782
0.002912386764896919
0.0026350017554946535
0.0013097450972730672
0.02512919495494447
0.4466964485939557
0.9905270200163593
0.022032440129660796
0.0031726892131673876
0.00713873757131619
0.9550481002379348
0.037608669813010843
0.0052288778534597576
0.018324208752251717
0.017247346064976115
0.007362435289611835
0.015419214065321782
0.02807427037841421
0.009025194035235808
0.014508104240743634
0.07826808601387272
0.010895699844399727
0.019160821819351692
0.05639382825470207
0.1134827443661462
0.0553524860693884
0.2598718446641959
0.008639129290580945
0.006668617506012798
0.02238600592505878
0.0023336814433895657
0.008221642274456428
0.04269503194561855
0.025062581863668592
0.01661547331410527
0.02228853630373223
0.07401180211653521
0.035163994438590675
0.011015516582511754
0.015561501400873335
0.9584383644336717
0.04209544706919945
0.28742354269533343
0.983275100360091
0.024101947273462376
0.9808964192157658
0.01087930495924885
0.022080242895303893
0.06580321906342289
0.0030536371344541484
0.007669847727137473
0.02011873947193874
0.049328382660445605
0.01308744228752758
0.020539760195541313
0.0024314953871468798
0.03512642847848455
0.01777497302222794
0.04534760832373617
0.026789186505696082
0.9641424324036109
0.9712823129250494
0.9279403915968365
0.006247263490888485
0.04394962119219113
0.9587440029906523
0.27736853231294784
0.028867907980174235
0.0006474248139302642
0.03477007119688507
0.046619266423824406
0.23497404168497393
0.03821940275376745
0.009424706748051489
0.07194345416015546
0.9261707932977572
0.04422207641419476
0.00979535048457223
0.01735841174069897
0.020993354488868295
0.9775803037722863
0.0017782939656828852
0.008084261102743975
0.007510084051583248
0.016482472591304125
0.021470451578811476
0.01682330614936001
0.062397955415221314
0.03905404679078568
0.03035574529430391
0.9772035525948561
0.044678117908196875
0.10794811711011357
0.01616316793480774
0.3301354500889277
0.16702441334526041
0.06813891701971538
0.004127100529744963
0.019698353021143162
0.028527213459886056
0.021213951356763194
0.07105874238161752
0.009679560144778478
0.03284860778124923
0.047612533964740675
0.033991860529404595
0.04746064290179982
0.007140822527766869
0.04398773001439586
0.0437017199774262
0.9676770011179621
0.016946671526585407
0.008428503719611818
0.07273543111170061
0.9915410759901262
0.013316186231560275
0.015595793925349979
0.009236608195295896
0.13973415943022313
0.033041839471200374
0.07251253063893238
0.10340746144059787
0.4025360337492958
0.012898561709296263
0.01615821927203942
0.013759159085838342
0.01218846807806389
0.02418124552756848
0.047173703532470204
0.2203398625957614
0.011133784854317706
0.14980925955611601
0.03850957061709119
0.10482518109014743
0.007141846357349302
0.020052677446115035
0.0394177297288928
0.02864190462493915
0.01357171202908979
0.9296634814900001
0.03447192723647244
0.07068095622268494
0.08218208089650282
0.012583346947996758
0.09354086519805688
0.026829161377119822
0.0009850631148774112
0.0220817314182573
0.01668967328062526
0.008162444432242176
0.004908030994239317
0.031173245307739943
0.1646262886125907
0.15291726639106137
0.010915172952013
0.007716933747832721
0.021698037592058336
0.13344287258267562
0.023868541978367967
0.04733797397404913
0.012564979779409758
0.019513991601789998
0.006274659649329747
0.029135394671721333
0.05373550040591204
0.015544939151233199
0.0014883348703921496
0.08097992527204462
0.015512552813958051
0.009335303203121151
0.042095103961685816
0.9688274214055616
0.0677009231171173
0.020444619996904393
0.131422469572421
0.07999732676164366
0.270463242962393
0.9500116966941554
0.014529172339969183
0.049002771009714695
0.01663020670401893
0.010125896442742246
0.06448739341799303
0.005536521746543543
0.06248582362671232
0.0414151487224349
0.029901766782892265
0.04804482773914814
0.4360700246458273
0.981231137667904
0.9625863185007566
0.053652677843083016
0.016115637912981744
0.10603511735851832
0.010852766003750916
0.9720077565899471
0.9860635732210068
0.011020441257201552
0.01136726158849633
0.5254657361556013
0.8607809104736787
0.9718169598754562
0.048030269668512045
0.04101504793724692
0.07121470509681113
0.0181943533665939
0.1396922451982365
0.20581872280596827
0.010357492852910698
0.014215500448270213
0.010247288748040989
0.04967481661892622
0.01742078964288216
0.47152146734563855
0.014314137695758372
0.06462030081935255
0.05868773480210929
0.02049772077620376
0.028609499852487206
0.015110082760801957
0.05794478191327562
0.04016008446414245
0.012143032901171967
0.07976908249277756
0.961733750401935
0.014429811192608218
0.05733272758806682
0.025576435839569412
0.0015655918983624286
0.22294797818540865
0.031896326100575745
0.010142489977401081
0.01159261503873555
0.4329251879382317
0.00995927363917383
0.01775893681535142
0.8120815334575556
0.024181106873744584
0.051557380890870676
0.0029695847275098067
0.06215040660510766
0.022591747772118052
0.008139320069423242
0.0460554849888804
0.020980849411599216
0.013226817076496478
0.011751707044092332
0.06851554614715114
0.7606067973991473
0.31202958154466354
0.006148066777972897
0.9862509525704409
0.060625138003526674
0.042466617348700615
0.9838989395907481
0.01674327618617585
0.00263958521892184
0.9137963311213525
0.9163889451086312
0.015326209592030874
0.03606756741305842
0.057852441768975985
0.01018262966746693
0.940956378214847
0.03721766676993071
0.04164504981621048
0.008500852417733394
0.021013770393518368
0.061542977633182006
0.01337684235631379
0.24073879616211305
0.050748262734060946
0.02767304033374199
0.052560407846773356
0.026636924227407342
0.06377626848039762
0.028733078780183177
0.09195472611655695
0.01721681430248609
0.0542679624197195
0.9538251146635848
0.007252566571809342
0.001608905025642124
0.018513202467084
0.0038862926590383334
0.013267964391748687
0.15994056251606978
0.04626780429619707
0.08703128761466707
0.7795669126258081
0.5526314420357952
0.03168189945008187
0.029573997435590003
0.9280502502115119
0.02805667162860453
0.007723537960921232
0.05885671240772856
0.029016752168238104
0.03530085470117107
0.023982071849633062
0.01562653329274866
0.01518082934447242
0.0018276226051703406
0.982852403220121
0.008185135913029424
0.1630065329826001
0.14141500541142152
0.6581717214943485
0.002411731219333681
0.04482551854782763
0.01755634442521015
0.009286979595958622
0.636627290586157
0.8304623977388611
0.05789448173689891
0.0833632680417217
0.0040073167970759
0.02213617387986737
0.00324785480499198
0.06423505059841474
0.035239284242079075
0.9012271203869844
0.03964814316594277
0.2302484092930861
0.007029139115973458
0.3406307106147727
0.03932703838217681
0.0036006377042226805
0.12292254072017503
0.00283624072062692
0.004140713684107578
0.06993367555607213
0.02951589081173222
0.04104570218265893
0.07570188524522842
0.030524829633567837
0.01925595009804956
0.016937653014804037
0.040774227343649466
0.03568564824606005
0.01489739920560107
0.02529061303237643
0.010189170806248728
0.9418072826311346
0.008454959210888636
0.09865268675646867
0.024056124163929864
0.16564713727970062
0.027696686689717483
0.03947148711635018
0.019307540185422665
0.002805216573973381
0.034055092324411486
0.02449848185599748
0.008325177961484386
0.009129620655817123
0.013674535814986653
0.006169823439962755
0.01008107909356144
0.005167127171608041
0.9672987107053443
0.11996089650191553
0.0392688816653346
0.05145977575222368
0.035363404230853025
0.1123963907566463
0.04018801308039497
0.018858118713066477
0.026036688492858513
0.9141724856195168
0.02432666173741657
0.016065754736405827
0.0021671344586319113
0.03827370888120082
0.021182220270603243
0.08761868893806986
0.00494415900341728
0.03414700000693414
0.03212218992078528
0.0023780927049025543
0.9473216718492568
0.054930230446570055
0.01226726755672235
0.03888842073586351
0.026229207637037663
0.07032006320348365
0.016165592913803876
0.05348900955398231
0.019785135984193947
0.10333327160239936
0.026980777297189035
0.005836821744056135
0.2710486906953783
0.026763507526862306
0.014659296846650995
0.048492217296234236
0.027123754814535935
0.9581776110877321
0.011016472113913137
0.03120763401294746
0.0542479224238445
0.1268779454131814
0.019272409427847043
0.009964233042467449
0.37278242032671
0.08187594098173182
0.013306430577887024
0.01749882357966356
0.009607517484587404
0.020876082427384212
0.06754598025641469
0.055343954820026894
0.035360382752746826
0.07895174877578033
0.01629223977344493
0.11473838999915703
0.002396966005426114
0.07800723614707332
0.006373748729287928
0.004315271306642618
0.022333123350753617
0.024650604119589328
0.03241580216281486
0.08800174694581836
0.021761033426008276
0.017205376375517945
0.0230696770523923
0.08437440730144823
0.02658393334106324
0.08223630276138008
0.0020555035585713777
0.06865871525616488
0.006879821954090349
0.006968658414855146
0.06353969357981556
0.058985254047964626
0.005663602700011407
0.031872813429068156
0.0024358204560020118
0.0147541255397115
0.08166558941279313
0.023787065887577088
0.02676789407095121
0.01867498292640919
0.0038860928966672715
0.044559386430690566
0.03477949497266615
0.06686058104437828
0.009480590564498913
0.008212276911628366
0.06051598972988696
0.006147783764154364
0.20455356892814916
0.0072743422596886435
0.00404795905657041
0.21815125901171495
0.968982756913265
0.15842665145897084
0.01902312235864791
0.015001622025377765
0.019457917914467906
0.990176183796553
0.009331322552132487
0.29504981827498045
0.9365677202315593
0.23238763347979757
0.9778246686436272
0.00239651142155174
0.3674583084376573
0.08213145798305492
0.0013832355754784943
0.014326417327675606
0.16053664771007156
0.03055741746678886
0.9871942932624068
0.04937691437540323
0.23327436691563966
0.001529278169316786
0.40225078869412145
0.007876826560512811
0.02307533416185984
0.002713871156182709
0.045157583881247465
0.004119247010388258
0.016206662319629816
0.10735682395577574
0.12461424460165606
0.02178628896066642
0.05840379533857157
0.020269475294290847
0.07729491218901381
0.007777865123979659
0.06700937377839221
0.004054730599417351
0.04609011900600744
0.2205939011751018
0.01786937755156082
0.07658511093395573
0.0539523237038735
0.05578124272054817
0.06857924499452617
0.015617742195974726
0.017549261268209854
0.009800409704349578
0.09426244017026437
0.0077535115392041755
0.9936385447714788
0.03611270099116529
0.08219113613330904
0.00970379396556649
0.1174551373318598
0.03286250951117427
0.1299343500715132
0.03625708407797936
0.0011753436316430238
0.09490898006252911
0.04594439007764247
0.004985148231642674
0.005604169947009015
0.032595943931166264
0.04167054961068478
0.009228737825234702
0.10146063407138797
0.017027782085157837
0.047219372256993374
0.11583210521014185
0.9620460666989465
0.04024257428971769
0.043256603004723365
0.051120634855721936
0.006123885349935421
0.042135355272258354
0.007718559083615985
0.008820343523569826
0.11487362733798408
0.1492163527437928
0.022200818713253006
0.12329292814605666
0.25211247841437373
0.13720242043818406
0.018842316778311045
0.06764004132097046
0.003835766203304706
0.016661346072903874
0.9808272346348063
0.0019960745603557505
0.007483118415473954
0.02284339372467682
0.04198572842176048
0.9843141061190687
0.016717919235460996
0.12127480706486492
0.04917594113436387
0.3098100046555647
0.026378718468573776
0.9861054806115657
0.1555723361699144
0.000788029744091425
0.01009817959243167
0.022307781215639956
0.028693342523563654
0.0010062912867075877
0.8959454665832224
0.003894366699179095
0.005624972273116263
0.015454597643573573
0.9384660669484499
0.1311555227617116
0.02164916132571623
0.08805191769300134
0.17012540352831526
0.024332820338238872
0.11854693295420834
0.9083633671999362
0.012047937793845097
0.050768382634588265
0.009731340072661436
0.1597554926654448
0.9064303555199685
0.06126029074878728
0.05155822782135453
0.3174391059054283
0.653948792297765
0.042783331195942687
0.004076073564035251
0.0020207524541081415
0.022594198952893777
0.14077002652520257
0.0341185575972589
0.019433050914202197
0.9606789020710567
0.06806459054959742
0.025541701119448104
0.007621422704642398
0.97702834258556
0.05779681218070735
0.002499806066157814
0.013322734807447187
0.38552378525110953
0.050374437498651094
0.00960645330386951
0.025358731275242713
0.017455994121925836
0.03221587857006763
0.08922231193140925
0.01045433668053269
0.008999346720726623
0.013688746562115049
0.0026893170794761493
0.1115564372999652
0.015796136503900406
0.006846417224047974
0.0757847858554865
0.011595609681205557
0.025273511116078125
0.03532972766162064
0.0036021478754890623
0.02520549444807635
0.9447794426314295
0.08881604778903691
0.023734560964381906
0.03082391339049227
0.00839327060669546
0.8773305375783262
0.05966387321914473
0.01769222991976768
0.021188039091117643
0.014422286046133876
0.018631032625168756
0.20468657455136754
0.017098712522030893
0.5350094148131989
0.021926818633888005
0.9775599531238393
0.15264287568389293
0.05676290630134322
0.9839304040652724
0.9656083088259522
0.10148913011329999
0.005826263974585515
0.044962537302419746
0.05069906731112962
0.011180083952992055
0.14299101974682885
0.027623111014071413
0.04022668373550278
0.01979379181379488
0.028301175172874466
0.9782840902577264
0.02705490051927002
0.002050600625295605
0.020076905531308017
0.04842400442373939
0.012499982455165082
0.14287212138331185
0.012015077585180665
0.033054336295216355
0.9824100405290646
0.9622497520925922
0.00494494625656826
0.07200039652386457
0.053944532211567565
0.02057911810376358
0.05656494581779572
0.9594278503608255
0.25073974080837247
0.026095655533785553
0.1609564754956306
0.07970273389272241
0.028467599207509468
0.05608882561941581
0.014857457163547708
0.006050662600457
0.07629002563175573
0.016567118090068965
0.08149265651800451
0.0017394208029412094
0.0030622258770812657
0.15624407497629078
0.07833702298298595
0.08164765258119291
0.010411269486862024
0.02140038933325414
0.003432534245228383
0.015048479512316682
0.005391137241322136
0.9838248285832764
0.04110865047060385
0.010878635342687452
0.004364574211170669
0.01130680792185104
0.025073484025341944
0.017425087629450543
0.4894224046848766
0.08255474590299008
0.01121466109706929
0.02770951973339257
0.006214728911186236
0.011718450477568955
0.9151322615154195
0.025252148308370106
0.010242371365688662
0.0020064792846158663
0.0034160454402261046
0.024081307565632436
0.026362249759053963
0.017152423573858648
0.03273653541898091
0.010708394370998542
0.9635600291286947
0.035071886954195615
0.08650124438174213
0.9243203909039424
0.05237324202440794
0.9002794372063183
0.032321708150724715
0.010102768350531801
0.057190129955854936
0.9792594826932042
0.07959819690932202
0.031587654650609226
0.11717179487373584
0.09606362469249875
0.8596284512804702
0.12024060496115065
0.030783246493701583
0.07631566977414345
0.0052626901768972195
0.006421117298594829
0.03208084415625086
0.04977690011120291
0.0023217366418753728
0.005719891016749823
0.01884098575442721
0.04963402330914735
0.0026589961170798916
0.3126949287525864
0.015373141785378118
0.0013215981845375849
0.005961735124141441
0.9624422333898293
0.00723056825696852
0.055630723181317114
0.09917990616893903
0.9600591862983667
0.06721698178795825
0.9817324241253905
0.015425320696267576
0.07439866280692338
0.0804872707857208
0.00801190713672648
0.0041506145531751
0.010327546996294314
0.009895052048784181
0.06332246711611622
0.005869998449268949
0.019648167695220122
0.01852005171090125
0.00920610602289855
0.015010729955817127
0.0749527560997043
0.27872435981621146
0.02828984913091551
0.01112661703977197
0.02777041472877209
0.038006109556374464
0.008286480225581707
0.03991584453544245
0.009499197365060918
0.9605815691284365
0.9698783635998467
0.003721330476275671
0.01606468868754352
0.028930003631462413
0.018920718234342403
0.9576905574317313
0.022874092641134828
0.21539623953140255
0.07276099146225698
0.023393644360927612
0.0059717121211065585
0.024391410860162464
0.017474519202531433
0.035309722279201476
0.07403402615528684
0.007001086389142089
0.08842832815532378
0.020814269093546677
0.0043690563405192305
0.11426126816809568
0.00371323980795674
0.02186850676918467
0.09361833198071738
0.006141632936494799
0.7591750523115907
0.016824295876254832
0.019500544084458407
0.025188690439418914
0.009677350608600052
0.1464998096437177
0.03390240595669762
0.008385281743660392
0.9762439954759815
0.0055318168844470375
0.00499257008443633
0.967507171322827
0.06474567016041871
0.0915808350590801
0.00680578064643547
0.02248765788718659
0.010345349878307118
0.4701407441818547
0.9744840725467794
0.9720877505069111
0.1374164118717496
0.06365749948977263
0.002626739632683167
0.0014596702144104334
0.017116295518853256
0.08309594519244047
0.005891756543211028
0.019927988138300642
0.08483912218927674
0.1854427865973116
0.03807337661427913
0.15250995324459843
0.01880071033055971
0.9882951462034965
0.005633353178033455
0.005564287521075537
0.02194693378256055
0.3138393656800449
0.3247153987155223
0.012016358099262138
0.005195818209646053
0.007250093589846545
0.017956623411448432
0.004937086097930043
0.9710801800948672
0.010096079135890178
0.0046001127824044285
0.03988718525989002
0.04685128362518425
0.09985405071483779
0.009843990008682186
0.001668489863525406
0.02485671622450355
0.9733126684588309
0.012958932384682884
0.9103558408733382
0.04053599512610885
0.9638263147780266
0.9362972326802735
0.19517674901226606
0.0018230776492389876
0.002807086327456937
0.9516469022966705
0.31606090589307606
0.9091430512605962
0.046988660444287435
0.017455457908606652
0.021885227860393368
0.0036336317308862946
0.0020760821940483637
0.005720630473623937
0.03413326177078576
0.018457422281596542
0.003511399419219963
0.11731857583896861
0.02154847049620623
0.07713677229366198
0.01319454881925606
0.06309114475146006
0.017161311231015018
0.9187664035540201
0.982724304844578
0.001625026154671648
0.05373513535460189
0.0372176724894186
0.7489855629574131
0.07931076371118082
0.1690588123073301
0.028233936475691362
0.059675064505752905
0.9485726161734551
0.00885314663798226
0.024761107039012284
0.9784630685368522
0.001976785866115332
0.022567811244322812
0.9787690990268103
0.914559995997154
0.035738539117023474
0.9509073277871563
0.03649096747778053
0.0020559821603728825
0.05115412512503603
0.0070050792455441995
0.018341563933059985
0.00990946787711412
0.06714601465734861
0.08447036846871582
0.983218733329331
0.047444356953602475
0.1768230372557849
0.02000823775386386
0.004999660059260033
0.019541964205751144
0.06651931210989734
0.9152074544119196
0.06201320016527827
0.009151782636040088
0.010989381904937243
0.052367290896124234
0.02431099350672477
0.0577068856536221
0.07258446585488681
0.013574536826628387
0.016855109470139126
0.027015338870169162
0.023141475115957565
0.04847854516350496
0.8678604529462642
0.017347178730450465
0.11762359538789856
0.031116004793797475
0.9764439056304928
0.037126341572636695
0.8976671495495274
0.11871042315122002
0.046674201375516464
0.03976449766626726
0.0063755533946151695
0.8353150028785841
0.0016248307016230971
0.02500242415826163
0.014415867506470887
0.0080202552447632
0.5957721681128686
0.020646284917059957
0.01303139443646682
0.03274034369600101
0.009135151023880394
0.008353870112958827
0.18113189003445745
0.9753894734370034
0.022264835735684038
0.9907784461362301
0.018890460628455046
0.09484226906980045
0.03342230798841881
0.10575044736119589
0.9736286638816729
0.01942676977355003
0.021999035692433232
0.23002339359640925
0.022838787112192317
0.04442361759040129
0.3051509478673551
0.9724684746113804
0.010739443198243024
0.009350898591923942
0.3369979106317026
0.009902733354445716
0.03499410433835434
0.006947418907819543
0.014581831400818415
0.0020258027615757215
0.02271243933456862
0.16288068893643826
0.9729762812067991
0.01894585340979737
0.9708363036151471
0.12774992332159582
0.2156324619748791
0.018317974817022967
0.0159187345929048
0.011217248076621287
0.019699856929925857
0.06426893115373916
0.10896178424742177
0.9585535467034647
0.017296539889933283
0.019028075567297385
0.05751052626446611
0.04111690713380928
0.30889249910039607
0.035600840213430886
0.06833650649978935
0.03596067437553351
0.2640069309027562
0.011096818557414352
0.01074828496322905
0.0018036160566999593
0.04462738045686256
0.0210459404939628
0.12601274167332213
0.9598391818045974
0.034745628018007534
0.00667404618521209
0.030818332435152303
0.03095063237744542
0.008698940889012217
0.006538751053361622
0.09342006665868124
0.01925241433098533
0.0013833593537742655
0.007319436741461419
0.7477479678488702
0.11493652788437297
0.006706525582127495
0.012413408506170374
0.006670970771224073
0.00188007594384384
0.03051449282247891
0.0054995115055127275
0.06974212188407596
0.1685455494698976
0.11289425307165449
0.05378969029002914
0.04815018281667388
0.022171992430623604
0.9392604891062835
0.05167102657622085
0.06257240481394344
0.030151831267233104
0.02883264499458002
0.016222802534664297
0.38032759659774695
0.011222224065560775
0.001852459034696933
0.11138883532842964
0.03788122006187824
0.007122844779160518
0.9241361632684997
0.032179852005591196
0.011720386027794278
0.003994206362234506
0.007489063088203544
0.023968896227830473
0.02301691079509541
0.01550406189624223
0.002505464673624343
0.9724236632243528
0.29342486607650586
0.12454951536768642
0.014450064448001647
0.03389096966069843
0.037509302049371376
0.028970190337502786
0.040825279950417195
0.017590139193971604
0.04462591528040601
0.24865775213986677
0.015546727979400116
0.033488394873620236
0.013117364814308214
0.018533277464376927
0.01947912362019518
0.12964238503548295
0.026226096956528385
0.06807807611364451
0.05449800925923973
0.008814989645532758
0.031242945681579388
0.009528064526887816
0.020052151362593865
0.01701816414028773
0.033541389534638526
0.07264421975142805
0.0028143147893727105
0.01128524354226609
0.2436495033279143
0.9501121643082604
0.9648391271173364
0.021575614213437
0.3102847905650426
0.20642533909126762
0.11299697262090524
0.09150149739597938
0.9873218399749467
0.03434147500278606
0.004573366753146108
0.9710381204363951
0.03615285788844143
0.004215237097800371
0.012911298324242154
0.03605700352270237
0.005478702723840964
0.9754823780992473
0.02160813589907763
0.022009995553029432
0.03182194516232334
0.03056694303688629
0.012862246263480277
0.15393093593185153
0.019361429942255728
0.04784175589088141
0.0355222654343506
0.002663031681654824
0.022545222992189824
0.06760984026435941
0.025136947884149607
0.04464603047219366
0.024504951324358436
0.11588787737274936
0.04616215596223993
0.1029526319540678
0.09597492585520848
0.023906545960637335
0.05421387874446168
0.028496950609247743
0.1576066079074134
0.02869290948184002
0.007915350157637044
0.29672893760126406
0.023082982400692398
0.002983680081638286
0.03026105046553679
0.0030358208324816494
0.011242461868580567
0.20488895836419785
0.01909055124307277
0.06842087976913672
0.004671603302700181
0.11783622057772533
0.0162980695182122
0.017607730435657606
0.03564862627396295
0.03631982525687778
0.02023891660614317
0.014908265238783802
0.00318831324219707
0.0030929240664585543
0.03509002590900079
0.1513146736697299
0.028032237473353233
0.002055211057714392
0.02087444646880638
0.014468206359346944
0.07533144480492315
0.08096856674887407
0.002965610340534701
0.019450230324570373
0.06661016315445097
0.012707129023125305
0.13545021824391523
0.547657340540856
0.884423331119644
0.001688371368455845
0.03941332501395236
0.9915433597610179
0.030888721066740142
0.05391048380990273
0.2140208863347498
0.13364885847977043
0.009757022591636627
0.010072222464370366
0.9712102928287466
0.14125842215112946
0.12642278983238445
0.13800280941252513
0.006195584405532822
0.019753422249298762
0.07762028975061198
0.033847883376853675
0.002380036578915304
0.0263723567754697
0.00529753284927239
0.006395514840713771
0.01831797941976319
0.02555142137632732
0.12340164273286632
0.09979272308892473
0.051142066055267284
0.017583320508089948
0.20272353940244453
0.0210220184082664
0.023212392925844826
0.7472640477244257
0.014079626104645651
0.03910975769013272
0.10893462553049654
0.007451823224854502
0.009070560016038396
0.025180084234246707
0.0034345253843676175
0.002199932740215687
0.01890553586781003
0.07192324784245285
0.020563611925011722
0.12687405705806842
0.036692005049176704
0.060343238188995986
0.26900981057782125
0.022205812790396774
0.9540061308250118
0.11042748830948382
0.08478322779992946
0.054343170855168495
0.04556305237814345
0.02720702273264453
0.038195065677730115
0.03383859003264005
0.014146912423286062
0.01669091116364674
0.6652405750435418
0.0021349891473576234
0.02934364124394708
0.22730637330197392
0.029205267964399744
0.02894361410159888
0.06188340917538946
0.01922814410367471
0.0413314680126667
0.013554748557084656
0.0025669806808557133
0.07839678676585266
0.014974731401467798
0.01923803595415458
0.015056403684605856
0.0025927541489631513
0.010607875983814383
0.1130355743141865
0.03078214328081294
0.02310965527520071
0.03645449885663955
0.0074115213549466675
0.005679723576202358
0.23222886582882046
0.019354043446164537
0.015955412363948446
0.02676079275384168
0.04707706419088185
0.06129716398817633
0.006310737250721519
0.12279644838634271
0.11016476852847566
0.03749878556141443
0.03425090669987993
0.17346150924804088
0.010238577683433092
0.09530186148686534
0.006805948080792065
0.7483308454380637
0.3897058937382364
0.07999930401594585
0.03341565516764509
0.018450819393859993
0.3053616682381901
0.0735443672080842
0.001113526934156946
0.0035985416681780045
0.022414257999549336
0.010319932760442985
0.026991325023334817
0.2630237473829443
0.017789085230992447
0.0016307948948632504
0.006819976703457356
0.14635103447117287
0.02928039005360101
0.001440438719894282
0.13503043880863339
0.022262581301415507
0.02705173713010972
0.014508217679732045
0.03263235455716283
0.08849287136117778
0.03765276649225634
0.01575039966327296
0.9905393219250715
0.019308428760622293
0.006853264407610746
0.04539590881382431
0.058227356045519436
0.031784333157885584
0.017626116211991325
0.01165904845541763
0.09369628508796653
0.006740698247364911
0.011179392496172853
0.14030822559522774
0.01937364039010372
0.05046964270528356
0.12516139807261584
0.051940714679178095
0.04716421715220041
0.014891473578934195
0.028329763414207232
0.048090170408600655
0.9709696431789673
0.0038110982619072834
0.9389440757259264
0.028097378869132463
0.16727810524553574
0.015547930651249596
0.10482259767179279
0.9810966977870261
0.025347689471267792
0.020754771758229273
0.026015216046421742
0.0038317083725809917
0.08307453036107018
0.024570658841998036
0.044645033751065356
0.02210844341405995
0.008218211696973872
0.9855071711646576
0.028098090248800903
0.024982307870419537
0.12251752614435893
0.0008369825786591707
0.13600649295432404
0.01284832328491769
0.06091796713348028
0.9520791143945375
0.023991456431418656
0.010874577368681774
0.038891848146108424
0.07102283350456734
0.003975705695429622
0.006403646167424306
0.0328545548377418
0.02008448254141347
0.008819285869342157
0.013553775200995065
0.0015807178403008195
0.0766404535904439
0.07571476682853313
0.029853542317549633
0.07781385416987659
0.022291083658378417
0.036295492246365336
0.22855528617382154
0.02416298715187329
0.9556783452883385
0.05129541343599711
0.00842095793597917
0.02860704890849581
0.005840870337300991
0.045469317869915656
0.10737706384876604
0.12784796101070786
0.03638364666994922
0.013298225021791003
0.026991502140197757
0.046627718183429534
0.05991790238150356
0.01612255975901277
0.014439214040621162
0.021528030869464164
0.8839469126618542
0.016246026088919615
0.10765870740461592
0.019462985062555886
0.007192242294996721
0.03578107737928469
0.9723412503752799
0.023094807430808915
0.13465457579783136
0.02031549027950042
0.014592945897316478
0.13942376609160864
0.0557247684313718
0.04876306915844908
0.18460109695227972
0.009495625211299905
0.022830783886044898
0.06311878965581429
0.9325702816802502
0.007863900747568237
0.02515064395007601
0.12221051073645761
0.08892498352977697
0.9732577381523639
0.016735336812321894
0.07370818360397778
0.006467529396329004
0.43421699016588755
0.06226173648954505
0.012359854842227791
0.029534473330639462
0.04177175222357673
0.9784127653295962
0.012449423515145695
0.06498162535849816
0.019604037979861162
0.015093330604364717
0.007399625530840815
0.06433259680064889
0.22844239653457063
0.1105163942276023
0.26032577391881256
0.015021480112442696
0.06724173968347015
0.06495305003187428
0.48967694314655236
0.0337123543592758
0.043135396534204916
0.45421680930806424
0.0018574991230905244
0.0228285864866495
0.01404258652415793
0.06550970481965727
0.9753112394559929
0.14691692981313367
0.026584173411027544
0.9845885522936522
0.04153537833680981
0.2434074770210913
0.026541268826125883
0.07381984168024791
0.011234740060347782
0.030808889420548644
0.028903888483139774
0.472019356286638
0.015476588124699955
0.07450389942905615
0.04064292334911852
0.0036493025800366226
0.10191676163560907
0.0030161218911894114
0.0026956101246563263
0.011262384133597488
0.01589287305921742
0.9411350408088083
0.014116041089364848
0.03502193778552756
0.08487768085281852
0.04832523656718259
0.07770271965994802
0.5770540727206452
0.010117724325949474
0.7971962420645499
0.26839966144673655
0.01755059698878163
0.007497601851001813
0.0019189857315734637
0.0021723891148334503
0.019787102772594413
0.0351915096721015
0.03420599461141967
0.034825714781210514
0.04679062683923267
0.02230522148175437
0.0086161014062945
0.011955184546470288
0.09417901174157016
0.9690272249510637
0.1304298785219639
0.04547811447806848
0.005443123912705139
0.8815655994768435
0.027197041397844752
0.00355587498292275
0.7890424468125182
0.016075551555559356
0.012092952313584511
0.09290534577155404
0.03714673376954028
0.023643763348285732
0.08264472914522968
0.05440688567783014
0.01639826521955129
0.0670709968976685
0.2757697244602756
0.44039631524156514
0.0014905277767539118
0.010148720782388529
0.003007204698543391
0.012797871780082818
0.00740232942097148
0.004441117724043062
0.12914021933309364
0.011315776449712545
0.023973457400680038
0.06055420846654134
0.0034455908710108382
0.08102958419316598
0.08298271983750773
0.043330431096226536
0.00536020344706549
0.9905563709834782
0.056079680225447626
0.04294782949233259
0.011357599672014124
0.025534206814989496
0.0014324791279983888
0.9594772972680428
0.006684601264889334
0.01770893082253654
0.018977181114130978
0.011103687790999373
0.022242837243098366
0.1538109553959796
0.0224430154241365
0.05975890117991278
0.0022893842091727978
0.34019676285114914
0.011117618245857682
0.007169926842645013
0.005621951877943928
0.057087069523513514
0.01705105165692198
0.3331651698100196
0.014830770131218859
0.01728762789196734
0.05102180265293388
0.001027264566063079
0.01341186202069098
0.01388862217695322
0.007988879548642691
0.5462954791265504
0.0065549335375313985
0.012331837729377185
0.008532260556213579
0.05854736820224398
0.030180388953265195
0.004659134639828313
0.02014753719862504
0.9481085603094799
0.05129404942668268
0.014428599314152534
0.022773800310711717
0.002346579287313083
0.9799238080309343
0.017798691978171504
0.022099968915570825
0.005994510368417738
0.010281097386174436
0.05007793507742825
0.015589337384256241
0.0444842601622678
0.9530660341895903
0.9557704669393671
0.01846115413318306
0.01103140661313083
0.0440181767437805
0.07150140354062372
0.1056482298054785
0.0019172935062334595
0.027115497760652505
0.3954638681631737
0.15711177088795142
0.01040713770706189
0.052719801869660764
0.01937731887350645
0.02538732854111924
0.020372600154346422
0.9635181331744872
0.022496135394604568
0.015423111637008885
0.02001455906479577
0.0313182750260871
0.05472269176977134
0.2589734963728049
0.0038270526644815293
0.07606007360618205
0.029633044601477813
0.09489951223997636
0.029561373108363403
0.018563911701380074
0.2897378575232803
0.07088252905829567
0.006925623514137874
0.9920651956922447
0.02778455043659664
0.2537778522078691
0.018635423907666107
0.041459229134288726
0.06741683573630514
0.04776300182148589
0.05763465729907967
0.06389155102592245
0.9738969169445494
0.06657091907640424
0.007352382033895634
0.010279748260640237
0.04692538868435813
0.010378592961652581
0.038370570041890574
0.005690525987039648
0.01000855090962855
0.021539052465060184
0.15247447928937669
0.0019598061028447086
0.0032696898122033064
0.027329117783941557
0.07811088352965792
0.022582516034692877
0.07560020002715326
0.896479071027372
0.22482642220632115
0.13720604866737965
0.8749592302125069
0.0008145539304587018
0.004588087753644924
0.00912910489273297
0.012673736602569752
0.9814895524274582
0.011315649065921593
0.008011674490362091
0.01671025306142572
0.010759500815481852
0.07352354803382205
0.024261406829473798
0.013023937470034042
0.9318322470597622
0.0014103785004183776
0.027265605892809033
0.01191991601006555
0.9650459288549281
0.11001718141429286
0.8668748788991447
0.9422320931572824
0.07935891549309433
0.02937074819660847
0.02085744409520168
0.009532661997629614
0.005671878295252794
0.04279619724385203
0.9505756376597662
0.11326807195906702
0.05626156329353378
0.02227096024579542
0.047348946270599095
0.016471779352676075
0.0038454419772994647
0.16520002045860685
0.03518593493656684
0.023442231005931076
0.05259081502032502
0.040376414935352226
0.0696471471494585
0.018326606259252514
0.023707167223224215
0.0013283078910966326
0.031095617012497936
0.01575385701182596
0.026168737140896944
0.007479437399178887
0.13740540228685352
0.014673033973311492
0.06028485096271684
0.9450277548026694
0.0038964712269148184
0.010216230932784662
0.02552454665652228
0.9836487381492214
0.012677191994663415
0.007991617700953671
0.03345261206313581
0.05400732967212688
0.01574576598614832
0.9420778217487735
0.13577941587418998
0.042653784027302896
0.4188490280581249
0.03388815614326655
0.022350120879317353
0.046167562415727885
0.02747165776872699
0.06000924950969799
0.9711420561254237
0.024032313166059662
0.02297526523673951
0.025482029294844975
0.013344236402021595
0.05488598983550894
0.016777274439633328
0.006159423740878996
0.2533311661507691
0.015479880208891359
0.03504875999987934
0.019939712667629516
0.005654973936898121
0.9643241036142066
0.960220867721231
0.05954783481090089
0.0285980215225981
0.00980321034780721
0.003648769707327664
0.06517602034757851
0.033499441850280906
0.9768347491503461
0.017758925163270805
0.02017662366238888
0.9521367724092846
0.009543121603613347
0.007720699554792627
0.013003850099978408
0.9806856814038227
0.0028811046271395527
0.03725787141612774
0.018667683499640878
0.05480856839657012
0.005209442602967778
0.16271285241327121
0.5010558458506688
0.03554925067297504
0.003980177395202434
0.0018318245017224495
0.16668121716497378
0.9278832313907547
0.03651727660378317
0.020173800890781
0.007726783909674425
0.04040206766072924
0.003623465137138151
0.034746479335891936
0.004050585136513542
0.04474491064243453
0.014695472005571301
0.0907290962829956
0.002340722301611469
0.057069619035413355
0.015610931785864451
0.09379327540655821
0.0021577107802002913
0.03645725626746796
0.007310449315004804
0.9450622444132618
0.032433291422195004
0.005547035216640352
0.9742276174294331
0.01706309651738868
0.02134731312061129
0.004796605396627067
0.8991960612584693
0.9799153894988158
0.05422574730922045
0.020524354214037407
0.09004412014978169
0.14696804552614123
0.23687110659775104
0.019414674195819225
0.07584117695460901
0.024259786341184364
0.04990563264818007
0.02638017893403203
0.010628301493400348
0.11955974407238275
0.9775456543711
0.013801762127211313
0.9526722241862251
0.11057487456114622
0.009414634277418382
0.15498121229118983
0.02692479781019138
0.043501221827888056
0.05200371567441217
0.04798730958762796
0.03969204846201842
0.009514179519785027
0.9676429890080033
0.016384499927437818
0.02800766133263978
0.09846867284740901
0.11195716093782819
0.0016987564690121087
0.03602994347829794
0.016802432475419158
0.08178219531742499
0.0026415051404963673
0.06106011439947496
0.03626359133567281
0.003085082619068247
0.21291572641670733
0.08866533674655412
0.11591575014301274
0.11329735933466967
0.042141455315574394
0.024536258926847448
0.0043725523330754796
0.9131254246865423
0.023680611175938532
0.003054501552739162
0.06247503421511443
0.009131236167053962
0.10060928054548553
0.0006034751587036686
0.0026219944096699836
0.025194512585424652
0.014012247127316304
0.04602416585667888
0.05108372131484311
0.02583778862180492
0.0240266828503997
0.015376994712469293
0.0293904362646921
0.005318621567320256
0.01814166980388937
0.04819651491663012
0.0058685800680267595
0.9649983626425417
0.007818208826723308
0.051914479352249146
0.0065606262015400285
0.01223497926063015
0.01938807139998266
0.01365165558133706
0.10593176550722995
0.014346851102062767
0.3804399126239431
0.964413766373228
0.08063849486366673
0.0030048412559947092
0.006804924604794555
0.04021155263720473
0.030406328589171965
0.317439597780111
0.021489464949396457
0.024565273066980052
0.008679548553176158
0.005591171657000709
0.0660864651891611
0.005083739504703675
0.010734975743236301
0.12898606770438611
0.02527575981828493
0.9674358921985604
0.01872387430656832
0.004555207703693151
0.029756813622300846
0.027578626074127123
0.1918894822348575
0.01005856931975142
0.01810324740806262
0.01518412773296313
0.009528402458925576
0.03991730051961885
0.20285300699629016
0.0302873112322194
0.9585616833157159
0.980338310657507
0.17366327218037375
0.007941454879319272
0.07757572985367332
0.021124794815251303
0.023947883520963553
0.017687487391761778
0.06898137363533222
0.051376673868903135
0.017455997439984355
0.05313486794579868
0.032741825182900794
0.016210719754679106
0.07224971875185247
0.1874286465009035
0.0038405606294791513
0.0206916910467294
0.028738080351800654
0.03505247049958493
0.016782812627877477
0.0024634945507657894
0.01727720551335845
0.3369131491359476
0.004882200320234692
0.04829814183547699
0.014789729574419822
0.0705149250701533
0.01347530264728976
0.01253715639242391
0.018767424046413655
0.025848652662071467
0.012300665617296312
0.9412786986609164
0.009811653590364053
0.005441316710723101
0.02437973111599577
0.04786205586640869
0.09675645817977305
0.07615792640716365
0.13289950773083203
0.001483080936619456
0.053028058748479275
0.044994767346092035
0.026403577371783876
0.04559946881309571
0.002684781017169731
0.9503026712885841
0.006219068765095831
0.016880526913549652
0.01517224485080804
0.03420786376040717
0.9739046667815279
0.002391875365607111
0.03135975376507864
0.002170843734563376
0.025894331371238616
0.9008353197983224
0.009117290934523497
0.11863273825053126
0.01247217711520763
0.011229579412041375
0.05061521569241968
0.03708590258127271
0.010999376246662357
0.014577800592227418
0.014453961508755145
0.006247578227126285
0.10617713086358406
0.2515007912990101
0.0019189798380548333
0.03600189665258071
0.14874009533372504
0.03530478780743366
0.006251583961520996
0.025722625231306574
0.028005209425485542
0.014836938254748912
0.13096603517123098
0.03731278177747605
0.3473749136237043
0.015346115079199979
0.01249041299386065
0.017051113740683396
0.03787155793552298
0.007780676437056144
0.12345940811105437
0.016029956658120247
0.03606559398634349
0.19420204604366414
0.023571166943806225
0.02302318582675042
0.022574423386678907
0.013103926735151622
0.01860884456909616
0.08283574858900324
0.016972330788854302
0.05763683803546682
0.0367976888247655
0.5368791812301541
0.9415280500718073
0.004251374240390868
0.020578641169025594
0.1947874074516975
0.013221728809474564
0.019631471444815547
0.0018966358504696555
0.006329236416870384
0.0427242635520115
0.20223578555113994
0.010217845063065849
0.017429256692393372
0.24910028322482364
0.06502763735409953
0.036157052828564684
0.06329732665995123
0.0069685100242687335
0.07654342436410087
0.014514402209179043
0.03095515846825646
0.0780508155712671
0.9741464958308812
0.08154695207366036
0.0019089485820791246
0.06965711331144077
0.014421389082561456
0.9873436855664873
0.0016633634942574756
0.028116176146326364
0.13016091308838554
0.052021327718323934
0.013782944897110964
0.01808977260698956
0.9299791995355564
0.01598936546068783
0.01464094535676552
0.011428385561195215
0.001837978914193251
0.024657446173971947
0.017490884341266114
0.29597228578403717
0.8041277442240816
0.9687287139818218
0.9451750373483175
0.18182534118048385
0.7304765098013742
0.018701481462461575
0.03542241517481082
0.0038414181636123885
0.901235938772468
0.005548169188018966
0.01100166946305621
0.02529097898999756
0.04663102421017765
0.013695212156856812
0.9769848543020229
0.018612770648618406
0.0218319021358792
0.9429760578528346
0.03132023072362202
0.9884259401879176
0.9712502703398653
0.022395793418207077
0.01888157483926071
0.006941488562190652
0.08325044888684922
0.061377039223140493
0.021733757918426105
0.01777675914688485
0.04032282070785042
0.04239376310996163
0.006054295966310421
0.03174324038653419
0.041757741102887075
0.17804369823917815
0.06687834625904435
0.025827751673209567
0.9872731070364401
0.07262122771097193
0.9635939130681617
0.07776675997625924
0.9812002778152873
0.04337508458936505
0.08406618099153235
0.029587036816562096
0.056339290664559345
0.0035790087761575764
0.011312140767772266
0.012206470634026292
0.21704784138709993
0.10401091318603001
0.014708930946420283
0.06961852176576241
0.16173585230943172
0.031278818487284275
0.020961444647899723
0.9871387582234868
0.10131047893885753
0.026582136855121032
0.09416169812389867
0.03187973497609948
0.0773332609037983
0.016944344949715428
0.004805068493117155
0.048883564483062095
0.02118685590606822
0.8613155233321771
0.9731583467289097
0.06742820545266555
0.009310823099094671
0.16414742107340421
0.025603480973838712
0.001439268576593947
0.03035591345379515
0.01710387581291168
0.15852478925876748
0.9461586822698916
0.040074396115898844
0.017492379977798435
0.016575994094692757
0.0032620365318788685
0.0027197745167812913
0.9557420490839538
0.03062328551131822
0.013893761477433408
0.04957510159251865
0.024140478056726897
0.0017668764557846252
0.01031541336057592
0.008139215067664029
0.02751234884556421
0.008926277379680289
0.046835492003617044
0.041703178452878645
0.04586763760835196
0.1046478208602446
0.9426698139653708
0.034117783549216185
0.017748267526691102
0.02383378056387073
0.002505551757051174
0.023202499840292212
0.029343531914547777
0.07629932854154915
0.035139853617999525
0.01715839763338488
0.08232539892892247
0.02077504401352049
0.07924411219252
0.9695713685811828
0.006744043906600331
0.009021108372538495
0.011412074091876372
0.03553982293744183
0.0646313568419876
0.9753750909400799
0.05363869304706159
0.06371017510746813
0.9714451921481401
0.9907383424900048
0.07449235212821105
0.9870769151775852
0.032693060320549965
0.020470585836278483
0.06328197003689676
0.023157890637841506
0.03729118626152519
0.06310284918024794
0.034627653273286464
0.012385135492302886
0.9834671917040707
0.03596551984476957
0.0018314141277127527
0.015349620913503729
0.00854272564272444
0.02329037587707198
0.030744207376739868
0.016219646664278123
0.005685712761768473
0.008405302585071337
0.03126967573308531
0.008424155016603346
0.25872921885956335
0.03937954394408695
0.02256559469686848
0.005159140667461128
0.020461398391894658
0.12552049903861176
0.05740873072042075
0.008295926906182884
0.013652781104881141
0.009718907291567474
0.0140195492949371
0.026646540922506415
0.07557399849803595
0.09276529322731636
0.031429807993481544
0.05802407704126286
0.007342154006674318
0.05019225812320857
0.011865460597411384
0.0028984480887606166
0.017199408686601646
0.9714733275757468
0.018600121795363512
0.2684599232419152
0.00864769585885593
0.020515336538834764
0.10183696328437707
0.008681527086683958
0.977401960093087
0.03343622367853705
0.0050450838016231755
0.003914084452023936
0.9373176275625481
0.014888499034131909
0.9447466517448342
0.029058419442706745
0.01345519609691674
0.04338565593482206
0.014574433355383876
0.022306322245030822
0.010691227283715752
0.5464748621132394
0.04144386643576412
0.013147502480375689
0.02912394295337596
0.11364498193915215
0.06415408492934507
0.9117676459163999
0.07878308781766498
0.0455043266888948
0.04474023321325991
0.007567363591945691
0.020563987743866134
0.9892302264834781
0.021220368781627197
0.9802831646370173
0.07145758574217981
0.010257968729519201
0.01437207217227316
0.15838432691966928
0.10012476486525793
0.025108204007134236
0.021652612106508307
0.37779103868358876
0.1794796579713079
0.022556643179863497
0.042039107099036355
0.10401932796225248
0.48331315354936993
0.06544558686005414
0.32118493048405594
0.0070414386746790875
0.0016110213424605736
0.03493391213142326
0.028840295541821156
0.144196460293422
0.05319465733465844
0.01830355074471448
0.025815998693666575
0.027036817952324724
0.04470536641496824
0.0059987716293281226
0.009156953499579585
0.05876515405434185
0.03301994325007446
0.04421767102406398
0.004719819252908046
0.03879779822376689
0.01087365043989609
0.01228813555697553
0.01728919312004528
0.02327795872936212
0.001393516675336466
0.08608121201129403
0.9575058734189862
0.20591655155562733
0.028556961782104737
0.026067923376907675
0.0765296766026867
0.07036098974723107
0.041220696755598814
0.029299067143278387
0.015100109446826293
0.027466204108180438
0.023140130156922845
0.9394856423516864
0.013979951427702865
0.014883466570292716
0.09052499004592698
0.019923513275673297
0.11689446784043725
0.027653009941910014
0.011628228308207401
0.0011318176346355553
0.058059990710876815
0.05192698261468703
0.9799465214936762
0.013963814223792944
0.03927660812383563
0.07804864157805887
0.02565878095473014
0.016123613065451466
0.01520670638254972
0.08921767304116308
0.0065071778736745176
0.010605871494981925
0.016183724885723616
0.014593096997658523
0.04274927078674056
0.07736560550904921
0.9802978667778411
0.015886961573096534
0.00629150966587426
0.017811785882234827
0.11875487126713383
0.006665494706313992
0.9946959059443894
0.01997165410447189
0.006486894931361455
0.08006318096783537
0.002379519404627377
0.09294529887710765
0.01897949323804939
0.08626155248217306
0.13569270392940144
0.22555018206003583
0.9587792164783228
0.7408584214356634
0.042629394220211454
0.01888939091587423
0.016922384107424034
0.024109554077820283
0.042994819369252944
0.0726560632384495
0.07822911225569956
0.0014183119749327153
0.015281654058472158
0.9614373691049642
0.9686970060962429
0.003084863937349059
0.044272765123977174
0.10379754789409992
0.004987659390369603
0.9274977576544198
0.03019104512247401
0.9521542758376633
0.17037149845176783
0.13424788423367995
0.18004715284791692
0.005086711760835079
0.05610819622645316
0.057350426717439604
0.09733938587563676
0.04623131000751697
0.05665229694391993
0.9796988656080974
0.9708529528416232
0.9195198619451678
0.006160751260350661
0.05952515898914049
0.007362779928903878
0.012858456517637156
0.14751136971497014
0.11414720297190994
0.0076912844475793525
0.016663872454615765
0.005916896349489115
0.0028571457431117585
0.07883369051223697
0.04753473494451728
0.054061612363908496
0.009473571173865446
0.017834711250803652
0.007664151930311516
0.03353864984041207
0.8607022542998035
0.001879110836690644
0.02050681474967959
0.02220908466154188
0.01972383909027413
0.03135323732598046
0.004523685675996771
0.02756293114555328
0.04132786885237618
0.020761232148448487
0.0015736450109506996
0.008228426853669837
0.023900602902374255
0.04070636335112471
0.9799065151388141
0.056838703821235674
0.01924261900329443
0.004480870577785538
0.020338945121797743
0.007405057753816278
0.9938854658202232
0.059884212149669554
0.002421819750367856
0.014060344116878494
0.01480004045661151
0.01764190055237033
0.05737401356297073
0.01068442413450127
0.035047498486737605
0.042351301950271175
0.04384076305342787
0.10319103349273968
0.10878837576901519
0.06224123669568147
0.9749709360449265
0.02379631757108303
0.003111444705858321
0.07304037074649168
0.47403361427368046
0.004526524093483094
0.018815087506475463
0.022808832942843617
0.014721072266961854
0.05718372474598417
0.06672842661765435
0.031765600396870645
0.9832709521757635
0.062016026699411676
0.027347027631581068
0.011556026885586839
0.1254968416782457
0.03457356989081189
0.03642590316429883
0.06584801643885024
0.0015398907858049365
0.007279463303241466
0.009888166790364585
0.028468795941947015
0.9895947355029805
0.9038879026286374
0.22672402248936502
0.9773299815345486
0.9596881499531671
0.05582930521567975
0.0006599965271700298
0.019552783053849696
0.033464003620432496
0.04480980016906449
0.007788547548556132
0.017784092095253393
0.011329607745203201
0.06559584255563805
0.10352850160457457
0.016581871647266856
0.011021396025935945
0.014494736258560343
0.00226700770436371
0.3906851583257268
0.023443741506740595
0.029204458782484132
0.07644757902455317
0.007004266610286211
0.10134638405583055
0.007346672583292505
0.055572987274991076
0.01168104788750606
0.08970065571486842
0.0013127523974619543
0.030621928557547327
0.023504139817166245
0.0283957107528824
0.011434756261360954
0.13890242137223396
0.06103283810329117
0.35903649733906845
0.00937866295470534
0.9085934959981651
0.003079538093148359
0.02453567169864558
0.0871586453757051
0.10541450372131439
0.023845761554976252
0.14670251995917655
0.02810473456199739
0.003140492680368302
0.1638477550131675
0.6398025892614342
0.03532682648541746
0.036966940887463114
0.05455847362195702
0.032080145444283246
0.034069725284520826
0.00868512845271205
0.005266781907842329
0.007710861408751722
0.0621913043068833
0.04550012305217547
0.0016693588031084566
0.8260460767543889
0.03734814989639559
0.07971725830460864
0.004950459510325607
0.024297472992413697
0.9052444821951892
0.03410480541036966
0.013899986157815236
0.9704526451193839
0.016776034872113477
0.053129648760108776
0.014185266538504644
0.9230865515740969
0.042488244555640105
0.01651726562829494
0.030263633338148
0.0441161164183793
0.005956412750806263
0.008520318107695024
0.003176775891279284
0.013198948321345483
0.06617061761814856
0.5043875361721487
0.01494817490860505
0.13214663127149934
0.027024427381627088
0.016741211642643042
0.027432426105560744
0.025274941750396643
0.9539019482301839
0.021078262486549138
0.9651568982081946
0.8971538294946659
0.010976201786613281
0.08006523791558955
0.010892624064105601
0.976742286406078
0.050638053533108955
0.02700904707174832
0.018060786599052508
0.030400495285287307
0.003965464372177406
0.008426774089888006
0.05273251505153302
0.048127113075063385
0.0214498528710755
0.003121359024872818
0.9579475389805607
0.011389882031590111
0.02315836918116999
0.00806288983717039
0.029335306561387813
0.017793790086719576
0.9450352078141809
0.01849659838313386
0.09823074707278631
0.10960213066867047
0.05198542896823803
0.01532165143533616
0.004303990687431316
0.4967995928740289
0.02481297072161723
0.2763262285218736
0.026749607462757435
0.02758328301274285
0.0045298049839080316
0.0152689573832772
0.0016053628546800808
0.004212093363728471
0.6282366268547857
0.9017357730393842
0.02397475633028573
0.0032750321613268817
0.022280681955121538
0.0019577729644025383
0.9798843426510698
0.03387645304427378
0.05556969262160551
0.1856406836643176
0.012826537100865605
0.01953725056184123
0.009551442673085123
0.04086432612173292
0.011357164631705925
0.0033606785337914097
0.10249324284855094
0.03725933550108448
0.02084254586204335
0.04639351395290548
0.04488244756827012
0.824496627601758
0.11092962940951946
0.11721557978492135
0.15570146027730333
0.0076685419721719585
0.22543383178188564
0.07286547751633518
0.025597116590352388
0.4281961095266002
0.018033051962466937
0.006145638557688647
0.06918233608737029
0.02064799210769812
0.015865466061872342
0.07155576847710991
0.09157404798426602
0.19422829443370887
0.15062277541019187
0.03403369394160137
0.009369281336913256
0.08348364861949671
0.007071051644765409
0.014409622727481619
0.03534631047201251
0.02471977000027787
0.04243923247616332
0.1208456983853693
0.025967673175223655
0.015124645097043749
0.01858925616724998
0.0015859879985798604
0.025395708374950064
0.0032319421056161146
0.008101139684305807
0.4963671633734228
0.04527565489250739
0.04418827022278405
0.02971529001736999
0.11989499700724791
0.042156361311767164
0.9845421823238325
0.02519077310713178
0.03528321423946273
0.11577645429140838
0.9607262715682837
0.04388878340151768
0.9619777592849651
0.01676102179133201
0.08953203212442391
0.9879922713472987
0.7403665656359275
0.04665498294912535
0.029231370060526497
0.11795634523313102
0.018058568384120594
0.0021998291840017383
0.0011258256468574652
0.0405792759580514
0.02882512215267474
0.3042358357364404
0.018825106167238967
0.04346194346753067
0.03405576582263276
0.0074305599349370555
0.14443705546690241
0.055467834660490795
0.0227542964207271
0.05065594325025718
0.032915369364338594
0.682303869020794
0.2287599838301345
0.0033010153534831365
0.012080701968323688
0.019240828215591244
0.013519205144943841
0.004786233775767376
0.034000959980820505
0.012896644349881206
0.005566065606850848
0.025579605583630986
0.008140287143445966
0.02629205742344646
0.02238626558821347
0.023748810282276888
0.24980998632370965
0.020290245890702045
0.02499719818178116
0.01917176336440543
0.00562460585238582
0.9514800085628707
0.020360371636804195
0.1719861407704447
0.1366037411157596
0.21910958770896635
0.006488649313032739
0.9283275810799231
0.039430213378563804
0.15793400148371342
0.0028378700367969567
0.12479573339254989
0.006758120034784094
0.016876050122312806
0.00807140675830372
0.014571927461832716
0.09858277247829131
0.01321249767934683
0.7165547340389204
0.010119877540830324
0.04756221563469986
0.0016258854910016932
0.01596261206843022
0.08270773144406363
0.9695255996655748
0.10257755465367951
0.18924231587930235
0.0026856824806879296
0.027586604013729157
0.010211295319910997
0.3655891645471827
0.8703817810662919
0.09249190768402535
0.12582592294915002
0.037002915559522086
0.008395346745091455
0.018641385010497544
0.01974949629420112
0.002018137621446017
0.009086583969325334
0.0022073723228805417
0.101392707691232
0.05004812063069943
0.003828314303687019
0.018610615287123548
0.03214789537408541
0.13467738266620102
0.8965268482993131
0.01746652597206942
0.13902685211382818
0.0009524874095963883
0.0020721630750467584
0.0028237410399359277
0.9450662595116762
0.0017502328716571603
0.015474179066254506
0.1425753994636126
0.015433981904476785
0.006469074115487003
0.12984409291935198
0.005919500882080139
0.01993603783610399
0.027527678101743645
0.1173557549055444
0.031105441753858886
0.21688130855489157
0.011735731136230842
0.029009692759273308
0.2889863843349609
0.010017614826853385
0.028140958070398743
0.0012386612792895863
0.08787963892679708
0.0067950945781341515
0.013991353391371803
0.02323738941411723
0.007707371857528204
0.9837043536870481
0.00427006847075077
0.8828188661892947
0.42315274441891887
0.025112733423985092
0.026164052844030408
0.010853138015020096
0.06178045099368716
0.00721066193924969
0.012665618081155218
0.01253685768292904
0.11585357417317715
0.015374698008733494
0.06291936121698159
0.09873672809572961
0.9438944896756509
0.033031672161439866
0.0020911196582562414
0.04909479936376219
0.03222043435678781
0.053320391552895266
0.022224298361668966
0.026809034872665328
0.9711407684703709
0.007949516641507694
0.01793656910089173
0.013857500509823453
0.9839731242536498
0.9861279641699396
0.24798842440460916
0.0019191450836602726
0.02756031716523276
0.018324600022090992
0.08075102160727846
0.017240488186490745
0.17002592027544183
0.0009908261612893608
0.18346636187860774
0.06109220665293149
0.005768597234332832
0.05338145823976496
0.017484239696328077
0.022790031033737224
0.0026177388543505054
0.07485481151882022
0.268885322261939
0.0383173785877339
0.06370700542439853
0.018343280889515236
0.012239949763587487
0.10779956250637927
0.0019292027244712487
0.005384440912161493
0.019067467914309907
0.006403184252813459
0.003935411512748434
0.05398054097812867
0.019058733881020015
0.029399418843144166
0.0359120411543548
0.005464956571621733
0.007646740073716063
0.15963608336329335
0.011001933247861318
0.06114477950462981
0.09795901458615788
0.039247541449099546
0.034095884529763865
0.005490611615510648
0.019217828798609945
0.015994316775604717
0.0015070578879079301
0.04087228186363608
0.002916835835420271
0.01737908155026258
0.020568837528932397
0.015082588999564757
0.022873728630458234
0.9529120920910609
0.03977346988102376
0.10386207092908173
0.9480974584514362
0.013605612181179555
0.15361163361864327
0.9625279249819794
0.05342199992243069
0.0016932998780071315
0.9892622098086512
0.016313813215715747
0.02318506671534193
0.002994599591553275
0.026236253206689125
0.02213119511438544
0.07530620243307741
0.007149405273892714
0.024775168293229545
0.1275312938280476
0.06826818963905834
0.9802626350675042
0.02165082532187585
0.002399957858768559
0.002791385912992582
0.9840564426074299
0.062109112896311575
0.03791617315585569
0.038831170435398715
0.06195561552551875
0.0063902156243210665
0.004590470045414199
0.024518890124508728
0.0670016124262168
0.9820288580480773
0.084433413443985
0.003907618056573441
0.9522705467671705
0.9121135088861022
0.12558380953797382
0.06995707145490145
0.02690597798666717
0.9905894022433438
0.07271903310839527
0.839878084332383
0.01131048053906066
0.5971228273619443
0.0076736741034163685
0.015278883566211638
0.02554521813582898
0.04734413395125392
0.010519455662006707
0.9810382751772759
0.046781856036311534
0.02130435634667505
0.12677921426341918
0.03343098217080013
0.026844207037508398
0.03972673595205509
0.008739270397777605
0.0033153826859090483
0.010486496088864192
0.0015529889775766777
0.09073446601115959
0.0011933328460223824
0.02384422070636084
0.011486694814185227
0.0183321686198692
0.06593855629828045
0.0028556114608702748
0.15362264427686376
0.02033773865417244
0.009620903727812772
0.056857606321855325
0.017568741119884386
0.32982954314023066
0.7623024189839618
0.012680297621558858
0.03247876811924864
0.05072447509963095
0.03605061095423891
0.006090768295278407
0.04775483665064279
0.3504804822391089
0.01798836305632193
0.025476883097841067
0.028627113059082797
0.25084546129091667
0.07325061377393793
0.017104348237201878
0.035492906024824855
0.24710748890755832
0.009555408925824014
0.007440047009028743
0.01747752357305335
0.010583417318420444
0.054894523161849756
0.028239780827341226
0.003737691853836993
0.01989599183211297
0.004960079814519258
0.011105444818103431
0.3144580914627217
0.019911506224864168
0.986032767393512
0.00861216020467243
0.040236524882175204
0.005039522965916216
0.1957215647551883
0.12783529845510147
0.07663415679732113
0.9854113980977269
0.033104308492098056
0.019866423010837513
0.1901411094794692
0.014955786901083689
0.01653927312870941
0.19358810060338913
0.9852895356296494
0.017377963266360277
0.9883958422888544
0.001666764086083913
0.08215903131821112
0.03319141914077645
0.028869904586149863
0.966694224447503
0.9196013755983923
0.026984107457901255
0.12676340315996704
0.037026211562205924
0.001027264566063079
0.001879334796339373
0.1194183110929051
0.023305437930284778
0.0339847435763422
0.016140785419527768
0.02517845217740206
0.012675804167970418
0.01199164714959444
0.009198620636230035
0.0027519204907686533
0.39767555344074074
0.02328545724264972
0.01032789317397792
0.04250417558689112
0.034738234398448024
0.032581148163150477
0.024576684485320466
0.017506048032196592
0.026098102195734486
0.00689284335754645
0.9832822350879907
0.028965319874210187
0.9338147079296516
0.07112584505912443
0.9555299665943896
0.10047443497618722
0.10994559645466148
0.023329069173928144
0.03152314647313974
0.00691741888402514
0.036749493047673214
0.014209143375647595
0.0024040051830249115
0.009650736166920955
0.02491344456989342
0.009145597374012786
0.00477376328797337
0.045786239454501686
0.017574468914336637
0.0172416089996445
0.19353362843476757
0.04963039638955657
0.07914675496426
0.9350340438602526
0.06341819038581155
0.21601450612884854
0.0037707619266454345
0.002069211339210997
0.9264687419014556
0.006448061108803376
0.07765392772849739
0.976073150637857
0.054549095662035085
0.03726629402347041
0.019013507347830038
0.011522729514701017
0.011451992632759707
0.9345264891055929
0.2864550904319839
0.007691166067535809
0.035545795188150486
0.9696078939059206
0.09717452430479304
0.07423657436763866
0.008893053590759826
0.04833867220590339
0.01097957375353871
0.03535686441504038
0.35375786714281693
0.016816399565189686
0.031112022707274176
0.02441303666447209
0.9836409750771389
0.12153588241993922
0.010152273591975633
0.9025648366129158
0.01488626023051715
0.03340635642216456
0.09730900060602828
0.004248642784132018
0.06127095931774064
0.19529432675423947
0.07269015327018928
0.006074858684179952
0.027645260789338284
0.07926629002872633
0.02700960743681861
0.027873567257082652
0.01735535815615329
0.009525751758569746
0.02436169743567263
0.02346487121367413
0.03619890049883835
0.022724151377817813
0.027493490925549115
0.9582990248303108
0.028161478646557353
0.23372196478569526
0.006784479966797945
0.010761455484641651
0.020357780393185147
0.013245346782498066
0.003527564359863955
0.005067753169159396
0.015841707164533928
0.9788657044755841
0.015565426730328409
0.9608982400563111
0.9767285887003377
0.8201693022080854
0.08068036947556093
0.002887407781400993
0.3348132848520497
0.026563516155030616
0.006364335063203454
0.017452727842955706
0.015095535376551806
0.038383857033832666
0.023858393207226485
0.004107344224656991
0.23761075885583158
0.014788304940595682
0.0096974267329254
0.9522017829807566
0.005037221576994269
0.049015709160343306
0.16196029923100985
0.01736193970373567
0.021790450593380643
0.008098339662560983
0.010022416358875864
0.1655163589257017
0.0024002327848402154
0.014121702659677214
0.02980507771011993
0.9637149548413151
0.825184676388224
0.05179553008326435
0.10792457920397884
0.05269348201405054
0.25825150670691593
0.012245097228305062
0.10251137873466391
0.019792393354188344
0.010563675282795504
0.9831893204122037
0.3156115000735357
0.030004017053590452
0.9609661553315245
0.13329483814413642
0.10482532033308899
0.1778391597496257
0.17547819555844912
0.0132729992566619
0.009698222210309816
0.04688455420057342
0.016724056355502163
0.04473840076011214
0.07618300622594928
0.18101288748539565
0.00542926679264787
0.055186121249012586
0.027330263139283557
0.05750403247941972
0.11937781576657079
0.971327021124465
0.01884149517943326
0.08028996072313227
0.02518748708380415
0.019505728003852217
0.0267133208911566
0.1548564680217067
0.017795323378426302
0.018811645821935348
0.17959190658459281
0.02407870992555292
0.017848514542496474
0.07872363557819337
0.9097457878304706
0.054483354792491806
0.26988616656866826
0.03932973257056623
0.021264109399632792
0.022562506658615852
0.893625539725263
0.02431571649683897
0.04876690834694354
0.03436903131000197
0.23974353001383306
0.0604825051537055
0.26014975737374246
0.006194660051510798
0.975020804844906
0.015791102136774832
0.034726224866334546
0.009971024958676595
0.008322654833029776
0.026731452817707828
0.046563255408847946
0.07386911301094046
0.035893175090204774
0.012139258421207168
0.0203556171348426
0.05649476851556657
0.023786512666555234
0.06389710969639449
0.22020184392269762
0.1029675741086471
0.02356471581574894
0.00230022772972135
0.027365367718355987
0.679957593264518
0.2848921061031046
0.012337027939517981
0.008975975259856472
0.015474841268906747
0.0021686461448738228
0.9698367366407707
0.05347850587212029
0.012942485960969873
0.005943303608421993
0.03091245732090651
0.011881562489001971
0.015490635214805886
0.008575437280861195
0.09186448829985483
0.009815623317578449
0.008312115377451947
0.03095656463488072
0.08896220126364161
0.023730472424640353
0.05992765230811336
0.013747083198953536
0.9523961822874034
0.960880684745776
0.012543398201957013
0.05706684561555423
0.021747916401873086
0.001888415945934666
0.08959359462822464
0.038421372931790515
0.011231980645761573
0.1424201237470523
0.9764254697257633
0.3793739919308711
0.015795494018335233
0.01667559959104489
0.03850501787201928
0.040928889747506615
0.07583800134839681
0.0052701978257839515
0.1245397610536715
0.02080315052822349
0.024835967683559418
0.004304571406689265
0.0604366802604571
0.9410457274986235
0.04744067613770742
0.18652991365672072
0.019047997622431315
0.055639517763967576
0.0018251248134006563
0.014369319150066657
0.032621966545803224
0.1708034344776508
0.9874490587781617
0.0022038395994327686
0.05725862765638194
0.018247242674138762
0.005476433118569492
0.014910206003360403
0.025247199970626275
0.016012355254659112
0.31139440539322943
0.02384386164638532
0.028470833330026073
0.018627292893804617
0.017217051306518665
0.024459565693900454
0.02174045623923022
0.004703378997713391
0.03584063388884375
0.017645648818487524
0.10089291943736275
0.04270730633404397
0.12645939630987407
0.07277436537604952
0.0046965363191831715
0.036425657211493156
0.0305918353569398
0.040400946297556195
0.06529959321799211
0.007196036831330871
0.03576095258409533
0.013686485543525775
0.025767193228519985
0.1452741253424659
0.9438342002730888
0.1432579864287172
0.017259002219697235
0.7810049751601922
0.9739460932494776
0.8892787278102222
0.007863014863232104
0.1383894717511765
0.019986604368923792
0.03214516521761882
0.0036695148024790745
0.01722347745012589
0.01462288432472878
0.014509378274423354
0.07000107391659428
0.026377037676395203
0.01160234599845293
0.028899724164614667
0.9836789248604946
0.02465489954818827
0.07221048848375478
0.04084677228406739
0.9357155639542103
0.9531466752631721
0.14493241701357837
0.004020879171347207
0.01361054280187336
0.02031625793264319
0.025731745500245762
0.014863082942821331
0.9861613189915509
0.005081146448806236
0.029648733316152327
0.01907681026834572
0.04221538461541017
0.012309085023708656
0.9809172226568132
0.06483132929679138
0.027456568821614725
0.13759773513536433
0.002704523365188985
0.011592563834184822
0.04273413273313637
0.005388514949838955
0.13856900139858458
0.009925021973319794
0.017254209917043753
0.4025209371321629
0.015585096570983044
0.05995649213059287
0.0021738431592498407
0.18535184365369298
0.11650904452143174
0.0026332161010894873
0.00459810950258237
0.01696220801577704
0.1872976939457193
0.03839064940505106
0.9676074899584913
0.0052381067169624046
0.03518591733930174
0.014508589068928487
0.03631599610526219
0.33679289674269614
0.15899159466432936
0.010614644243458288
0.0138945971486749
0.020310526253887375
0.05431888100670646
0.057574372577130536
0.07255085621083569
0.013476968125552855
0.0013071419463307253
0.0054799000174222375
0.011079495227901087
0.9764031253096985
0.9617089368232207
0.00920390866338696
0.005825964341265251
0.9718577413413703
0.006309093679448817
0.002384108969088884
0.1279387426908264
0.01868566056177796
0.05576039527849403
0.012391200939909326
0.9745447871781695
0.02241662372652099
0.03764620880364603
0.025693875761979453
0.09977638565245248
0.035498133431032024
0.024788376528936434
0.02394952787462799
0.9904248958854875
0.06979599561733324
0.93623529520588
0.020102001083222302
0.02334854291392314
0.019005626663471126
0.9191054606471335
0.024134937670305365
0.08434850284565529
0.9930979918069263
0.9625243416846865
0.03481436812287273
0.9805381836168084
0.030367010313915522
0.013167206932706925
0.020146466437001794
0.20975680111571923
0.007243248278696926
0.007392848864671718
0.06716882670648311
0.009335415097533769
0.016680035356436744
0.9741282654864309
0.07660628954718805
0.17126351189117725
0.18342458347908713
0.024339272347621857
0.008751249975955519
0.01888696518845009
0.13394100945594803
0.9784473117223107
0.002401796850771689
0.019386803208982187
0.012563313617975129
0.01703127682098518
0.03857142338175868
0.9926002641339415
0.0315665655614428
0.9400232029575077
0.008079275984813178
0.9383124690104029
0.3903333812785517
0.0037908592923683268
0.09008681979585899
0.19217554885068913
0.0325800375299516
0.006074259871252526
0.05746500412750514
0.04804798688255327
0.008953709836408611
0.00410364852916535
0.04260185581262155
0.1423256644697748
0.017328337130936188
0.10415101713324382
0.014561736234532299
0.3880848327857088
0.02900563435896618
0.09856867356532963
0.027598788621372664
0.009213294184165118
0.11665976176140992
0.06261129795694237
0.10778180497818178
0.007134346213949509
0.017924966312984035
0.009772715262218639
0.17137441403713352
0.015241655038284329
0.05829357925712876
0.04709192512418458
0.9661896724751587
0.06964723950768228
0.01978977928044599
0.03327345827220608
0.0015682078869331297
0.9654403477881813
0.008299114765628796
0.11269944379176332
0.011779510239715574
0.03722774885840707
0.00976378667037394
0.02102468819127228
0.026869278288700792
0.0037585433152702357
0.9847799821033713
0.01085235739582242
0.019036342399114725
0.010653241122655472
0.35400515142946887
0.9676273295742605
0.015031559527162652
0.20903844414090497
0.014132147059140341
0.04994794723246642
0.9779583089071113
0.13966621627444684
0.0056266329251190164
0.04737474607050681
0.006778531360793493
0.007626011069253445
0.009859087034639672
0.05823650043703656
0.05390797109393733
0.9736721659011576
0.9827811259245615
0.9493426094107544
0.018147879790786338
0.014860298519428062
0.010292924590118746
0.0059323526733252785
0.01981898718618591
0.019779098471204286
0.018092722465420923
0.4366920735156873
0.08114246754388195
0.0009899181304675107
0.010515249481166233
0.05873381662215895
0.12330231172785237
0.038203682649285385
0.08245923558287709
0.0292825508176403
0.04150975760129746
0.013174445946706647
0.01519574428289247
0.3701311399729184
0.00346636924199189
0.04007264181134595
0.03952075000917915
0.03766622188533436
0.019189449991917455
0.012834381307072693
0.014235171363126213
0.005071237897343406
0.02547599945737357
0.01603901266944849
0.49178042182724846
0.010840028860758888
0.0024360728027541627
0.021098669710752166
0.9782910880112576
0.09416134827570821
0.06435881263877996
0.005004777858033616
0.037365144749214714
0.9788189627943924
0.01240708053042327
0.15319570425609877
0.014114176184667386
0.10062427555091258
0.0096059603179165
0.003547691935808243
0.08011826546497054
0.08443265956986569
0.10584030656515898
0.008829015153595085
0.8879645803576754
0.028313137970835657
0.003327228226662603
0.1468793620629681
0.019355199961557632
0.027052466004534276
0.12348936752658571
0.033235871545871945
0.05093696496302169
0.0015064219701738358
0.01974122839839054
0.013837896162715522
0.017193302051081615
0.006501910836035939
0.054045929588368374
0.008748988556585627
0.004139463886673041
0.024356470395656877
0.019433970657405864
0.16803940256284577
0.0555319078160428
0.0014107327879451378
0.9653274035596223
0.016666153316961158
0.02797758920916802
0.0534326490288426
0.07017200013834508
0.16719619748289694
0.0023742435349880394
0.005081908315002464
0.25174780041425254
0.9421220462191087
0.9356257632450201
0.007487002500347957
0.06972256812781945
0.011680076373092908
0.011988301933224038
0.07994351309337182
0.0016937762745491392
0.012382796219857094
0.0024574387491198084
0.08646540769735105
0.028093037879384424
0.011912851707276245
0.010981545765329824
0.020733719796674797
0.17558485208643118
0.9319722532256737
0.0024403559787111624
0.22476182402766148
0.07884462512414958
0.016973081795078216
0.006555593122310034
0.10143015328052812
0.03948243220742867
0.09696936408253241
0.8779820814998703
0.3298771354219942
0.08915592788059307
0.03856323465567858
0.9812066554321704
0.9484917753337373
0.12422763001817363
0.15410266829913036
0.005029326783090609
0.03393707994460085
0.01453604805535233
0.0015454007016461665
0.10152913107289228
0.03365465630597391
0.029719349310553013
0.3052088543491723
0.06045359579324303
0.02441255274683411
0.016708543123455922
0.012118766227534035
0.006191164544592258
0.015127261339562333
0.08465463404268479
0.008614603599735045
0.09758063000320277
0.008194640174060719
0.007759592109661605
0.005882673420782128
0.01902413261789355
0.01372008741734115
0.9579742626617421
0.08248949152995369
0.041597889900390886
0.017870968389795624
0.05570328738424855
0.07473964429829408
0.035726421228718705
0.020303212529861597
0.011290023062098241
0.7247755763653994
0.0226171699292258
0.16482262815151696
0.0020498193846397255
0.013715885000373566
0.046263089583539904
0.020141281424604012
0.02200956376139456
0.21824734005591784
0.019616317676825416
0.02601753085735476
0.011529142093774501
0.18670347476745694
0.11904268593901318
0.02317869851641888
0.045217287222765926
0.0024798342892085315
0.9842309116634167
0.08258176058742411
0.06483195643514149
0.9595296918781641
0.9746206840071133
0.015940330612395064
0.06068938226342709
0.023896980551732637
0.2054632687092312
0.04656629330652105
0.013850237789433692
0.01665114398420582
0.959950830040509
0.00893190901360869
0.030464655737211375
0.0010531956941929148
0.3358996121570424
0.04663625253892615
0.0033501224173142874
0.0018487724851020742
0.01508839624914851
0.0554456119764415
0.12664021084091884
0.0067985052906695325
0.04664200322438845
0.04394534043408799
0.1237930521356524
0.012861068208759716
0.028705247657115452
0.029748470347381623
0.013224410981975118
0.004438975437685239
0.10270597029349951
0.8507852125741316
0.014346138030965913
0.02312262866977256
0.02400426819602287
0.016339233048404938
0.09741857993962973
0.015796135558620642
0.021992439106732858
0.7862735668797259
0.2068664800168176
0.001623315049862377
0.05240126204928741
0.028160084883667856
0.0070816791080547895
0.14171326681589377
0.0037352485917112295
0.042011556195395254
0.244164444352376
0.38158581848249296
0.01648563301051908
0.0035239956153131128
0.018024598780407592
0.11225064450801696
0.001580847771586487
0.981109429758885
0.0342308310398115
0.13697409928324583
0.0012989291660688582
0.03705251054072904
0.983857539007615
0.25496568004730386
0.045854027119647936
0.0849924702428671
0.006206389180037261
0.004573909885967746
0.005877778808319133
0.048703048910516585
0.5029766732460372
0.11929078957875196
0.098129383295603
0.02513543293884303
0.007390397973792553
0.9755858715327955
0.02575130004300542
0.03493362780766761
0.10824606212957712
0.017561217383706734
0.24569311119055598
0.022235778617606613
0.12163612158113164
0.005101055915707009
0.041334247712384434
0.02925509034562431
0.028294766344175156
0.028005421291526448
0.035936794432152176
0.020830649489926183
0.05200609159280237
0.01301438854829834
0.005495251004341924
0.1583049095197338
0.9615778627604971
0.007621026611695572
0.13903552296384597
0.144244628442066
0.013605427566163742
0.03316881765814942
0.01597599976674575
0.05748904752824205
0.019069782725892707
0.3017959657531339
0.9710418946764261
0.7512804307017689
0.00275010740830929
0.069575375483847
0.024235586006924815
0.06298189559925367
0.3202599377333258
0.05843606551229401
0.9574826696769599
0.08926357150840133
0.9833512874526101
0.047710016226234664
0.9612706889329693
0.03589244337484019
0.006484104306614603
0.028851836836372872
0.004585659390423541
0.02189006543341472
0.025160192649690702
0.11720768452330006
0.4503761538626874
0.01701463605943812
0.030548877204527532
0.02936630014467845
0.008844745845416262
0.37823771962395014
0.010083525874432387
0.01767665432339055
0.03947488678757065
0.03512569332591678
0.9677271430131014
0.04077415782960474
0.032405063804755926
0.982083530629232
0.02153903424827038
0.03174910904442735
0.01900574464052414
0.017292721901983568
0.004900490944256028
0.33306431024468375
0.044592061199273024
0.04545690625032666
0.2123185915699438
0.0758546526441841
0.04786141862955863
0.11048638890187773
0.02119226609937877
0.023734673165055096
0.03944646198952229
0.009123661127626677
0.16940800989302496
0.017812463809446406
0.9732487710666368
0.974232896185284
0.004999351150752755
0.00971678803796478
0.019866338287353645
0.03578389763288287
0.010906202379925642
0.02372089475511471
0.00853173263075062
0.011628409757032806
0.11945351029821573
0.027722530326224515
0.009957073585575132
0.9659629506481934
0.07665574151740527
0.016368505622621023
0.0012211914697813715
0.45898006944595043
0.018670330048621852
0.06283533847080866
0.011544692108849577
0.14653659164211877
0.0861593784297697
0.2133027507530821
0.011376306504405033
0.018872001142690224
0.020796024491646668
0.0033701269687762604
0.010264362058731281
0.002396316911601694
0.06268734622916086
0.02216920756304171
0.9678513647475762
0.05376022008547848
0.0161848257859177
0.010045819331126488
0.9586239118197618
0.9813407527888454
0.06547808867260002
0.019275179291523406
0.02794360750021029
0.17143819965220358
0.015378063203303635
0.12003443348648947
0.9799483236085985
0.0031937173584395805
0.05264008828819505
0.8278185137491099
0.19459848990855433
0.07232515880485818
0.2348564819956592
0.34052715513842097
0.08153260908573765
0.046364292601206926
0.005336470073250942
0.02425680764200355
0.11790690256344187
0.021625374997510688
0.09682511648299041
0.11566246237739178
0.01013217478584107
0.1491287149337326
0.8944479694175788
0.297435824367267
0.1047961863815979
0.030756258724832963
0.015565777757001277
0.13967186805314502
0.32483214446143427
0.01571319965018252
0.02160810183854672
0.028154687070949983
0.028083056693911364
0.04660877791809091
0.010192737938857954
0.02070576635660988
0.0346397858472055
0.0006297733499430885
0.030190632607172013
0.0073114253243107405
0.02851142781018802
0.3799250298907899
0.002125569888974089
0.020121876379553778
0.053012373734130216
0.013551980591673047
0.025806055179050057
0.15958707547548803
0.011566787598204753
0.060776435007030755
0.03954875662359251
0.010147815622495455
0.0066557677593338405
0.024556850364537284
0.03595493659751618
0.015221498654994744
0.4533642570135225
0.9749849866012604
0.01962545589528583
0.01599191280681153
0.01423143474396147
0.006156775621301243
0.063529614832325
0.02913654005717644
0.0024559879442316935
0.042091751922931346
0.0025783180061824196
0.017601880289801117
0.0013888100170708069
0.03898376678210454
0.03589788643141408
0.010911420202099672
0.1035183536995764
0.44270587081038376
0.08053432035272787
0.31098586489465324
0.12902486442890626
0.053244968676909164
0.0032482306179427334
0.2314653935913997
0.03179210902996557
0.013004133099994843
0.03515357878046212
0.023786137041871536
0.018559623129919958
0.9414053784428821
0.009025455789573346
0.16411093596359566
0.013292074313645454
0.9819142153212363
0.027307445213484566
0.00812960736888792
0.025636537241380812
0.01877414487265418
0.7693193028724625
0.22590299621438317
0.0056837074482463945
0.011766194278508023
0.027077337612152662
0.00347769181649364
0.003599079029300766
0.04694554435336014
0.9678598973942214
0.01636826487551126
0.0563032768817717
0.024726014394844877
0.002192067193770023
0.01768695485314049
0.021712351666869703
0.04287782684099324
0.005657867556694914
0.0720428343651837
0.9713857659002776
0.03585887151670189
0.006452870549125719
0.03320909249549749
0.018598585379763232
0.0025531669795563314
0.04305668163965799
0.09742976790973663
0.02200132091771395
0.008175490163268916
0.011461747721301383
0.0933115251626814
0.07391617419251427
0.09161194139354122
0.017315320292200346
0.009462243432501826
0.12578845160392985
0.05175119522876017
0.0010555697153855857
0.011053299182361006
0.0016636902514629902
0.15027639038864996
0.01953676055396254
0.0011685161971288402
0.9770012323085969
0.004479485453769253
0.016060220087322993
0.018418988819900596
0.0427012734517119
0.9301217764421916
0.1350772316020316
0.0467356767792872
0.9270273827615039
0.02222561771498833
0.08451749532815434
0.021948768967622368
0.0037259258336146237
0.00239233939588316
0.01936602702533153
0.027134808648798425
0.007184001303498099
0.0722925029430485
0.047834710239289965
0.5779555642643126
0.01468295014244763
0.06942044828248464
0.04000746416193197
0.028624840484319063
0.8123345944792156
0.02283417739859978
0.049117843366354816
0.01643047808854616
0.9445989163331314
0.02054325469666585
0.09710259094764842
0.06315210206563318
0.017135210487082338
0.3505629714996263
0.039439951076485874
0.016547821046259358
0.03746423130329084
0.026066209774102515
0.08799439110955229
0.0456962834847868
0.01961997492803918
0.05128653673119956
0.011849247320813999
0.03552727286057561
0.10180489473005985
0.017263099833620035
0.012928701320295003
0.017079983610056384
0.10274113054485472
0.0038737002875541627
0.09915280763413029
0.01873312523827201
0.9925462752510201
0.04581742255017332
0.26537976246218
0.03565239649167034
0.061068045593986264
0.9730305168691373
0.02634576474023732
0.12893102674233414
0.0032049786245825188
0.03457845497672589
0.01981446272275003
0.02813867872429043
0.056489899425820236
0.006353083629892869
0.02625322698680935
0.9005915930011917
0.030370591537834172
0.4641420073988296
0.12517211329238823
0.3152648933228584
0.21604071660745233
0.01819091449532747
0.16045990966368057
0.09231388255969926
0.013830704227440777
0.10702379320586221
0.4387876067274855
0.9550930454736776
0.971781227887827
0.0962750626801242
0.018476710707410204
0.02398743905815331
0.1981628718137707
0.01538917751605013
0.06276643708275434
0.012836550516110894
0.008027176409399107
0.06993406033434404
0.01186083006002154
0.0505902551340072
0.007378474195640852
0.20670618159769813
0.02687152827193253
0.007207683504405473
0.10906675915634383
0.1520099930223519
0.1518632355529336
0.007395563516513461
0.005706352681963988
0.002350427621780496
0.029386370577935375
0.02655825373935791
0.018973276212844604
0.012645240323239517
0.11205099601368149
0.9855720910014183
0.005774173486637036
0.03125038616740765
0.014660109630975924
0.02654165186676997
0.7795086867523965
0.9676149316158461
0.030331985374790933
0.038861891699436456
0.013807838668028094
0.04505495094938429
0.031397314523513076
0.004570056189564014
0.01780326960511778
0.008866237304389991
0.02533099425613612
0.07614868601238892
0.007712950594459615
0.004292914136180786
0.02788088600636901
0.054182283262880555
0.2842870429749576
0.06727837090317552
0.03629659165653658
0.11589748998134884
0.07703850925717037
0.038321345555969805
0.01930183074654907
0.04208614121851314
0.014112930984004103
0.07922786284247468
0.07726624672515359
0.023558612298615573
0.012142026636454077
0.01650694468367859
0.1764824543706835
0.010913264861314663
0.016646681813540842
0.0302663141290199
0.07420954217513906
0.06785869137414131
0.07331600204084061
0.0019479853172668956
0.04835079180981912
0.001467726109519301
0.06779267634290287
0.03221737467517788
0.03928939065336612
0.02897640565583365
0.01963729531526774
0.016462398959965038
0.9831326871038558
0.009076373443464585
0.03239149492600999
0.031413126321365496
0.05761008226297595
0.03931952415165253
0.31048578042357294
0.142331364578094
0.9214568065673541
0.0847038342003599
0.2664016674460363
0.021056469309827235
0.012432109231436572
0.13814390035489457
0.003451965347922418
0.02284630801353364
0.04376292880423741
0.012876222325227006
0.08476887536604895
0.1324232158183246
0.025451185910625854
0.3481240193674763
0.027008649727545516
0.028472210551088804
0.9830291749747119
0.020464066460528264
0.004241633232351402
0.06385760027601146
0.04565075396266949
0.015992776633451434
0.0353281365386056
0.008859782054588417
0.01833109933034891
0.024602335951804687
0.9869217559321704
0.2388576261993559
0.0869810164012522
0.11325249390898351
0.008891812826762576
0.029359824149818567
0.533869725521966
0.1823445318191826
0.008038756549930812
0.005089291231306358
0.0057943439079270916
0.9812018085318618
0.03078466961265723
0.27098507470014765
0.030926452824967973
0.9662417133243865
0.021962145000234135
0.0012571435927699935
0.054010380872039375
0.02364388633525456
0.013173945633931991
0.2745876367760521
0.9304303095661276
0.03001676608809939
0.001248498873574805
0.03586543985227533
0.01686607186057429
0.004109764747196221
0.008513076715383943
0.018747257335410782
0.01962081030346915
0.9685568233959923
0.013792000076462571
0.03766966245164921
0.0022933371236807183
0.9234786983366181
0.019784390146869158
0.16860855538144565
0.058312225037155406
0.07229134515302814
0.12357778979646981
0.08608041585241667
0.018852254859474518
0.12021269599949784
0.9713607241365904
0.004950662781020159
0.03429169323211015
0.01543385264506314
0.030688311832485847
0.11810339841240369
0.011801271148914548
0.9602348286425918
0.001124617620986969
0.02958273331962586
0.04141074853234941
0.035780939272511886
0.008397177313775192
0.015139838594434938
0.9811888576100345
0.01586890775733922
0.2238303604136992
0.0009144778994369436
0.2412969693274637
0.05606519810314417
0.02438065894585671
0.17068722563851135
0.05323819716806353
0.012595535521394098
0.00808552191941023
0.03834174688843283
0.9875146285293367
0.01405047256641287
0.8999864761656788
0.004543463142923004
0.022704026985976712
0.006005372508331494
0.018631281897166372
0.021663377697145283
0.04621975740158717
0.06829536391341828
0.012475000524018403
0.016918217677284818
0.025255726155609323
0.9705098264827531
0.17093629658146786
0.07368704857822661
0.054587945836402904
0.016157047563698956
0.0599890619717693
0.007774839531532076
0.0672464781504509
0.013866934190927428
0.029605466977443526
0.0024953558888425
0.0398367475445704
0.00838684639745472
0.011875409621016254
0.044191146135550495
0.011812994733382393
0.037628324306153135
0.007797051539455374
0.2859183532829524
0.001587913628727218
0.014645560253539806
0.01053873931923809
0.1890149628730044
0.9819988930323388
0.09000802982599548
0.1844129078829293
0.022490816241045403
0.020610507104829347
0.9929834301718886
0.008489355454548198
0.1667646165357877
0.03462924369641378
0.027863517958284564
0.13275777486431742
0.00817391723477097
0.07791362082912145
0.0009005336089613339
0.03428613110261362
0.006201818850690793
0.9183367646593071
0.02408657659471333
0.006288821305535776
0.027186381198787076
0.9812381553820169
0.09000251742513836
0.02828484960629266
0.1313446931274784
0.04651737444956883
0.01655783972696223
0.10054695823120709
0.10568289221496277
0.772519171186964
0.9568474746980735
0.019322342788425886
0.00960861432460718
0.0031426592086688434
0.006872783833361646
0.008165741305186333
0.3743526721295803
0.0008127000237783734
0.040681277436251925
0.007791626793612651
0.009525808302384963
0.013159065236722405
0.01756927757984731
0.04204131363297655
0.02913046229640452
0.004995101641007451
0.010058225584010585
0.06742583344132903
0.05579524517924481
0.1039382508339041
0.022162456558904
0.004514754026668188
0.00858476947970101
0.12744432057393384
0.18395940114355508
0.014200183265327418
0.4134715131919764
0.2640266686830079
0.027523796301033285
0.005825359945139453
0.9713081947236435
0.9691674867237712
0.9743563522500118
0.9791840438071864
0.0698380913453266
0.036834347370565027
0.12704511011178607
0.0327153022155684
0.03112848371150111
0.016345001637632233
0.01627457647419841
0.008546019301853273
0.05081751624213173
0.008309936840622385
0.06208733046452416
0.15213944374860291
0.023613714630670454
0.9575185218946795
0.0013720136245830865
0.9728384847261663
0.008639022064138312
0.019008916248892914
0.010298896734259927
0.030233279827544948
0.002969386495383939
0.014738522765635196
0.05697165652173907
0.16756026840356153
0.07719218974388624
0.003969632660797786
0.026888969608660697
0.07445888352653215
0.034325615452355955
0.023240222019420435
0.036642022205832965
0.004041749442476559
0.02703895910966204
0.09272528646831915
0.008493008656597873
0.9878123919147307
0.9650313142244185
0.025381299546766715
0.06838610887858786
0.026929065420226942
0.016280206695341637
0.10198051978166954
0.018778040128835684
0.1692102000881155
0.078194404653281
0.05730218294625883
0.20813400986559488
0.03465687346284784
0.006048109200133175
0.027639366241119893
0.06804414566597058
0.19770062054034224
0.09459021792406008
0.0180973806860495
0.02568756123095524
0.018981294150105268
0.9882193218320906
0.05232521938086913
0.1707788808913129
0.044927900534031416
0.0015910515691436233
0.004121214911934522
0.15101849895626943
0.02220147070227441
0.0021503300067417497
0.04280713614558909
0.005404551117510969
0.016913940903227863
0.011558425083101388
0.008654269002824155
0.08760062293635373
0.022781400539795903
0.017049130813100086
0.31656577831030097
0.9902336838918477
0.012457698191350348
0.03607244011626126
0.013651155481161569
0.014419515900556281
0.00978933006795552
0.010881859962930916
0.1345918130198094
0.0063371719718878635
0.10005188069313241
0.10348606220624132
0.26738410032864107
0.015144703071751605
0.0013961136773482526
0.013015944661315336
0.010484855835455633
0.024665914490448308
0.017818367207242468
0.034926671992137906
0.15380913367884813
0.9709105846024817
0.02232190147653123
0.013651567603821375
0.011682303770660048
0.021991131400390117
0.018841623206277792
0.019598170192194928
0.004756353918767156
0.8755576884951078
0.02327066624265011
0.04086452121588828
0.010902492826890639
0.036052494481987364
0.02840580361157613
0.010071572151649956
0.019169847984953373
0.004409872054117371
0.06663633442810316
0.01427882031404497
0.03594626025644903
0.012919347129876413
0.01600586051319779
0.018547852203840774
0.059061792522653554
0.020643662619159522
0.0012804396928788816
0.08244535957841466
0.054166480662270075
0.15370117474096712
0.029130390381571634
0.019048121565817464
0.15358415641542353
0.2079809296955895
0.029485894257267588
0.09117174450136438
0.04356108903289936
0.03296797075152612
0.019598797816715356
0.004317300448106979
0.011568018762772152
0.9901217381244843
0.0013464575019187662
0.9537951512702416
0.000943628425255739
0.06087970170717109
0.0678689508011316
0.03988521882972795
0.22280108988667194
0.023812103132665886
0.05748757679433409
0.01601113875505193
0.9777300344732752
0.009021560581867448
0.08102119815276113
0.026079960115536645
0.0020873009787392613
0.06732797633958015
0.01550501243706541
0.038011173712179845
0.016343218698817354
0.012583588007713553
0.9373823738224264
0.04596503116590029
0.01475517497364642
0.9684897957737001
0.0704283766528946
0.03896757168264342
0.006880949122361943
0.2562953345095006
0.9740821729323282
0.0069871108196862325
0.008495770234787727
0.04659527047232657
0.00951252099177527
0.007276470464518029
0.0028545638825987225
0.2855635192887309
0.016013826826927143
0.004372936742410448
0.03422914057027723
0.968725259093989
0.02284630801353364
0.05778169202103479
0.00656554151691535
0.018205433339825647
0.013268531038094732
0.031215393597329586
0.024318686443213573
0.009253221768317792
0.014022358321866357
0.02168572661000202
0.9748405008537578
0.26275423614074855
0.01991891201825311
0.002375870132092968
0.017819101278460113
0.025994080460400724
0.00834936881431198
0.05895022836234442
0.009830023490299378
0.4624265614215273
0.9537017254761215
0.014115637678245438
0.9926396304882695
0.011087397562672609
0.9439033043716439
0.010215810000993576
0.03393237026173674
0.02167549074452506
0.012497870444690792
0.05715649466815107
0.9599960113870798
0.001609133296860767
0.005168300614372068
0.01033118422231837
0.9782239325503704
0.05806625016601432
0.050344661683771115
0.0898956494904122
0.02160920076249272
0.013017758210600526
0.018317779993020752
0.04752040645901051
0.04856431184942242
0.22217153877781695
0.07813435914389903
0.013996758199210847
0.014882938029804752
0.0015625147224172119
0.010818307926328551
0.010028782924135865
0.001636058174441017
0.0013565202320117054
0.02110345589016768
0.245453947106255
0.042391890723944156
0.0767474028521257
0.01783805517844686
0.9569574253223692
0.001226030870726517
0.021202008766709652
0.045504925358233424
0.19095733763405273
0.04438468468912615
0.12192141518042021
0.04059020516709109
0.9755010186034692
0.004383494586795554
0.09696753901686822
0.025541336596717167
0.1174452935567417
0.01641119175495682
0.007571453773391343
0.024518212149674565
0.06095515818063612
0.11957928077750839
0.4245058072800508
0.003283392459185109
0.07690636070363159
0.16364798810312317
0.956983560954125
0.9659337579556394
0.06496672092402259
0.11898384274018833
0.007420808163673164
0.016736458588367625
0.06072498855831573
0.008618900791546579
0.004936685795319502
0.015051741052706725
0.16797159885370672
0.015172656535696652
0.02537217664395549
0.027895003356177124
0.9051705291295954
0.9890586739131264
0.014634982567162131
0.024854091117030873
0.05531018976549385
0.00920360910819828
0.08216820740180664
0.19109079760134354
0.9362054539668597
0.017883281776364304
0.0574816855561559
0.008169955654105658
0.16004697425764738
0.0036219838773842556
0.06975349644461204
0.00306792201572531
0.03113263606883605
0.014660410891613759
0.9788321589219088
0.0019456973794178601
0.004210651367591714
0.02046304979549853
0.00968546020724859
0.02044089281102491
0.9590044290721745
0.006613713493273788
0.02420485600018351
0.9515595266726007
0.12277237252616809
0.10695814334055631
0.04685375359011451
0.0009385827692953854
0.024194845052172443
0.15551669059236303
0.008118429306234467
0.11869837122005174
0.03538622845624797
0.005746076977045789
0.8322481889527049
0.005840118274250799
0.031021562396180657
0.029865235027209263
0.08776115521429895
0.0027473622479993994
0.03291925945125665
0.06309366856118699
0.014163245027390498
0.13862932199118952
0.9912362377161331
0.031038341335344673
0.03594742189701872
0.16975410684342956
0.3254015993133552
0.13470111725202885
0.0918675376525628
0.020913820325617272
0.011076713964207629
0.10879010931444794
0.012506384515600759
0.01466467949140972
0.06120531730880238
0.011670871846976759
0.06036670753876873
0.04209324924054421
0.9821753893044837
0.981583415957099
0.04009764226159755
0.14276321144089307
0.07915194900397915
0.03857597547276382
0.00808987965761201
0.005495415811233197
0.011532334712733197
0.001006752172223285
0.06887703195754674
0.02866560770414532
0.002161994152322812
0.01829083825820898
0.1428688108005337
0.4070624009382026
0.042446418102279275
0.031119050459557537
0.01407797999942321
0.004281644928711811
0.05238605602137262
0.01284491310036001
0.11811911165676617
0.007239331555083595
0.020645887120900094
0.0015314165532935536
0.04278172287090317
0.2736962818158936
0.036564835489896065
0.04811373952820543
0.2020290658186285
0.012351579474007389
0.008046590193394269
0.030446757660885577
0.02357616252313825
0.027116524742266147
0.04158864124969307
0.02410285604145509
0.011353526892650907
0.01874369607765744
0.9024472780169548
0.02510543956977587
0.022965403512955156
0.008130955385191499
0.2497078742447647
0.07338331495112613
0.08596842420067463
0.9510166995600287
0.004298041376921034
0.020662528521467806
0.012277897501530907
0.011251161575668567
0.008136408794734392
0.49207785495643536
0.020616927537428748
0.01553943917953001
0.003544712219520652
0.025629081174301002
0.011182322871074119
0.9904919873149285
0.1570571641036284
0.1393396171492608
0.005346959485163299
0.9714376931817846
0.016931339879996874
0.009726426309630267
0.11757295941102627
0.007158275035087015
0.008893969465090308
0.016561053916677008
0.01083186229430821
0.7967986213751814
0.058167904143017674
0.013818417597614326
0.008082316458926627
0.019935126918365246
0.03691504840682815
0.05802964851049179
0.10169420295048932
0.001773084735845045
0.003962988779017429
0.23525875342121585
0.021702639817125852
0.010982663424003308
0.0033069965298450996
0.08060484913103468
0.02677081855540886
0.004348415296641746
0.9237091020019477
0.025315482978160206
0.014215156070262904
0.004746902136510103
0.02828194883257648
0.012499201072786837
0.05800273964777123
0.9049978258594893
0.9759974587668929
0.005775481478936814
0.06614887086109807
0.047399374855173974
0.014386063431209385
0.017964778727509845
0.04166759203464968
0.008727144847067075
0.016499328443183782
0.030865975896808135
0.04546081493384746
0.01774141625327278
0.011472609869491631
0.011987101083855131
0.1523097515658245
0.18706794743977953
0.0017181821197675003
0.05745244161467383
0.0056978611676275805
0.002672293804307136
0.024589250069860784
0.014087552349107121
0.08483120450994042
0.43561207892087755
0.036193917691204426
0.008589666868064203
0.06850664803924923
0.0311598315760063
0.015936080804508482
0.014829173307494364
0.9799794741647666
0.015876558231836802
0.784714714580433
0.00444109571268392
0.13342331255288997
0.30132368198156567
0.0066835962137690545
0.10758609145889411
0.012774294842168701
0.36592457459060773
0.021751983197968457
0.013339870048811717
0.009924167234197274
0.021357068881058743
0.040215237700168494
0.0093564773800761
0.05294383087936239
0.11372492683418964
0.19457873554187485
0.035175587521421844
0.08630886528528983
0.03447716802190073
0.9581505210533158
0.01272184296972664
0.0816329666149411
0.03222895979619311
0.004649032936190895
0.016731036980923635
0.10955420800560454
0.9730977676647875
0.19891082028922388
0.014929085682733873
0.008825087976003496
0.004835688055434481
0.03610500991991454
0.023612370300946192
0.05371713499810444
0.014949836776184422
0.026453548348714384
0.9886232948725422
0.012522817248619655
0.9187708175318468
0.01585648506812866
0.9671230592078286
0.0016494253487583628
0.9575687935487064
0.022835365630284675
0.03921123115849465
0.023800828311419858
0.0024322358468728453
0.06689768983580044
0.03025438827831454
0.006034927945149993
0.9507392997289769
0.10832111837482421
0.30269238989476277
0.02240241807575492
0.03947195721584919
0.025961663095800613
0.01809328917842577
0.9738972467707335
0.004703681288262236
0.042280574322017456
0.015937099271012226
0.014471580684708664
0.9719686478689472
0.06195716131428103
0.04321562051718603
0.001307088894201777
0.031532423990945774
0.012385859304815837
0.058395760519903125
0.02288118370851277
0.008237337169372964
0.03908267767723776
0.058436717844265094
0.008633832280684081
0.01287271341877283
0.005960797790814183
0.012798550290623116
0.04020705165591841
0.02525208927660483
0.02138521229000386
0.04345534356553216
0.031793051275543265
0.9941142343866646
0.012650767030211655
0.027778906590478557
0.04890579437186858
0.047426776771406554
0.2511879283109512
0.07151674634532841
0.01352730860709262
0.007558767080788981
0.0018575986648594073
0.001973035890269328
0.01776696654995807
0.06272856209560423
0.9395153844397857
0.011904379853707547
0.06236614022804881
0.042435014290638354
0.020610358990842965
0.015996659306418488
0.03900872182185306
0.015956744702758145
0.008546489268318962
0.00574826316733127
0.044146112972836236
0.01966186572426422
0.9451849552908127
0.9901810525089869
0.94571515707224
0.011641076418690206
0.006856575800648884
0.012232024076947437
0.03727272124303886
0.06948136404278295
0.03859327879241272
0.010946897477897517
0.005115101857422051
0.06096027242878754
0.024943597002846277
0.004549575372491927
0.01301278310305827
0.03397440668762458
0.94591293116253
0.020745358904479212
0.010322068247824114
0.00968546020724859
0.27795591910035106
0.005721586206276336
0.015147963332879981
0.9681468345326234
0.1418877655492981
0.9824397982327294
0.00724172204152107
0.06019456061815168
0.966373532871066
0.00970629720001942
0.1226493119163988
0.09399870345085498
0.9677663079323433
0.007776935642298575
0.010378513968014086
0.004991625133580629
0.020008908601069613
0.014260552593357246
0.3469859378049475
0.011078539590279142
0.009084079138131848
0.9740310384269568
0.018671292981513175
0.10586752309385142
0.06524299499271793
0.019653046202659688
0.9436269061323107
0.04813179634669447
0.9758507051610421
0.009223321115061741
0.7212189762028761
0.029959183499726337
0.032354814293791175
0.009631214411623555
0.011961221675830826
0.136577956034333
0.033886082162216016
0.014415408890706931
0.008912761922954664
0.00578259431995595
0.020035235699357962
0.9905635282359533
0.031278506710511404
0.9701809398615077
0.11835109088174126
0.9684630655056408
0.027579383018006144
0.17535739025845942
0.028258483604455285
0.23736209282818935
0.03318669226217482
0.004406538867015625
0.027181999304709336
0.030542000849271677
0.001421245648730819
0.05434124904755945
0.015953508069486883
0.06001267239816714
0.021324978247185964
0.23337582031376086
0.09994239893513547
0.970736756264912
0.004452688462043984
0.12501863971327715
0.017139174905628853
0.07537174028371756
0.04579668731234277
0.12164653826770964
0.05522416239695126
0.004720756943717655
0.9835157597806417
0.08525138806513266
0.017209371728666253
0.007603675913789304
0.024267887463365292
0.006115262726510586
0.013866020891915834
0.02845542882558082
0.38807112838581054
0.0051592457268537445
0.11180105314087277
0.11829828345413727
0.012177281535735633
0.01959841119913072
0.010361056150400517
0.033221270973105024
0.02798987869739984
0.09038157031104642
0.0017806239552220226
0.08944805847247114
0.01599797749676575
0.13569032130784903
0.9742247804016388
0.025722625231306574
0.012820600788803992
0.0779131928085915
0.11121621221230991
0.4069714865597319
0.02065683985367627
0.0048350136539391155
0.011006485670644965
0.012201082332794535
0.012391865423732813
0.9771668439893619
0.016501976191369203
0.00356923055718508
0.016866771986472198
0.006631064938962814
0.033642705580665726
0.015957276989455364
0.18995345040785833
0.16656390783599911
0.09449750377477345
0.007031707768353466
0.01128122354312093
0.0155931199594291
0.0023947437498124616
0.0008022576408240751
0.009694491783105658
0.0942860895124806
0.026209543135332924
0.017630125322543183
0.014228295239730078
0.01671707956227445
0.010615468803704353
0.07790125243453788
0.9488348732601061
0.9922043642691496
0.29224840382090195
0.2922334226510626
0.9186911872105927
0.047849324223257536
0.3159927135780416
0.11528252452890955
0.003166371998303687
0.9818203723136903
0.001347494465650315
0.008739318952361358
0.07242062344136652
0.07421531246191986
0.00831064345268394
0.02591412966151815
0.020632381137070405
0.09963250557049398
0.014386816060474924
0.06852344380276645
0.06501426198051456
0.02288895085957786
0.005623883756480724
0.8967687710034977
0.020649722426071538
0.2042751369920196
0.01805838432447651
0.07244421411357059
0.009691668225099164
0.9480689614010586
0.031289902988567916
0.0033427759142773674
0.05345913178791867
0.02242014301234106
0.004837914854473526
0.03494265495015736
0.04506280978015928
0.9819786289109405
0.07096356936665373
0.03447324654764173
0.058494429086082975
0.01540036119023787
0.1551171425240564
0.015333604334172874
0.9892491559270544
0.08157074724212611
0.03470523874179393
0.07655725018320292
0.025157841331854273
0.03278598195041969
0.007883721803831857
0.005552132924299172
0.04332014701366655
0.9705227068428335
0.2986901317825402
0.010446600890593703
0.010728861991796648
0.04253017423223508
0.9935653756433012
0.057664931083985786
0.9492768974804445
0.06347801699481868
0.006494793283846547
0.0032792540799701404
0.9526736442249987
0.16710383510451257
0.11086591366020473
0.0034471245930854655
0.0012777633561470987
0.02538276964768179
0.0012659755223938798
0.0044860554706639905
0.06953078685609172
0.05758353776957214
0.03389349166252252
0.3529494589509436
0.02347242360507139
0.0014996364428956435
0.008843918433245942
0.025106843125927678
0.07421347509522949
0.010142997701876467
0.08317674842921224
0.021271404599397383
0.08807756123122333
0.008329654805624757
0.07688130648766907
0.09710258954337214
0.006922262710334514
0.01595361822577287
0.11222665079461075
0.10214109411461872
0.07893028858146454
0.01177091747674361
0.0009679620454928677
0.0014336183756508353
0.005052631623110111
0.0019942851919030544
0.024280795343283524
0.03891739725003981
0.03871555619783637
0.011770238775598248
0.0026619443327150485
0.020620211291987926
0.10027320166699309
0.009360998582680066
0.013783548945075188
0.03803990722336922
0.716946958175298
0.007602619150875111
0.04658715809068142
0.00585942919807887
0.9677914548496963
0.8008507348594723
0.2529603169350218
0.0392903380812185
0.324765882441585
0.022536960236702805
0.17096373552243777
0.953331711989791
0.2125643819276915
0.014350238635761446
0.0798886767906684
0.00782116777707028
0.050135529692907556
0.01080289171950346
0.01256857233171732
0.12646786797208312
0.03676421990908585
0.003312002077197221
0.07968940529684487
0.0016162747856994127
0.026957563910286187
0.02308859614316811
0.05023641281129947
0.07686826797599405
0.09641591916543327
0.02174478169452308
0.0631582990359039
0.04542752011851038
0.0282069902657582
0.021820751214214458
0.14028991478818859
0.20359467915360818
0.006553624246012081
0.010356598216791779
0.014388730839553065
0.003121385084572436
0.04404663464991827
0.046998209000876985
0.018960692039776288
0.03404565332466289
0.004762222687442481
0.038578125698907444
0.015832885296123467
0.09852046278561409
0.03316197999119958
0.07586932074766049
0.014538974005561499
0.021262201269099276
0.007922610076112427
0.03941265811471193
0.011351918431567984
0.02710365236489834
0.06923342434344446
0.012467121124425181
0.018325085139263196
0.011362094154135444
0.02964512134312197
0.034499806000538695
0.1364945950235359
0.008704196044077687
0.012182404138274336
0.017390589025060247
0.0031032242957505026
0.09350857793644436
0.029930019851034946
0.027846945961708676
0.10026798703358684
0.045380959980192405
0.09174463810116569
0.06347676097568464
0.006193503089354001
0.005408285588885573
0.03155416077388207
0.18920381650897145
0.07299258680585151
0.02216303721677919
0.03612979090867539
0.006611859813456526
0.009348336595244876
0.17860025624842515
0.9778722043105375
0.00696707187994696
0.9503306687150008
0.020561295706491633
0.9241695439056664
0.076252827337135
0.007279044237700728
0.007842662731058573
0.0399717406180195
0.025745021314884327
0.9656914093743483
0.08253938798995225
0.014671804577354843
0.055584865634417134
0.17018381229984708
0.07220479963481924
0.9808151325730732
0.0912101155694557
0.0651627867034158
0.05289442179250026
0.022951211749396298
0.9455153119550435
0.010050874433384456
0.0016333211896411087
0.009130368309970117
0.042326512820780864
0.018599194906216143
0.3450997819327156
0.0351869248866074
0.962886727037575
0.04808708310017469
0.007028224634997192
0.1379001333002845
0.02027834465665442
0.06912543212885677
0.06001322247340231
0.067229956400625
0.07935959856213698
0.009557473458829898
0.011509605746986284
0.17496610960589432
0.029463027642471225
0.017631114814850895
0.2446828724319832
0.026704554953762564
0.006049926922116569
0.993023228421484
0.019857827016579108
0.8512714130050703
0.01845980349920482
0.8431808568157441
0.9499702208809475
0.15294080831879453
0.00802736603324543
0.016777437398475602
0.00573006924293865
0.01652871455075435
0.04053599512610885
0.022152180059576917
0.0043647868175598625
0.010959008275991129
0.02767635402048333
0.00431329651980177
0.0886006121875298
0.06949534264174588
0.1801094675020207
0.021077190124207074
0.039757007990035204
0.026740544561303953
0.0367074908906191
0.9511076500691301
0.8690683713988775
0.9842002606661915
0.9698890310977097
0.0173710991457514
0.008581357748273072
0.014954211255076878
0.011587002455829077
0.02093616556839095
0.011663232435361116
0.0027237626237847003
0.9433872110231095
0.015906703986579913
0.012544393098467967
0.02139822125182541
0.014575534227106267
0.028744763975612264
0.010244887843889949
0.00306637436600771
0.049756291724715754
0.15636428257270105
0.036590225705481955
0.9828312298026158
0.33123862068299464
0.1432305450586254
0.9271036739750904
0.22507245683162072
0.003105770794553845
0.021669596157669706
0.10684302093778575
0.02576796901140285
0.004297702610276258
0.06028911098629044
0.10469131556770463
0.02635630707441504
0.014456897133272242
0.01770834676995358
0.007668076100400623
0.0017827901470506716
0.013202431612690056
0.028545797897200853
0.08009752971075444
0.06348396678202424
0.001832672527864431
0.550943104160749
0.041169463602539556
0.00785713102972896
0.005673475872065819
0.038173321612650024
0.0025698330473838413
0.0018261381810923422
0.9896162465405647
0.001883787278115489
0.018274074440724052
0.025503803184091126
0.06293448659473681
0.03770527000978309
0.033912485084725705
0.01704642590495033
0.015731776307424086
0.008786730238552668
0.005629182526816212
0.020964382264727757
0.9618597666830506
0.1328192506798411
0.097483968832727
0.007572411723536012
0.006022533509275508
0.013429185422984406
0.9103718210496526
0.011841994271175445
0.2371740225905881
0.014475345488227253
0.03454161896585625
0.003475757595578748
0.026221979166307956
0.2451114610784038
0.07619082393483662
0.2283483165491356
0.011257024892250618
0.005967592888172456
0.003026646581495421
0.035817117391207944
0.010897985008218649
0.030428258702272837
0.02932869770686055
0.01052238666293966
0.023559127456974593
0.005869774505775074
0.009895785729806093
0.03265234986358549
0.0038450610815708715
0.03479424833043212
0.9827388118241376
0.02398270226765911
0.0020930354939614542
0.01245708078613126
0.9752748195699816
0.004111247294392016
0.013183404553824553
0.016014353974539656
0.05003567023009515
0.023895828598282022
0.014507570621526676
0.008007154243497414
0.018123294374486582
0.014035431222961685
0.0246099088865786
0.008526995566405975
0.0042464577253547705
0.030533649041860726
0.017938573906185643
0.03215966858228801
0.022534258693878127
0.05890435054282218
0.11908729400994289
0.025478338669533942
0.9679996691813283
0.9517989490053198
0.037460800738901796
0.16922665112208132
0.21299963728133783
0.03207559214256992
0.011489174179282911
0.0706716326649205
0.9795941487920942
0.02634041137300557
0.04003497769896896
0.02009123931016439
0.022463091802982237
0.1487753358701809
0.9905803196169458
0.012220673859852758
0.9785436992249472
0.03796281866953181
0.0217501788345035
0.01599679120382132
0.07848789271786642
0.019461990662745576
0.010470226054807363
0.006361986506037465
0.011593908995763057
0.018318782296968785
0.8902333858644721
0.05947757916997874
0.9916046258582
0.023690605716433995
0.02436960663127003
0.022180490209489062
0.9877096271508061
0.034436405716809636
0.03420686120601841
0.0018163134561276163
0.13356385579526434
0.11304087820100492
0.4323605658251522
0.014412503024455332
0.08297796725737583
0.9479569633129588
0.0033739870996360253
0.04555654044123948
0.008460396475719433
0.0073657737766167014
0.06064620353698821
0.03334735795092431
0.03104815163013185
0.005852625591528991
0.029598334339492726
0.02312836486001
0.18945630679072828
0.201478125413894
0.007120381104477754
0.003977780119478326
0.014111638302861964
0.017145093789874232
0.17132098749663804
0.014379077915198775
0.0088754170645061
0.03407464062502699
0.02496000799403036
0.007056149458581498
0.022975028816671527
0.006695641930128867
0.03406541974240753
0.010665961149607453
0.08337870247676474
0.948496737544686
0.01673449291043829
0.9298669076449312
0.022911369284744496
0.0022995998413769944
0.010598023666377507
0.38031040878832556
0.017348832023902867
0.017938291230265663
0.05080835816965739
0.007763317521634168
0.014984808415705285
0.001688371368455845
0.001653388794038052
0.08154182387934729
0.0735924626372709
0.012636741302056335
0.0008735082183781168
0.03836120487415177
0.0020449222737368286
0.010404840685434756
0.07834798455336002
0.03911689172538671
0.08704041097365887
0.040064417565911926
0.001890163404928043
0.05184265634394968
0.9637215383741738
0.04183744921069968
0.06906650619243924
0.06497179405030673
0.926752298563488
0.013304745253224478
0.45281712967004145
0.04454910605056498
0.021626360626790894
0.028840516040229778
0.004570450288044571
0.014674998878212352
0.05589021523557892
0.11282569926285604
0.03001160290564968
0.03845557941993845
0.20634009117142335
0.0032935542270122378
0.0052208026907174165
0.03302051467668676
0.09683797835693589
0.0627619183535367
0.0023714842535441324
0.020106750292945612
0.030879379360337772
0.002987175923950328
0.1523513870430919
0.12728588542240565
0.26746976768165065
0.9660435332596622
0.03170895967584558
0.08144129926464115
0.014212197726368194
0.21424688573566233
0.04380522933677349
0.02555462210546227
0.01170916119512114
0.0724091913446248
0.015386292236324635
0.12678242303010873
0.03106028202844271
0.07150722458890289
0.24974703605733017
0.13496792199850716
0.061657347859957926
0.020255191182269875
0.30844028991218675
0.005613565365458816
0.009602203345366187
0.018172197936219138
0.0049622808013748
0.15791489965681743
0.14468433567897543
0.029554424874531873
0.07486972095700137
0.021314943762920223
0.031482035371984886
0.016524788458356143
0.009742606793729647
0.9389997536999058
0.08266091423088806
0.008153677191712342
0.0393013144981673
0.042557481468083365
0.9848949219079536
0.02744896090663454
0.0022253380509974483
0.016413791669439896
0.210735938086598
0.009480993809348064
0.01412463193957066
0.9779197976607316
0.021361481579748744
0.05705282820334287
0.9954098884420928
0.019824180583568548
0.05855926066427875
0.010476038882597892
0.009963983107247092
0.0069017322874356905
0.0324502048125161
0.017509307876998687
0.021384335833387613
0.048076661740501174
0.016783264396049463
0.139940970725065
0.0020835516435110087
0.02737336203637214
0.01124766801647663
0.001692034007468423
0.005621050156927681
0.03626493085725467
0.011921802602547854
0.028585922890557655
0.9870024255588086
0.011559694241300583
0.9333289714019757
0.015620687165630743
0.019819193986642978
0.0041803942272515965
0.019512938714519437
0.012993990641940683
0.018761476201837858
0.9859669769101692
0.019740600899052232
0.0055001555397929955
0.038988744288482834
0.1570417127932621
0.0227537209013671
0.9310533319800439
0.014931069723873883
0.972756372462385
0.1740696570329394
0.02330811903805176
0.021590608774519387
0.00949923202608959
0.07804316229841841
0.9329495742785652
0.1285535643943187
0.38823789261450753
0.04674932623448941
0.0444721018466353
0.03398652952965804
0.2793761001184513
0.011485103166317604
0.10578550203801834
0.9537997517394539
0.018142675208365266
0.005016792409102825
0.005448007891282319
0.15138421673266006
0.08541935311863505
0.015094483243389306
0.0035672259912326904
0.23473288030255524
0.02043564012694584
0.01562653329274866
0.02676780915521354
0.04073962650542428
0.017573349762138396
0.022329306123491724
0.01943539778596549
0.0486562989836669
0.004434942696846708
0.25034800545854274
0.008970585472436014
0.053698090107697355
0.20285925597683246
0.006723861152083977
0.01995163856457303
0.010799898796354545
0.011485358635831227
0.1802596709094839
0.042627019439637086
0.025726351575898154
0.005124109924065542
0.16506717363233323
0.02816589624908492
0.045350592726481245
0.07692795093041112
0.03163954736508395
0.9678752896337862
0.023579185016093785
0.012582266132814386
0.059142484408850775
0.0040295141677098335
0.10926110154365178
0.08755663468687197
0.005195961293086867
0.06228718389249433
0.08918251219472062
0.005445995203780061
0.10380280006846944
0.053264783461833665
0.27559977184449425
0.0176490828924638
0.01459498717647387
0.0704252400580172
0.020762153618607126
0.03879923601669095
0.019833179830020486
0.03935789221956914
0.9746160658522782
0.019182071635161516
0.07669516260078202
0.015341903214434866
0.05606641301713411
0.9710114864581072
0.0196628029060323
0.10030357451315405
0.01815916483240308
0.018675453432233844
0.20794139720710114
0.3776686870920549
0.005408501550894454
0.019711448412333268
0.010921544170535293
0.02321900922725989
0.02665816089645531
0.03206438281521052
0.04373291316499356
0.007718455353610555
0.029705114434032048
0.0030584513881988557
0.037534322144006836
0.04776215063854858
0.9281074825355398
0.15686695655726038
0.016910855026201516
0.03302131495463668
0.971592694437943
0.975544199862625
0.05271331492032608
0.002116605743120433
0.017936875557991106
0.04770064192058682
0.012687673336871708
0.02464855411172245
0.8626394415402194
0.023756941275407367
0.04938544242408633
0.002647945699309449
0.946603962187623
0.10164779189116581
0.024522080271325207
0.8412200715853504
0.01684015269020818
0.04998144359399187
0.016273103077348878
0.058768950606635076
0.06442052348937768
0.021415869346393338
0.006465215786568447
0.9688716622974101
0.03142434835534392
0.027324576910661248
0.03927722368218591
0.011830445570767113
0.030978270063782842
0.3088792434128925
0.004012721612377958
0.03359263007187735
0.08681367665937165
0.011531848094946525
0.1155331022168703
0.005938082963928217
0.939201309551885
0.9883915409068261
0.03484527174500648
0.03345124869935838
0.05910483269574217
0.047640468448794125
0.11284074651853475
0.018771786213885245
0.006674990562463368
0.07880619565579583
0.02057403410722448
0.046569403264073564
0.033409011914286094
0.006248128298320841
0.6920295006421254
0.07169559929938621
0.24024110423476602
0.944709188771442
0.11652718127986453
0.11456425680038199
0.015957787210002787
0.046941792795265
0.010054221009741087
0.011565617968639471
0.00797651702534197
0.00802410884257806
0.10762841468017909
0.0036846767850510064
0.016492024586784157
0.12815030393612525
0.00647912154079355
0.011830014043417193
0.1285535643943187
0.02535553384583202
0.00939886505016412
0.015714786746892966
0.006361074266478754
0.15805981465733923
0.9760170766052749
0.009385386355943715
0.07883590100049324
0.002875724049890204
0.9968909479423362
0.029092701007760277
0.005906528142040116
0.04462046684613106
0.01990564101651162
0.32181311272132823
0.010659359270929928
0.8937672300586792
0.025747106659598486
0.03723362441707381
0.030303676032480943
0.022446018206086958
0.045929026323011206
0.008361686316718556
0.986340309288876
0.008637681360188386
0.028036938271335975
0.02172033167982984
0.0113189121516178
0.005153690162012414
0.8651859996637149
0.014411978247448493
0.00661714402601441
0.9769321701740349
0.01564841940247301
0.11554630060028563
0.0054670069458945545
0.01761492179642771
0.1053427496554854
0.14361239952693025
0.9257294635251035
0.007949417824165896
0.015047241983843452
0.08360732479175963
0.05428060685536967
0.008970230365440077
0.0650392982888475
0.876413507187495
0.0710926121341206
0.018220936543761456
0.29224239930704315
0.03137475115100937
0.0365201829242796
0.022120007320283575
0.03327178093386287
0.0352025671059223
0.04018562339844451
0.040591365624398926
0.9774108670590376
0.0017145855813979728
0.06169405541695517
0.026289993440772798
0.013139273640562006
0.004324474834041863
0.004317720274225783
0.9652348397642673
0.05959018308714379
0.013170731148553709
0.041276564299434416
0.030491516387442796
0.05341891347283576
0.10035407180625039
0.8761345163123855
0.009995463602075216
0.04993549520057532
0.33668194117833367
0.31393298724462304
0.043701287677680646
0.00891081969711388
0.0876605830578741
0.04168027529466799
0.05124064614417523
0.010670627234201509
0.005154902237422704
0.006763838027960174
0.0630436819134471
0.22327251814925508
0.009578835379851814
0.01971148545536393
0.02121102780167618
0.014135475309931167
0.028430522543618445
0.09547213288668542
0.14031922423703258
0.009783860973659313
0.04643094559163226
0.9418084757917032
0.3429443115338782
0.009453016335441189
0.9920254102225512
0.047871500509422786
0.13597529971391867
0.0168144063638411
0.016559949044867305
0.012686070396934269
0.005207620264090192
0.01403131371363023
0.11238100052052397
0.9643862889238639
0.0034152559597862434
0.031573972695654005
0.9548456084473605
0.008646877849764268
0.027890494015422818
0.06704254208748064
0.016343906013655502
0.24945412236223863
0.06035595939117304
0.10086970691542063
0.9854008859504435
0.006314704172582151
0.04715386103867561
0.013074132199720336
0.029058554165749487
0.008104704712391478
0.030471630860077266
0.01258986858217131
0.05094557650473423
0.019540619790557812
0.19594787529840385
0.08355563109233943
0.0076303820166203256
0.995803156630247
0.1371689478507489
0.004735940543734818
0.04456687950456169
0.07620716548893318
0.053940986422869985
0.011493402038012052
0.14999953675063515
0.003937668102285357
0.9697540340964895
0.027963353908403116
0.24708866945351393
0.9396585517092363
0.087163640043721
0.1812919695224244
0.0015894301559095914
0.003277943407339581
0.012626124420126587
0.0018295681345307502
0.9691792237962795
0.023273538174052887
0.043396782888393826
0.0017906508508758775
0.11931451785696681
0.00200347593584434
0.09110497483993497
0.030000823860518867
0.011194256640196609
0.001160452722735303
0.01924761538331714
0.10237533826245747
0.02774724063758269
0.2834231017767865
0.019263360826276738
0.08195521705278193
0.9681296856160739
0.022739990194004352
0.02720772751376588
0.02665271906187222
0.9749236838374723
0.02983414524401409
0.9746222394309627
0.0285618278333384
0.008299005626843782
0.9111424110028536
0.023082044880553647
0.0027399562709792356
0.011359076946364321
0.10526106016062513
0.047558353270904
0.005842578184191984
0.017783933115314256
0.027314488043971956
0.9726426468188692
0.12607633997525064
0.026942224448652425
0.9899810313079341
0.01029616471141312
0.0479280658602575
0.008622792906979338
0.019593338023510383
0.014558858484213105
0.11712566681125944
0.3127841196972095
0.9949307406715235
0.05696051862331944
0.9621886008006467
0.008958869543799333
0.3570616125936338
0.0064240169560362895
0.04456662428817266
0.07378885149950057
0.013097439285208802
0.09458683069321973
0.09424888778772574
0.022279709200912184
0.02665243767797978
0.9039676630583396
0.09863840090182167
0.9724351712725858
0.008218211696973872
0.026510847757594026
0.017775737684555676
0.03555071222302381
0.9500002730758853
0.9724332895668408
0.06880549919855508
0.11224327230261423
0.02272291161732497
0.003919471537878185
0.04903083430853971
0.03257056736481057
0.22027702729465573
0.013033206535383176
0.03300573085773836
0.0694013887909039
0.005056164866760571
0.05862978646826401
0.3526561225675649
0.0328331349448478
0.06204806293249464
0.9854219865509434
0.011429984256077073
0.9910431484091883
0.022522957020332978
0.015609386575164958
0.037727884088034826
0.9881105142753999
0.04843029588498258
0.025724987967085302
0.05890464082064759
0.1912883179099501
0.06085691990493697
0.045729177183601956
0.02783133104114685
0.020441162415094527
0.04242249343363001
0.05746243728061345
0.03371378039031454
0.03316562815654909
0.02610929250528719
0.14693934153033247
0.016281966232155526
0.008562206781439456
0.001393569909557946
0.022619392096114636
0.037307286265464756
0.9726066090284823
0.017655423208310705
0.03209139232956057
0.030148185888278608
0.024425826343317088
0.015590225139800637
0.019619302390317193
0.03331077737877295
0.058834780215836845
0.0018458126794919556
0.10280447187088887
0.04929073726660759
0.2092999745454526
0.964955929627694
0.00990663235716327
0.14759199664722933
0.02993432029897225
0.9600835175568617
0.017065547226332772
0.0236243311949145
0.007464459410284149
0.43644096503346463
0.24777778715826515
0.6521166349003048
0.8692600003579187
0.05927136465856963
0.012055546352950173
0.0034401675168210526
0.07529133404490351
0.01186598943189428
0.0014492233715346586
0.07029030835043992
0.13734915526295985
0.017913539496979144
0.03164643623296775
0.0051522510316836575
0.0679093518627078
0.08887577708665972
0.147920410031941
0.0014333675616769606
0.010836254066312112
0.008586448089280968
0.025160031134175035
0.02213731684515331
0.017061834669118623
0.06625927588669993
0.2993791444690181
0.0045128133155971735
0.01994667552604456
0.0469513605855402
0.03459134017174739
0.0031893237938145085
0.004192502451046087
0.02086464305676805
0.1962776914433336
0.012920615396859526
0.015783529680523593
0.05079258393300369
0.8103596597101599
0.12920766624303667
0.9865789430597197
0.21029425658505818
0.01753060543922158
0.04067714405552929
0.007170278654574947
0.03712411477283264
0.12011752103938744
0.31189518388988924
0.07266914917035446
0.014057811833023392
0.9885804448544403
0.007667098667533118
0.05828444732525056
0.03195046581378206
0.02467084363493821
0.011481698841929453
0.005925184429783692
0.14890476293552818
0.07757793483952605
0.028030242556142768
0.021736746672671753
0.02129933002463505
0.05628797209703645
0.012867398735353409
0.010371445060749935
0.031722911731781114
0.012041031979771234
0.019357027295821234
0.004847434096522095
0.03476821377899295
0.006605098082237707
0.04698361253486626
0.021039553687159363
0.07677343921055695
0.032935071428246074
0.018989869713349317
0.06417961100742121
0.019183141252240347
0.04017052062884805
0.034635178428775226
0.0556853292438225
0.011281095254543976
0.026467253997455874
0.021794799514395544
0.04064923060685669
0.2482174087343002
0.13738153395716468
0.01956606379602333
0.9506827759747805
0.06209738411374084
0.04580879929552905
0.050761510695211655
0.013882333811950927
0.05817617555080497
0.11831536122595619
0.058123223925044445
0.019697635272638327
0.08949825550077567
0.026979039673774304
0.0057867061788838825
0.007546199092840213
0.06095346666692334
0.028279390776612772
0.022771170993960654
0.0029449211497151523
0.06483114244860322
0.03963831304344289
0.17762016048805815
0.019034560413352566
0.007606261732078021
0.07349982260582433
0.04304318798423975
0.04458568984422227
0.05355533605028814
0.15085666297391878
0.021903769854944768
0.011820433445881592
0.023168123678977536
0.02582373203025078
0.028299929113307247
0.008423505990105681
0.07641760412812593
0.03749523854772451
0.013229623158411521
0.9464675618129562
0.052545724462872014
0.034565806885259585
0.1532686678133379
0.9574197210723345
0.01732568638548838
0.06040119277600537
0.02564247015451588
0.023815090078070235
0.04223169341307769
0.9720151791147397
0.03453713210349245
0.07162730191042421
0.0069430540587699825
0.06269203297390954
0.06137617564832249
0.9835847497596927
0.1523827423511355
0.03200406538718161
0.009555108582892491
0.022535925846105205
0.034945814862412085
0.03634986146109247
0.034588774022953156
0.00916144087235592
0.007221315618449617
0.0011707250741351772
0.01715736331549234
0.008948871661893181
0.13859066301008097
0.01622318957276523
0.03913754484999108
0.3397999661210292
0.00488754713280777
0.069319145872593
0.018914419760360363
0.012499982455165082
0.035157227422846195
0.01912393831148455
0.04155394754035739
0.10213394592211736
0.07377540815055106
0.04071596255200143
0.017004714872190203
0.006850306566450103
0.013337310101086646
0.05503159246652323
0.008403191693828969
0.986493196732347
0.06137605687774099
0.03256454443435587
0.9312650079253448
0.04214811633548751
0.03580486385596234
0.0496746732433426
0.9768312507590061
0.2767086470898267
0.03568164827012019
0.03357378588541774
0.050751173971010775
0.0026284183764774087
0.016753589448096556
0.012532315805868834
0.008319478554117634
0.00787896280472874
0.028420642943906005
0.05080160703914875
0.004525196711851162
0.015831583434604966
0.10556499539680858
0.03461720552127739
0.001235830969666404
0.08184866605592482
0.02666343057208732
0.04335255274116145
0.03423221072323732
0.03517159839712174
0.01862630546913996
0.013259479446215973
0.0034386157457737265
0.04101216310947248
0.02175008031893671
0.038779193384641336
0.9827039319725273
0.09820931765285
0.014546037256822355
0.04473661524821679
0.008043007915639484
0.03592921599472329
0.009792071599203311
0.008928771646191635
0.03070924600034437
0.11319244662390661
0.04311632132565519
0.010892509998279907
0.04000651105207532
0.027355942185942186
0.015518530618021954
0.02728684391203962
0.01144212227225875
0.012273547661614384
0.22056561976513012
0.07429171647336981
0.007272414612882039
0.9681271306584474
0.007069916581678022
0.12954997031518248
0.042624904366447655
0.0015928391234935253
0.0022142928726460826
0.02341051948411383
0.042413539845241696
0.04141053839073351
0.04058377127661145
0.015077545520807005
0.06603254655277
0.19466298584661643
0.010930689350053955
0.048275628484173966
0.017696204402373437
0.3175299426547222
0.9702516846931808
0.15448246142398367
0.040450684450065534
0.528018360442462
0.9611979358112204
0.06475372933797895
0.904823726397411
0.02639407011957212
0.01942843390622235
0.06593806132975194
0.010624787648456832
0.0185424895487453
0.038400998537170904
0.006947651140781586
0.020853273897320574
0.05359863618888916
0.06514655141587275
0.0012765177364379248
0.8904099169644036
0.015574138584664372
0.18692803601983207
0.9878159570511448
0.013617412029830944
0.8699697829169275
0.006301206833148721
0.018099449438940613
0.02376776791732252
0.05920683782540548
0.12571745120689257
0.34048191659310983
0.006850682572350273
0.019651117867901365
0.04393620798186338
0.010625685791248956
0.009874215627129531
0.17821094181382544
0.024129534126289286
0.021465679142286993
0.26433135960176063
0.00820681908448132
0.015538271393992081
0.23472438900050105
0.007826830722080383
0.004147830561611471
0.008143483620661607
0.024296597911672213
0.051424825753528906
0.007312601043985389
0.09205421090996871
0.028950382077727353
0.019283328125015736
0.028616074031632622
0.11964443496795218
0.08374074051279613
0.027433883125758996
0.1139435654428883
0.00766125987564058
0.0072658679093324
0.18954300888460404
0.036571735659203075
0.03697311976913397
0.047531113535083935
0.010087340059855803
0.1065053303667009
0.9528234146279674
0.8313352062789066
0.11415421415582196
0.029375037689864505
0.019001285396958216
0.01466377697314595
0.07949218722392432
0.06339108080186234
0.9579344839343745
0.003529014312389145
0.11794252978270509
0.0600030818373982
0.0038365012600255826
0.03572018680695564
0.0232723678815224
0.01969678201480672
0.05111326720834935
0.8570866591771172
0.9777567721697837
0.002224318952759824
0.3392712823605243
0.055466540216208164
0.7951828529592194
0.9732255519911035
0.01343844321026295
0.9739403140653865
0.01926538084799391
0.19309009199999438
0.016470245824222126
0.01777228164054744
0.054845957333625406
0.02583743123535107
0.981945837461809
0.9643234337142766
0.04043840968930149
0.04539881699411235
0.9468240756097936
0.07383760927643308
0.013605317359017467
0.2019521147182764
0.01224938537870054
0.05249079259898174
0.0414664800108162
0.0475444751773975
0.09113164497742188
0.0038103240127505106
0.010981240577521598
0.06428385529661683
0.0052374409946623
0.015977452910337125
0.11356329515763496
0.9781604135370848
0.021703782435716187
0.00894119832991102
0.06521695423379019
0.03424640512543511
0.03191116609825576
0.004524492575128005
0.043765402751135385
0.03688921997773316
0.014916220091821421
0.0014589907862959152
0.06546238677025594
0.0034298094367584352
0.0032057989412325846
0.012668932213677361
0.045049966047212654
0.02117628439633804
0.06906808513365979
0.03041443293393126
0.018467147447625638
0.9468168857779413
0.017226238334719667
0.014224602255790624
0.006755903508430119
0.0390341730346802
0.05201256369634143
0.0819803752993076
0.052234033365221325
0.9751403709120786
0.032772107255178796
0.002708255470250922
0.004347251751553653
0.019351211990589024
0.04380972377906842
0.13632705605919068
0.023682715724835324
0.04838180173680336
0.04363672038045411
0.052237040088503765
0.1568893475783311
0.040662249357600086
0.3316343815711649
0.07147057330968934
0.0020063199630372384
0.09824671692639324
0.007122833119216646
0.03633687020300608
0.01754262332534987
0.5159004676656737
0.0415293475748174
0.015457515394832474
0.017126403214642556
0.026692921479454856
0.019426927876419964
0.032600254634036485
0.020074666330578483
0.059672030126025774
0.061297177419631546
0.00680848365361037
0.9526831484382112
0.024116474846376062
0.026258320893857885
0.0890046102679751
0.008434340946439677
0.0338863336784584
0.1403725281054554
0.007381942196282549
0.008961735776677441
0.005140220003139289
0.2543493949041218
0.009785699253848305
0.00783910350013441
0.009149032712516901
0.9784913528942665
0.9721902542867272
0.06094017940039684
0.25391268680336404
0.3269136729963009
0.9764250504641799
0.01718052104377361
0.14998995103080118
0.004123242038314461
0.011291728158032564
0.05461201242311325
0.9664108599447923
0.0959506764848097
0.014339353321420554
0.05042952549895676
0.008750005444266268
0.9564355674099854
0.007775482291530102
0.013774993474095788
0.023321667696974403
0.022130604311311176
0.28777911199916
0.14757641170912184
0.02679736700594915
0.016474499341411823
0.03014179074278828
0.006118544947556651
0.04891768899272984
0.011804246408453439
0.2797280626728666
0.05145470744767661
0.0064937355032568846
0.020585119931048876
0.9821963599857124
0.2295600239604317
0.9329134146263081
0.016499713729159468
0.006287153126250342
0.09846644417732453
0.0019127531145402429
0.1949835887253534
0.0062028720484058756
0.009094261781096988
0.005027268618937175
0.059076320896278144
0.001972686895408673
0.054466374106940364
0.07364437977112918
0.013759430922895659
0.001155680236057249
0.15889713730872068
0.9878586495665849
0.0219183992673356
0.5827556678093192
0.07763194720424085
0.016885829421806928
0.004205752015357848
0.008110904415092803
0.14215402787079529
0.01367475805584249
0.9790089727412163
0.9289853885865023
0.04553975586559493
0.009112511210843872
0.04544756868768832
0.8208353514306138
0.009133106287243073
0.020702207009602232
0.010061825369123804
0.0520443527423306
0.27044294892839116
0.05989840631475397
0.04527922167646856
0.0239696806236128
0.030463971874426062
0.005363198347068731
0.9837813377687801
0.009217584590781789
0.030856216976848976
0.05295038498071609
0.014019294715400513
0.9657311109538962
0.016507675014164235
0.9861711320998652
0.08152391670903826
0.04326316573983428
0.019632702025834683
0.024422207316071125
0.9538874159342936
0.020260890336909296
0.9823424238081272
0.03987978777566685
0.0739185002833938
0.16714977172189285
0.019009915724088472
0.02246942470594324
0.0760927363600769
0.4550202211922905
0.3867021380167232
0.029603670687885227
0.009807822463759141
0.030941928453002285
0.9564218978230942
0.038897311991311925
0.020871898161245513
0.052132411096740564
0.02542322295404689
0.015513563112789367
0.7555359655759013
0.06508854127380259
0.02414858986566123
0.9747785860294251
0.04720713106073899
0.07474167738295548
0.978021344180339
0.024698967435289636
0.0033409546693108218
0.0878514457080948
0.03216880503218723
0.013632836844324238
0.03642018932424531
0.004016085621045115
0.012729515796095811
0.026103786606866755
0.002542928988905355
0.98422894572819
0.06879114247024247
0.13179985763493787
0.0368016259414817
0.00853227310521117
0.2108172166349487
0.004649127513166842
0.008684062149106275
0.11753926166165084
0.04217835968235853
0.01773830141031362
0.020275260653458634
0.0575352810672677
0.012614242326000148
0.007299245583382289
0.1037452834876837
0.924102688672252
0.07603877536732565
0.32293472792921685
0.09120248684603283
0.7213553667187121
0.07906419853173191
0.08064024245113548
0.013070337519367415
0.6994613592202481
0.005641106867924177
0.010338449099427908
0.040730399915593095
0.005376905768884997
0.019954536073053402
0.01551600724239012
0.9633696515982707
0.018446182458674115
0.004632956983222762
0.027988835357526946
0.9423255236476387
0.010014682566915439
0.0053953952263753775
0.02637093701939676
0.002363983597895053
0.9716357969925355
0.002019495930262068
0.012793329404048825
0.43884152601686305
0.06677488167354427
0.04813470841339882
0.026891715994849123
0.0519577007788995
0.2431457509664267
0.17966959382134215
0.007997577511546674
0.3691068016855403
0.06028253992815055
0.08673124080220763
0.001340984330389313
0.0035435379935068287
0.006284138925975248
0.03118664251527281
0.02694339360834635
0.9899014619613901
0.028409769911597906
0.045017596705503156
0.12704600432658297
0.009750858863734037
0.020776774165337988
0.01787468104187508
0.09639541964819544
0.027046521248773027
0.046661671351398974
0.021949709955690417
0.09348295279345137
0.00987016995309062
0.03202800942308436
0.021297714793965934
0.8320305932361829
0.030835398197922467
0.21153257439237538
0.07763734406048961
0.034077038177073214
0.029275613638504665
0.03550169291454758
0.04511027148337893
0.13197416704564793
0.0034881483384389443
0.020748799422765835
0.010964432746664967
0.16030599710470975
0.08043029672909534
0.03216901559977098
0.018879480702646282
0.04127689740306279
0.0033563998707080408
0.003701609322388046
0.9732854192650731
0.02324533397133732
0.006385089414538404
0.015761598558176326
0.983406785625853
0.08929553914246514
0.016089229307557837
0.9816610753289989
0.011510403032927888
0.0164604909946166
0.027584612489094835
0.3531617607904196
0.6595722963894426
0.2207399413941875
0.01658945200937836
0.08076387041584941
0.03369241041941744
0.012076113713551329
0.07372394083624707
0.1325536777808288
0.021254670226412104
0.050374484420452385
0.02977026328947338
0.014062036085778029
0.9869920104159247
0.00686243087924561
0.0026192305231933005
0.010218705209629867
0.975316083121791
0.07155568942324537
0.024714799817750554
0.015842631887821132
0.955426099885255
0.05342886417803836
0.18549716973033242
0.9867135672599288
0.06086144486286295
0.00559461755395593
0.007684818606090765
0.1518346417175324
0.010031761240375338
0.054402696216380664
0.11458663420783555
0.00628991585571685
0.17478344288156694
0.0569634234082228
0.011124620871356137
0.05193536873945698
0.018532445196241167
0.042674729095469426
0.10543871283359829
0.04031588692812731
0.07406414831651824
0.001637204274710668
0.012256270203917806
0.08458785142534009
0.059161613198375644
0.04871175917971417
0.01970617905788916
0.8829466168437086
0.012149437337192148
0.9778296977944703
0.00796905686910453
0.08327364429018524
0.0027408575116340166
0.007015374171739339
0.0337900585464076
0.008393371754924212
0.07618839061225466
0.04403918355563519
0.06151994926000299
0.08503554283531134
0.016275843946822223
0.006557403871230818
0.011862023847279942
0.056532968171881776
0.07909685282331294
0.9375292847105902
0.9682136769113412
0.03823738595191927
0.0846096002845788
0.04849392888391287
0.034368641075710214
0.01791688888773772
0.00801036820452589
0.01330088141132754
0.977276156070869
0.1268315148549054
0.002729905255402581
0.11958880489966471
0.9961246081484955
0.03624202055849245
0.007444031959622358
0.0799808419978434
0.1429888547050467
0.08902029320340346
0.04615432032159908
0.024788376528936434
0.09033608019036328
0.007584333943012255
0.01299579655002455
0.4121409195674368
0.05109221940007471
0.008438609856856091
0.00784394817607198
0.001945721989253271
0.002097088174539998
0.02322722809821409
0.03727233611669068
0.13213514118944622
0.026715000527531226
0.013111356049026726
0.02085143597843513
0.016321586811267604
0.9800120044357509
0.006530076910994323
0.0063954827809353226
0.10633255606474072
0.0011300948679501999
0.9876024253881541
0.011861228272953741
0.15698152361219356
0.10129894237881361
0.08580879880402913
0.010094311842227059
0.0038336987380998386
0.019621029777524585
0.6819104664995601
0.9896134426675776
0.955015350321789
0.9830943294656493
0.009382801908482096
0.029505022214836377
0.014868326972107182
0.04199656899583204
0.0595334018613614
0.021158902527736036
0.11169753257788434
0.16316609386977168
0.9684385668705856
0.001375364859192087
0.10919467591462816
0.007204072614242045
0.07970183027185543
0.0467018816291494
0.030482982686529943
0.03225770089029321
0.0998081904089914
0.027109116787874157
0.006709965601832157
0.9706405952070059
0.006437303795931249
0.007026359601800952
0.0017411978827782627
0.007149301557165162
0.025301449126685555
0.06577351182183278
0.9613815767733428
0.03905993477432172
0.05888939796307767
0.9804531135210818
0.4472826303909758
0.22493171098387044
0.018703987467561172
0.08331970435694476
0.06500584006300746
0.008172876992725248
0.032513993850919055
0.24574427723314937
0.011494778920847604
0.061191379447533896
0.9895595148573498
0.02316662901645469
0.024199599117818358
0.0278378487638648
0.033055317186062916
0.017992466132519848
0.016136650810617298
0.08446228140487447
0.023725198427967702
0.0022242592572444945
0.12844244640770186
0.002991535568856989
0.014021614305981835
0.01675945204129701
0.03276936107630754
0.03964102571101454
0.12325289094380748
0.0035894660217959478
0.25549325548545077
0.9237979690619726
0.12938053788830478
0.034288432108567544
0.04878985832809655
0.010159653560839785
0.037517337718726486
0.9950208817741703
0.02012105666863153
0.004638654110238361
0.9572557576687232
0.007511043667808282
0.034609531265513915
0.012179831816453941
0.012154433657293188
0.9372665721248666
0.004498107697673907
0.019926780242376513
0.002496860877572492
0.006172114924739045
0.0027287211927602474
0.05113807339432173
0.01834827130880668
0.03837990220031312
0.03936153963698442
0.0022703024786818104
0.08320239013062726
0.01967820646550931
0.02189905350510288
0.09462148079592593
0.7208151084904344
0.03019659065013904
0.06145904732045062
0.8675427513233231
0.01405919384702091
0.012908741317978109
0.010276530975494086
0.004930926392057682
0.9813336152538367
0.013884700463241278
0.025416750124761942
0.014300717471854086
0.006901387052716676
0.016291215169132515
0.012675959978684776
0.0036784560161089307
0.022044735030235955
0.008703094251985502
0.012861356298272758
0.0314419404512199
0.04120393606961869
0.039814408600741424
0.935467211931868
0.07987281564258561
0.05980469902119418
0.007328306516039872
0.9764904315606545
0.015544098014994174
0.04932721906044874
0.02225587468654971
0.013012096614908505
0.04720858433196555
0.4715362944956725
0.9708927400641342
0.05978764758494253
0.03453886246847706
0.011321037976958298
0.08576636347957287
0.47501548283699013
0.009022068086538009
0.9881530558418228
0.030613198043229414
0.3269118872029165
0.09195543918205255
0.9601663077766905
0.03243588958064355
0.0012910252723108509
0.015342507778793245
0.023346308310294422
0.013264446586346632
0.9552039374084416
0.01154301870186226
0.0023822873319380177
0.013968930330642308
0.09713403725392841
0.01946348768334979
0.13387691189855624
0.018253060435349338
0.031647260427310336
0.04624984167699936
0.0013530529612241053
0.13419532785559485
0.005613341829376027
0.030498843026230512
0.0558619524865863
0.018597940505866585
0.03553802387000505
0.035681435765083716
0.006379930314247218
0.0069226837759226775
0.01020466920898097
0.007687886762340998
0.01777899794928299
0.0036017676368025773
0.025539516266096084
0.9335134545127034
0.021202260301563355
0.04048055111895601
0.013904297566180933
0.016497435823280303
0.11597526938830503
0.006792456875935424
0.9585197545792954
0.07398367204098451
0.00744513508736254
0.03712539478250786
0.022566688789872495
0.24280665192351028
0.01588685838021832
0.230233720887196
0.040549889804554456
0.15285416503396285
0.01424758663933001
0.062024159286417906
0.016965438927560774
0.09551676225938183
0.06214255493828415
0.04916813008936366
0.011751631091778956
0.9826720796884564
0.17742163759916674
0.004433804041353753
0.08453822431943686
0.03004145657848418
0.04004285193258583
0.03335761031729484
0.9711981193188194
0.027271786570401968
0.021964208912338537
0.013369652308792232
0.9838098284498944
0.03722889153394129
0.0028233107607934997
0.04177735256487436
0.15270852963226586
0.02176135600405217
0.060703483132882506
0.012712399276578619
0.06478916797807957
0.018628342401793608
0.07654261074675119
0.034872366515515535
0.2626363921644825
0.9881171303129015
0.1350074251210721
0.02701832716208548
0.012937223694727796
0.04033990609455582
0.012094316900405447
0.036266101749299944
0.22933832765756595
0.0010996940499266232
0.06345357616175253
0.035270028215679795
0.009162449459483397
0.013631788620550872
0.00851065797618428
0.08720192336172046
0.04140522117305206
0.020096643399765135
0.07121512423682057
0.9861177140505051
0.0060148673086137154
0.9098846932180655
0.012110732464605622
0.17390523804611094
0.03990667383629311
0.05506814637918784
0.07324253520792533
0.025249857177059562
0.028426887052411604
0.07791674285520758
0.0022602508265126744
0.08576880079815126
0.016836386524804382
0.9815462382591017
0.041877492647850255
0.10986097032839573
0.029611150657769102
0.916261820610655
0.9666694494716748
0.022824336811416185
0.06727020811724586
0.018871961728810716
0.01812631727976384
0.022450099727157245
0.017008420881395262
0.0496935059113844
0.042891171059174255
0.01970334838235585
0.9285537132876518
0.03754619201955341
0.9504874145798043
0.06677335369542048
0.009733903537176628
0.007562065268793501
0.06565326466818174
0.07830137304379539
0.087680964066244
0.026982323965030076
0.007814171280152339
0.04278478947187051
0.11492514551947877
0.9597288697615465
0.018606779214107937
0.06703701958975256
0.972232042398721
0.018729105137092215
0.04562318454269322
0.009768928252832456
0.03869744990721033
0.030861081525447937
0.013158654673294348
0.004695376055465264
0.0959649037560997
0.004884952699168903
0.030464972654226413
0.004056586218382563
0.014979697583823334
0.08016279912266204
0.5040774678889861
0.17691381410487428
0.29663878208282685
0.03426243922311427
0.9808122259148578
0.011149954335817508
0.24470234616549463
0.09127083824429841
0.9576936599948066
0.013014769933065187
0.003209434653508735
0.0005384260583029919
0.003048824433468164
0.015473241547592703
0.17687159793392881
0.025155882186142262
0.008405547759467826
0.01977222920322504
0.9855915589728804
0.001779159202395644
0.008849489189753104
0.019246258553885547
0.00705484037919301
0.03254322932099086
0.01914340604392344
0.0178199003193779
0.011120646156654649
0.1136530638685873
0.15602339021293057
0.003745775927441104
0.013882642559297782
0.009153050327084787
0.0024684854466556667
0.0025123136586828387
0.012657250309526944
0.13428057145519753
0.010954676092565504
0.015373392925019921
0.022311814655449812
0.030206666463580726
0.11105976117173463
0.013518674220863553
0.0035474492775068416
0.16215189960677145
0.07301150870662682
0.08382615696190367
0.9791183757372263
0.02012912741620906
0.04322523230942318
0.043477281066132856
0.026561144367951886
0.1845832017244558
0.005194238372867901
0.2089809087394917
0.0017672770177169289
0.010019401574634693
0.007772437900607662
0.023782040955174572
0.030447514842236022
0.029818644849390317
0.013056028150444252
0.3532536575425121
0.008369147146663265
0.013529525872440624
0.005368293592662301
0.05885430018179362
0.9587011989285201
0.04737626885951594
0.008651151853096393
0.014802076796893715
0.010706720570622864
0.0017742696820186956
0.01674565624498325
0.12945944023291564
0.904945280184225
0.9708067453781084
0.9507666938209391
0.024044802382089177
0.08039396905329384
0.016068123551519237
0.012882349662586003
0.04754999322904448
0.010403654643219795
0.03553443650422256
0.980486210610343
0.005006637627795714
0.12496521142398773
0.046443380485875096
0.07959455532437436
0.00799339490707901
0.02934799500973348
0.02565412397316452
0.017863934403596602
0.003798784014720309
0.05309058103423008
0.0025414889484974904
0.9741496504966167
0.05628120436809563
0.08031326800844757
0.010584715819326681
0.10379601541056858
0.043596100255009096
0.9566922653608291
0.017297615814150506
0.024612529246978144
0.0074787736774007876
0.02231002104730579
0.03862615959382123
0.09749782088672286
0.02310230018610092
0.004372232683606627
0.017496745748871716
0.44160465382995184
0.0038397279251415222
0.9600377673563242
0.03753187673147602
0.029322626104778492
0.00841103161650662
0.0044669969611918795
0.01222511604869615
0.07323148694450532
0.020352411533073895
0.059958161051037406
0.06473267515874054
0.022114983731155398
0.011268417500299919
0.013536455986611889
0.9717481631661681
0.004870627215278378
0.027022552673518514
0.031551119884024946
0.299645274706051
0.014027190024313567
0.04642181096433685
0.971917399650674
0.0025763996054261737
0.9762194949072756
0.04209615566022602
0.008106550643233118
0.0027324791563309706
0.03624683725813961
0.02547152711453995
0.026157014155909243
0.9649703328158286
0.0018414783246154625
0.035011516191936154
0.06266488537738427
0.2825798779745915
0.06120346158483525
0.05002860799847357
0.184670050796254
0.9868624139275053
0.0029459029652637147
0.020341218849329087
0.08367268912838917
0.007010843100078897
0.027705003328797276
0.1450106182514989
0.05687045328878902
0.8118389591721319
0.0015441273302547749
0.045258461589462735
0.11557725227285816
0.01325374335184939
0.03668491690967025
0.013505959896457377
0.013042755395860155
0.0015699168193517032
0.9831001228670863
0.007882942032310115
0.9701052680217205
0.029648900153670193
0.021149527958862144
0.03357895706997445
0.9782978437919694
0.02077372168242333
0.04688626576471205
0.60822939763843
0.147870310359122
0.8342715350248653
0.07711388631146585
0.018398901294527835
0.2515507759534109
0.022417618875573513
0.24572927969677652
0.9503452119083695
0.9799648109163774
0.01607525266163214
0.005646348425102293
0.10887316249970254
0.9723643217011816
0.02231263096211524
0.0016246860252434965
0.005485923217071778
0.09653598674736621
0.010581792427677376
0.1250429522525194
0.004002324483253222
0.009229682145410045
0.0390773372038042
0.05273328416881048
0.06477746037554014
0.02518696046662071
0.03157156781309875
0.013278929016716894
0.0019636100496276806
0.014753511250504068
0.10613132255518475
0.015129075418196504
0.0032138455623004695
0.03469057742146644
0.08958066214155669
0.004561318529444726
0.04082658745292049
0.06432188677049948
0.06266260299428489
0.017740876979663395
0.012156951316066431
0.031622272182772325
0.03036345302489561
0.05212103992492519
0.0268385106090765
0.015751750879441
0.10791047414207078
0.059987426707958376
0.02582927008193922
0.07784319054063152
0.17451747057107148
0.9207763575444885
0.16656305998277562
0.024794010273170086
0.9602098014071866
0.0997180276423563
0.0166792070628268
0.007214737601972825
0.012265248594136243
0.022529781427557655
0.17724697763831654
0.08066326369559532
0.026275043865274905
0.006789656186286388
0.016933793418893995
0.8943713193846177
0.01585385711823349
0.008041701065517643
0.009544161297688912
0.011456387831967934
0.02596434165909992
0.023283874473725635
0.006468893065879538
0.008222231754642552
0.07967007546541188
0.1583351496029202
0.08098736796384014
0.003194057184311264
0.01005388417241371
0.03437867259958202
0.01497155663946289
0.07471786252578756
0.07795712556635837
0.021663905860295166
0.011797157693886196
0.266706996415759
0.010236431095992642
0.03627761831093244
0.2777633709773126
0.008796872179324773
0.009355354559705311
0.9518876795698732
0.012599948830869002
0.012628471799636753
0.20876093886666047
0.02627833400877877
0.017671060048593222
0.018572168188007842
0.019418872211104617
0.002964491162367974
0.014150578687479123
0.12549145710377746
0.06349828973879172
0.01235486655014358
0.0242768004499157
0.009263958341791374
0.9704491827409415
0.020191810840761635
0.16898077707627737
0.004159720571605547
0.008954428617359064
0.0746074931312587
0.020059123877342582
0.039537736435325876
0.015185577707214156
0.12059804105679087
0.018052938001043472
0.9721016435341004
0.028147999909595576
0.0065781396007636595
0.09894092022736448
0.04388809404334242
0.17069240348607123
0.02234133956724408
0.030276814300499045
0.9655626605604686
0.014424598732059
0.0073182208833930465
0.06693308617043499
0.027556976476380324
0.16895334286137062
0.12058803693497029
0.03659526594055916
0.016091516501519913
0.08231853484082688
0.008794688043875265
0.03991656509453462
0.02678696295511474
0.00660930151474482
0.17292120607004915
0.015850395772359877
0.12355876705527244
0.033970327579962475
0.003993508689520622
0.01932057234083399
0.9752486052526347
0.04276798100107376
0.024880298116125087
0.07884515808034177
0.023542154623195845
0.13202510871254836
0.01020455941187991
0.007459554895322746
0.004026866434894823
0.013356736338283286
0.878642382730497
0.18404845192883293
0.9366695545675658
0.0032963895285885135
0.12005064694522408
0.04475788925515281
0.1542962363443146
0.03725243805175361
0.08377335005728748
0.09569021596836211
0.17074140375651536
0.05353206605480382
0.015976056844806494
0.025312608377742355
0.06599760728484626
0.7816926134284279
0.10806455070970249
0.04965804448613973
0.023826274444365136
0.005315195733573788
0.03451053005729847
0.09964372433028976
0.05582067127064491
0.13397548471403883
0.03118665488783995
0.08097160577038984
0.026782741216120363
0.9338713532733985
0.20423584625391203
0.058164727070152744
0.17411413793796685
0.04208240246385008
0.013045983337058874
0.011629506264017186
0.1793662993895998
0.9523668800270961
0.13140381882069704
0.010467682334039354
0.049409552074608024
0.007542374007094562
0.9576287603177559
0.019810252943538803
0.020578669779044455
0.019892389940982712
0.0036816983832724352
0.0015417633630593905
0.014629350700396546
0.004181818784187358
0.003018100142420807
0.9555585705107595
0.010990921681274616
0.014999116534299571
0.958927948958262
0.0016216535632005526
0.009793110992832742
0.010465086565759795
0.2362811548589631
0.010383026668443991
0.007113761248375069
0.9413417968012922
0.023489744549772065
0.004668100263924153
0.005184367022693455
0.09852551452023597
0.9450037976240024
0.028799106389758786
0.029998064298264026
0.003459405637877062
0.05792255817669509
0.02549885934377063
0.9469753772115554
0.325309306359005
0.010673280478263204
0.005824721048518611
0.001973189141644905
0.011423469697711837
0.012632387086716565
0.9830556007850757
0.01721693466332162
0.1270726264822773
0.9639459042808398
0.01919447723944534
0.354932613402393
0.11456666858300761
0.013621985750433066
0.017159516951216598
0.02571588339696808
0.3778140345775878
0.009263401800203372
0.047559698099431336
0.0629595894371308
0.2810874204723507
0.07579959575070801
0.9356683037169148
0.0026136480201319457
0.9570045062608062
0.04058827491455246
0.0028584401474722925
0.4471411386181931
0.18217878763961573
0.09329733997689696
0.0088471184434653
0.006212493111030793
0.04130938238971418
0.9060584566999487
0.017870973686324034
0.03191760746066325
0.8507013569208527
0.07255534364300403
0.01886042901993376
0.9316450412014007
0.004804745862729232
0.004622418538783361
0.038330502260807434
0.022245520196500685
0.9421559225164531
0.03806248964270084
0.05351108663883366
0.9430111465021701
0.02627445121110499
0.043443770699658206
0.019657687594516898
0.05016853593802519
0.010194234594660005
0.014664039383088896
0.04961006990870094
0.029701933515078997
0.012805465361348642
0.0025709626108922803
0.12496889437415717
0.09788283606667628
0.05634906756204104
0.11650442991566305
0.003952422492786068
0.012370554545940039
0.03744879122859757
0.9932947933259786
0.002665769592879645
0.008080797266634113
0.054205039686292304
0.020732981674587758
0.02098352943986091
0.04600359936302714
0.010350632383312276
0.9821726028803649
0.009386456557898224
0.10331998070565937
0.12169966653132903
0.02464175198412533
0.022053508499684495
0.017136571021207032
0.011399218614112444
0.02431138212270605
0.02454089798640788
0.017483864829345445
0.007340840142602309
0.11545465275659196
0.12416566463084239
0.9449872158244202
0.9881941780789475
0.02391252165990126
0.06085901567974856
0.001749710054754486
0.056619365783851405
0.02630854614517345
0.005980976120924756
0.016677605473481936
0.00803141261966806
0.003535678992642685
0.029660265511103016
0.03723290262924655
0.021095664063967852
0.013151050043790581
0.005246014644716099
0.01570977679462627
0.0393350107459916
0.09076111224874309
0.009208743510816974
0.01229476536942059
0.006316879508039743
0.04114653304295014
0.017479017279869887
0.025802195233841762
0.018144895864566767
0.9817280544314568
0.022215011379152116
0.010041771261150348
0.15139996928952693
0.01353827466900257
0.2944028083184563
0.008025074723289019
0.9642972613313185
0.028690948486746918
0.006424932561738477
0.009386449994918647
0.01627443841366137
0.009945881993844455
0.04611757324958859
0.0024027281176280456
0.11306058687428254
0.02302689236886108
0.0018248179130389024
0.9662745531517261
0.02435399505646713
0.0013602207341058845
0.053218986958399564
0.0094257562349014
0.039179312210517264
0.018822621631446358
0.023261560819524598
0.05344525361832792
0.47455148224333543
0.007390924662836952
0.013508414964149463
0.005094971450000539
0.04514142540124865
0.0023069129919875433
0.9360751931122184
0.015545557903740763
0.009907047406558615
0.021190872896683192
0.020584360644616797
0.026653796521766786
0.021012047491890003
0.09149359487894207
0.03698290223141243
0.011797298693659296
0.008407691864094723
0.11681698766394759
0.0016942109463327529
0.010575189600452027
0.009525146058132273
0.005360576659370063
0.011849166500334522
0.01627793554993732
0.025999118086641997
0.0013141405306731563
0.026210948121489646
0.06140873446738367
0.016552029162268413
0.03816445833983411
0.03372332735413054
0.17109264601167132
0.0409120688779442
0.13844543318379665
0.017156474173644985
0.007050991132819431
0.048998672894095374
0.08799357137679949
0.016525765649579686
0.054062496630410586
0.03551194718903249
0.013524322116023838
0.09355195842948333
0.9815316338654294
0.015553359933524984
0.00480271281986011
0.10578849165198831
0.4400252304488844
0.01426841325587872
0.03754545554925633
0.09124256706645716
0.01742308645458994
0.015146277629846194
0.013439078679181418
0.028504653509591298
0.11066117824563287
0.01771639555410854
0.015492958199354848
0.049979669526010205
0.16767738818897915
0.027868480041768954
0.102796000537831
0.14563069889714558
0.0617088196924094
0.0652847695440033
0.04660064083724402
0.019516815890725122
0.009919316522490229
0.04108622569184117
0.14928923089219287
0.10293715623149302
0.3242496479245191
0.02092827611769739
0.008689821855059034
0.2164462372395515
0.0015037476525105822
0.012677870748675941
0.015704988940369178
0.05418708161069026
0.21971909659832486
0.06353853047271986
0.027436161071642207
0.020110088196116645
0.017616446462018955
0.0351202475190464
0.03457849753191514
0.13448725355479438
0.9893599203251868
0.00858657064333196
0.0027687567793017423
0.04701882312073826
0.046934668675286846
0.00963367847762008
0.0028689874322218507
0.04396980181338553
0.9728598035245585
0.2879004103147445
0.03898253430523719
0.023404751606613695
0.011483829453000612
0.028498421230107537
0.9851840115882755
0.7021020650325287
0.09620849222365348
0.06613106349444811
0.34692455955452484
0.012144948912663347
0.05903135693651127
0.05189549850547195
0.02661484164892758
0.0351601073752251
0.08255692685447336
0.0014188504034831943
0.020161245020901167
0.0608700116780368
0.002405161709408581
0.022286921284059846
0.05380539018265512
0.04034645602484219
0.04583435366348918
0.008765595234116243
0.008367628591097576
0.0740709367156987
0.11463175697149286
0.0018387900834488326
0.04754491607714833
0.07194120374793352
0.016608184740999794
0.014155041391151056
0.015731413866746348
0.024208807059523767
0.9654480100043271
0.04882657374637726
0.02257187639386504
0.011352622240961835
0.13041825919678685
0.006282383349865377
0.0076912844475793525
0.02148115275720048
0.002939352991860808
0.01608658371133612
0.0055424286588871535
0.01019930412807248
0.021461356996117995
0.055847977059185455
0.04093984154556653
0.023430978486570487
0.007805692145062758
0.03162621187546363
0.07688325836784053
0.005870245035474732
0.019333752346189625
0.0033389228758918016
0.048009538396414066
0.9663049459806556
0.009022009593413325
0.0130410807751091
0.02112448631456102
0.10888222893735246
0.10961426259287588
0.024991032176112263
0.025901879426491848
0.25295059733539166
0.9650885945283995
0.023750471316129024
0.0014324824278134096
0.9589454559425837
0.02439588191819013
0.22425592357846305
0.0010135618553349303
0.2057732950572596
0.012164661334021505
0.019191354255474618
0.005438122040637183
0.02392741681672807
0.03183248599173313
0.0038336987380998386
0.08052125087872178
0.015258602817122317
0.016823132720876075
0.0740207358475073
0.9343253940208891
0.002787391978422949
0.11556800526515132
0.019840540888572945
0.9510550142932226
0.044116644034981355
0.9723010079450587
0.06565856156320962
0.0756449611358242
0.03901501885253842
0.059256681017965156
0.06022870992070761
0.9577522723787731
0.12008910739053588
0.04848670989652276
0.05235058807316212
0.057559710083110685
0.017327260212793738
0.12874507704300975
0.28409449964047095
0.012285845427157507
0.9114752109193889
0.9726375238702234
0.048567375456397846
0.04243968713194732
0.03881305640051154
0.01050267887128713
0.014638111184219921
0.9322034224644842
0.025643453154084103
0.027220029537194195
0.9491378483065442
0.0272999483447835
0.024079546702025025
0.004473383369423835
0.018352013787423124
0.2377237098396517
0.017527531364790058
0.09044024382565131
0.011230326251852007
0.8684110813097643
0.010283891664322057
0.01254400202080923
0.10827846735800577
0.9637237223420231
0.0556483327933725
0.008350625391844228
0.01069805268248611
0.028577652011144872
0.9796226626106546
0.01103518448379957
0.08157507203688072
0.23198360220910014
0.008805586298953824
0.018767842923646378
0.021946789493865082
0.06181027542595656
0.005884442093400942
0.050913897541783874
0.031109422189257
0.050289609977008105
0.06875726715678758
0.012064154207697906
0.7913021432853672
0.01853346948191568
0.01829145201421861
0.02563065605578659
0.9529391216150478
0.030939093897899398
0.009916563618507169
0.020131336072985503
0.9866925810214605
0.02936443162259314
0.017631222983956123
0.11489518864316783
0.023650129813665138
0.007404734389764457
0.019758638418023583
0.0036431680937922093
0.02295365382774961
0.009436013096230232
0.028653363380211978
0.018445369234561377
0.029496519534111674
0.04241102367021442
0.012842870647547964
0.0995246466958071
0.016164993803473148
0.8377659466615579
0.009824431653361984
0.0273131965404218
0.9874821188255298
0.025209077763215886
0.0015202225454511878
0.9574588646501766
0.23231340246621346
0.038802926424340314
0.010074236191014399
0.0019446222301837334
0.9717592244902136
0.022043573567708925
0.3135770239882644
0.0019586250865030793
0.019302690807018647
0.015084444656932539
0.088793019634722
0.01956810262077682
0.071782259180189
0.042546000263611404
0.9465161742460926
0.2408817955033165
0.47882985944815126
0.034700610169824814
0.008502920023187307
0.014476830407817333
0.010447273439472125
0.021476653759953675
0.12076776637559582
0.9717158095001076
0.01857230743390941
0.34849398657438
0.017099174971664063
0.05695659806932161
0.9458610358870108
0.009504737846874282
0.004528200065658929
0.006231884708526353
0.028055851578960164
0.00117657834843711
0.06666099499536521
0.02770762906618307
0.08142225864562934
0.004429683906948942
0.025880855152757756
0.9792085030620464
0.02046620757534849
0.01508977814231053
0.2212612994257514
0.020268150482313226
0.03229055026288263
0.9665004292234725
0.01268379178295602
0.0092995693873604
0.016499347414894804
0.056838939769679415
0.05321395256860907
0.9732111156343902
0.24926167652198444
0.017884679529132187
0.0026255756829605317
0.04812428990401371
0.01612099525831612
0.002964809935408215
0.03920429207359297
0.009446140755344076
0.007809037982359349
0.04577667780271333
0.8484178301473053
0.026329181654393265
0.0014014656404803016
0.023103256343127352
0.01848926403397528
0.0026627299447074945
0.031207771639904163
0.024801458848644507
0.9833559042566294
0.03607464166314266
0.08466452964402459
0.10400843170575147
0.9556580727203047
0.9673433864679348
0.9775398076177475
0.022129494750844997
0.9361109318772872
0.16579234035409515
0.9720078352151684
0.13873582614453547
0.03989516719780303
0.0234872028935522
0.0017178876247926275
0.07842059364582848
0.18534060961355456
0.9880102391004895
0.03160648022302719
0.020813243398097557
0.23196638082311305
0.9437453152063584
0.0044477967396419705
0.024334809477078362
0.016240399751209233
0.010345682905982445
0.010144991711894064
0.0779741999525833
0.005010447612297151
0.019453871219883616
0.1028601752768992
0.009019090718619328
0.03632676002938328
0.21188309024689966
0.025068805551354007
0.014921359726106843
0.004215661756750254
0.02234032280564076
0.013410571460834258
0.02247661917008824
0.03337793280882412
0.018798692336701943
0.9600149344365932
0.07859491445320892
0.0026271082977287535
0.022278685677337783
0.036843014231971824
0.01938583234903924
0.9305252038991293
0.02991451515888229
0.017647709851079236
0.021756568358046458
0.2068474573818239
0.174267487568749
0.01764223567197267
0.0586135248255903
0.09602926535435297
0.028730932980414257
0.019224648654115346
0.023302301406620846
0.010106717667007499
0.006426684253008344
0.08880147135153267
0.9618875161664685
0.08376966735376906
0.008560903459149337
0.02919423476759196
0.1716547010414682
0.2493091434060261
0.02457488472853434
0.05394405163051973
0.06773077429873334
0.020938267930352014
0.022076067673779374
0.03909583073296468
0.02973843690714976
0.02728382670967822
0.28241891667222213
0.003098088757274844
0.05875124121820494
0.6909770960628161
0.009431734753526304
0.027350818078774347
0.014636229166487746
0.0017439447525643985
0.030130793635864232
0.007267803286744546
0.01322082209024145
0.036460387304676635
0.005642444162207682
0.022539415144770526
0.11222244385168727
0.024267415433486792
0.05825320155428574
0.048668648079474984
0.17400283312467674
0.020579748224298592
0.011838354094234387
0.09726241605636451
0.040314134176521056
0.10236457671792895
0.12946214475718534
0.01810807996496221
0.026169235986798583
0.018919664726338208
0.05120678492018957
0.9608601306316973
0.03545900029909961
0.0068450924103173084
0.08860682213970639
0.04315535334527271
0.022621619889763057
0.003837065954518401
0.9660111729678099
0.05223878274524678
0.010070572889860427
0.02198989644292335
0.9733079463451371
0.2763705220754803
0.03372404782813067
0.1417694200406817
0.01719292460575947
0.985380525959238
0.01584240451622738
0.024289227273194332
0.0908402579343346
0.01243368768845272
0.01940313341259881
0.9374726256109595
0.01519977633001233
0.054912260401521466
0.03169434146820408
0.9794830230174885
0.039238646879278194
0.12415231534451002
0.05428360037182347
0.013515111320739917
0.0029189923245248883
0.02382961883276229
0.008113315901273456
0.002932039540786428
0.9658732417042608
0.0017921132403269481
0.07943713473701972
0.03887748052503597
0.028682785408460143
0.02231857088076914
0.042337223476541064
0.9753964146329936
0.003488883319110852
0.004706851087478962
0.009849341512838816
0.026638546465887678
0.9833162268522639
0.12838905627841773
0.009624097624579908
0.1913709654922661
0.010558706687607404
0.20850390198098714
0.9872475224965864
0.0005844316502041533
0.09222506887053104
0.9867912705538257
0.13726288716275042
0.01388682377551195
0.06407881336026716
0.009991573453228694
0.011127236073026328
0.025274332479019602
0.9734974456986369
0.06464791010492929
0.008486178639479515
0.005134719603250322
0.05445067769185848
0.004426196348044015
0.019998182140566857
0.022175532106300928
0.01757457941504106
0.019677320545305743
0.006347211950180417
0.0029446623557842612
0.9887661252554484
0.0038744743448629166
0.006779576071334293
0.16486786970603043
0.09335390738503516
0.036625101443319034
0.03035477119024215
0.02143527897471309
0.06875444074551638
0.14998737976942678
0.039957457293780266
0.08056616540165641
0.0042234040264419225
0.01854528065240232
0.007492007435821283
0.026766349962628038
0.10826915699172233
0.03210310430922308
0.033360018479903324
0.1333226009976613
0.030973728480623654
0.023074847723835962
0.03732118711521709
0.006997331541570223
0.010305806302190587
0.06348062447848028
0.015357061827208791
0.022648790025002367
0.001483661356998066
0.04123359571680251
0.02510936338435555
0.018281002299746458
0.0034099156057476785
0.01996185580310278
0.07189866021662482
0.09517907622419976
0.9727063564374967
0.0021964044713785984
0.0008739036668826254
0.01538397480868185
0.009356692301129054
0.15394256622585314
0.00479950471822479
0.11611606251567035
0.15389030300020273
0.0052328106692824065
0.9283655315178424
0.025036274687829582
0.0017789516430405218
0.017909711799642382
0.9786376713666629
0.0020982200777863048
0.526633949371258
0.02098620126505244
0.03228419223785774
0.9732965125129314
0.05651381784461847
0.060757466760547885
0.005929122350369589
0.008901509130072763
0.027827591437769892
0.025090630198740575
0.0031504397190284233
0.9637010061914427
0.0987203666607265
0.016298265944387786
0.031709777725272
0.030361876651129976
0.10046752257381097
0.014567988660242007
0.02312212593414919
0.01942775773122569
0.9324673164893509
0.029395437019609262
0.06285004525962262
0.011697228753551142
0.059808406196256894
0.0033077798701841945
0.9474659586851474
0.019960805126069552
0.022437984143206538
0.06817111139567161
0.9795300391112757
0.03320253575056502
0.05821513838604222
0.02163154467984663
0.0629599343560989
0.15103486462096194
0.013687359443434815
0.04532903347348311
0.023271767425632556
0.03730510633198215
0.012449091170091483
0.005248793403459235
0.9858964323432734
0.006601000376166938
0.01281438678309738
0.031930941082237416
0.008826800167379195
0.0033787934755388944
0.11714776166459477
0.09506775376659196
0.10534123747071374
0.10108492687672142
0.3876648353380442
0.04642258859138844
0.2868400976202112
0.02274804137900546
0.18170564414907206
0.017979987710552568
0.07107441155503397
0.15695538881497498
0.0026644722893616117
0.9779443800745413
0.3687837941820223
0.9675516308038205
0.01916487352782268
0.004457752972195436
0.029560101177805505
0.11666433380099575
0.03471486585234657
0.04843835171522153
0.13765752740210274
0.01278105419776335
0.09606501339914823
0.06483836701182
0.0380855622892857
0.07131989006345639
0.025700625235799173
0.02043116636155644
0.9339388889033435
0.03399921164880897
0.01711638833211598
0.015166193897844248
0.033867703107467326
0.011790662232899046
0.0015966211779298914
0.005548550519701287
0.8430765651385568
0.03504708833579738
0.0063311419906983985
0.004476603598482087
0.9443023598648538
0.08864856201172826
0.01015633795230022
0.004084406167419769
0.01345759223195008
0.12760466826885003
0.0028650638110435445
0.038866338574414516
0.023681023432163172
0.07780092252434215
0.06564076615958632
0.05616475987202605
0.005925101199121521
0.10603079279746672
0.014225309905491175
0.03497328242114758
0.021390380066875568
0.005002368168077489
0.001159899818041215
0.00646142889777187
0.07473181022759134
0.11256174100328203
0.02073169266846518
0.32791501357135744
0.016240563165525152
0.007707179748325343
0.013093473088080421
0.929482755786097
0.04622233160550299
0.06795759106150674
0.08493540208981298
0.021015622207473036
0.02697216563261892
0.00841660525602392
0.03261693382972424
0.027047733126623855
0.0218834855407267
0.015929356634971307
0.9710101042341708
0.04253206265235554
0.5480614397297113
0.018386056916917776
0.09324488909115249
0.333969632736248
0.1251164529495888
0.2737135625172047
0.9644915118223676
0.05975792026195424
0.9702243426707513
0.40072013146601837
0.8145352258192432
0.05517442806035008
0.007417705114906471
0.04947208591484771
0.027873356687295268
0.03951113070821695
0.022279978386771312
0.05725296156768216
0.002203656300157491
0.01563298317371577
0.01709909646279989
0.02097866522309279
0.0118806507857117
0.008468188365599306
0.009591609358668563
0.012189828555821397
0.0139145275384407
0.008004298176272637
0.009558695893550104
0.012553662248783558
0.0968543431908297
0.036451112787583104
0.17139771363595516
0.0020044107303757077
0.01775884156559516
0.008965978839072688
0.04780107533280345
0.03541191951955045
0.02034770846295615
0.012000974112888889
0.019227153461199225
0.03450989973457371
0.029081349459234705
0.011085202077293953
0.03544079336184551
0.0096945908877728
0.02147219012236264
0.04119367469638377
0.07599430253687546
0.9702914039568564
0.18480352501037062
0.015121647380292228
0.002608643834452808
0.01920076527080675
0.10889928585084906
0.027008714632177425
0.01366025806792014
0.9501353037210621
0.05290933934332536
0.009477398325916016
0.08167198870486134
0.0062010312997057
0.15151440242183076
0.026896689580411
0.04962148174994081
0.08079450124017022
0.11621180172677678
0.0034040877637443005
0.017530882468063905
0.0266768377069302
0.04613755703104612
0.12009416848007977
0.004947240329474211
0.015155499730699079
0.05785980935389044
0.024479186089762725
0.023929087778582006
0.08240776328506565
0.022311814655449812
0.010923468264645138
0.010013681599779596
0.012363347453046639
0.03296717568872416
0.021133514298435983
0.9929092230645679
0.011033743818064722
0.04636658189820662
0.9143292452464681
0.036917680922931864
0.05971684938301202
0.03361764145946204
0.01091825807415769
0.0480613364439165
0.005981248088299392
0.04472504723543476
0.027505633710149472
0.054275376593843315
0.014484811523828594
0.021940964283259687
0.010822035368951011
0.006314704172582151
0.37222924949352987
0.039755596977981034
0.015958071689572133
0.09440048874986802
0.11792724913526087
0.018125993000067064
0.01618416745280709
0.016173890826305166
0.18019278719792628
0.04225393832146306
0.06797398595380254
0.005717363166375336
0.006396233768524403
0.3972298121329677
0.0246792798957422
0.9499466609929357
0.019652338160452084
0.01571127609627768
0.16991236628792045
0.026528634004661707
0.013863364463599927
0.018338227748883013
0.0018574413920431727
0.03680251622978559
0.12475350180632028
0.007466476444306324
0.16375739698145184
0.04099523483556474
0.04184332672997771
0.017909711799642382
0.01907182307957559
0.020869360121584635
0.926408977353745
0.0007197887048896496
0.9597450549259999
0.11053969845888735
0.05579296930310745
0.004008398467443389
0.028664672246731214
0.049205890770426045
0.4247041123777959
0.9263935433014759
0.27851423220449584
0.8054480193787673
0.032246766708990494
0.010682298927394307
0.011926200549456903
0.02716174305268532
0.03457696245017261
0.2521846522908559
0.03524109755959249
0.2515358691640058
0.13988147590021735
0.11607531196496201
0.09375521590310622
0.015210740021700135
0.01480067688462568
0.9783842474767498
0.006410880730967377
0.06834436365649238
0.017480605870207465
0.08813412787469162
0.9604825859160827
0.021647317838227136
0.024379150939314483
0.03173285605660496
0.9940224272461576
0.019795312073402092
0.016578692278740263
0.029806067375000692
0.09073174598453113
0.026109145482336053
0.017219592519747327
0.01228015402096912
0.12515072353684273
0.005431708053358174
0.0036423968280685404
0.9181744075982446
0.01899495249046911
0.02758138563841357
0.9284792012267583
0.014503037015540786
0.019968687880998634
0.08563501205789198
0.03726947930983223
0.014111324483409576
0.006569377596655165
0.009623394692305796
0.009119846524843878
0.004521337541391149
0.9790330297156715
0.013744697732620497
0.029096361066621623
0.03499714419597555
0.004673910300845708
0.9908361292050337
0.011790272820666204
0.01416729542423978
0.04495802357488341
0.2472621914285423
0.005131881646838054
0.008189382441181182
0.12893681237538365
0.014521275646046146
0.007452193171387506
0.031582588767257766
0.03521188157313393
0.012677167872480242
0.03463211697437972
0.09475316830022884
0.05053388913719527
0.00200509059783168
0.34086471254988515
0.04720628127632586
0.014451391676232458
0.02039432036820342
0.007646180195985163
0.9937376889624242
0.030092042800881937
0.42930659136764404
0.9854162680280586
0.010021203197963298
0.011849232256598622
0.002680074025216806
0.0016125629718762385
0.052774097771684854
0.029866255687953466
0.24552308992494887
0.04709031194086487
0.0236476621726662
0.024362846860950173
0.006346359439911099
0.27764623356471857
0.04000680846297549
0.018050475792610793
0.01807596394902281
0.006080942529275941
0.020493049265572758
0.012077536672722568
0.016720285049716847
0.013357238676611042
0.015217466427179253
0.004834010563350861
0.33544306756573555
0.13399724926193993
0.0010661585508112297
0.3797061470554628
0.027292579656797357
0.022275489689090055
0.055548667305675266
0.9846768936648106
0.004953487268100655
0.014712834780276254
0.015285656626539478
0.0168428402502947
0.14730762363654776
0.041446874570289866
0.01807708195513283
0.05007129407764501
0.22414253292948394
0.005030077255963183
0.01986255853521617
0.028940289398299294
0.009964332704963212
0.007879705889011506
0.006373998193631647
0.005949337059391513
0.14891829978065704
0.021322206038775236
0.053118913977754326
0.03511351084627461
0.16586853523243267
0.3532068508159377
0.11533240774159895
0.022735737515067442
0.0051207896452513234
0.04167648519342022
0.0284175807971876
0.09790841764728506
0.0024023377831480434
0.0020077954123855993
0.03220197541939992
0.019857136794957778
0.006536490767113683
0.07438340993018373
0.01587232630100633
0.016932622879072504
0.1605148257215277
0.013016434366826125
0.9797619095072362
0.0075848735345736395
0.006167183908765031
0.0030733410083529544
0.016199524582074132
0.9611870261451237
0.8446157737835676
0.03269703559785067
0.014695261349202439
0.049898290834367386
0.9776534851220312
0.013822354470609761
0.016040278481385273
0.033417049692928726
0.10053501532299174
0.3409811470003323
0.9845799538665917
0.9809933172546808
0.9517730576671753
0.013020838125840503
0.596774791480142
0.04779448895904577
0.057818470244923224
0.019291349229575
0.9455234921061295
0.2850343614474701
0.10636437272361607
0.6078800752998871
0.016750882613785316
0.08359288246808666
0.00326196090190801
0.002346052002353578
0.012023853984398467
0.007499903207082451
0.27411711831456614
0.02972373541323596
0.050876788187946824
0.02233441099835837
0.03499932540640216
0.04153679135180185
0.027722816404020068
0.012041821584506568
0.02026761733064609
0.010319757695719696
0.09735657268528998
0.0564566760962835
0.9124469730854335
0.09898527268570625
0.028127781698617075
0.010990921681274616
0.034684182459197146
0.004972270555216939
0.009208743510816974
0.01686758754122
0.025130825302316796
0.015411813082626548
0.058533402564014306
0.38784466982533494
0.9749250316533439
0.0018432012244981196
0.010933586268028104
0.8701175046461321
0.03718902977116932
0.00754651458029153
0.5760293129447586
0.010503198789227333
0.23208913829109343
0.015132891384445547
0.04176372462741583
0.0061634247673077675
0.01822725792130554
0.03481004495027472
0.014720892465202657
0.020709806187383988
0.003611454391549057
0.027292071375974437
0.2309063057286413
0.011684594471620732
0.04099954464447626
0.020123439280720416
0.021160621891290997
0.021972400853269652
0.016140782695127972
0.9582859633856804
0.025145579791494215
0.004441310007641119
0.007959967865787084
0.019308753954926247
0.028303559394301448
0.01845883887559516
0.018403785851534994
0.010090215030043325
0.008398096932464693
0.013223783738894986
0.004511074399423005
0.10918668345403398
0.057731217248871466
0.008345676627779904
0.9591400305644744
0.014242895187742279
0.003372495842803007
0.0012721718733333645
0.18161231625911803
0.0045950447025389024
0.008915923878406
0.14692142720678447
0.007456158733547768
0.028937185684367196
0.02148209613728437
0.00371951568896173
0.0015149888753712177
0.941081799139187
0.08626663791981619
0.009644951943256323
0.08645207012492052
0.05734419908090359
0.10009583900596732
0.022714646419634117
0.04421737495089211
0.05133838084246424
0.00568353748362806
0.013116811809913892
0.04353624295603272
0.012182417148423502
0.015562780296082292
0.009674889910461929
0.03783004395454648
0.008274655110256941
0.06133702812348887
0.16079777344977886
0.4078115735113379
0.013604156942284937
0.07166084855493296
0.00923302266368467
0.9476581917841499
0.030500313201461238
0.03792417334999327
0.017667259565393775
0.024426817990764356
0.07258074507516893
0.9860480208290016
0.0929538540971125
0.017665839956487538
0.009337342561274081
0.0021175453118648232
0.9763362400369197
0.09441120364624123
0.018011239842515576
0.06569331072310451
0.02297143799589164
0.004234569424789615
0.10269928749257187
0.06930500037338606
0.00898793916493945
0.3571261086122882
0.0018897040762536686
0.8286449405961996
0.02547163358775809
0.03132072509611438
0.022828541426883966
0.954829144036188
0.11971216968340523
0.010746665837413127
0.02741982175864829
0.04251338161490116
0.02278534898133442
0.01941208574534486
0.03631110174859043
0.01065506271394527
0.02611305215492053
0.09270587210285255
0.9828410746163171
0.24325062613357706
0.9602728748187278
0.01635398668072288
0.01779827105068587
0.003385270375363413
0.9297148991784194
0.019224650682830476
0.0029117856567831475
0.9544173945637253
0.023982207992946973
0.13921291411903178
0.005396712134348184
0.9460757971828041
0.022791861605918902
0.9715484101318208
0.12107098442525992
0.033750889531614064
0.013414565018250158
0.007774532475666495
0.05244413158338006
0.9858870720717173
0.08038292342818788
0.010056690638828542
0.01489782081303795
0.01447977371073057
0.020261286110136008
0.9142611176716645
0.016842165223121958
0.005749203058746593
0.1993261283765714
0.9462553728885131
0.011624510993216765
0.02159494601392155
0.019439049570407853
0.015342645065747946
0.06996587130225099
0.015183643519060581
0.008137077956598899
0.005377583893825571
0.007623600972748805
0.078159032473993
0.016151774231547324
0.06904666597867672
0.02203793866473829
0.23600805046457207
0.9827985991984535
0.014333531966931013
0.008497534645843177
0.022389708661438554
0.04692418213754002
0.08802977878089435
0.01575413972325953
0.01414817951852286
0.9106856784996316
0.035562047905027615
0.0594488342282262
0.9589018842101267
0.010622443436832168
0.010456394942020102
0.0756032194943525
0.0035667052609343803
0.005547509919262379
0.0077417176271459606
0.9714638401082627
0.024142510074421343
0.005846412324268125
0.004481603292546808
0.9868327836693264
0.004591073560211558
0.02325244960955112
0.010676718546615312
0.031948278515699105
0.009705942809799323
0.05313732209635383
0.027889855340754898
0.12647772135455992
0.026851808284134387
0.05912308300998809
0.05661218490175445
0.025795212515104794
0.016138539145133787
0.06493649281837242
0.03245184166664209
0.953279671913982
0.021093951280495557
0.01007835220502079
0.35027254240772676
0.016609629778895428
0.0863055327809385
0.009482437665291077
0.027811878378939257
0.04090662195747762
0.003925287912697614
0.019547354556900026
0.3090620916993173
0.16938084463929035
0.030923491672075483
0.016575419730699602
0.002073141722423337
0.1278799240243801
0.1748228331644506
0.02213008720625152
0.02187292741624206
0.01769276954582169
0.0719587976695684
0.028110978388788656
0.17620807857956228
0.005467781594446715
0.027457147420508185
0.15993531999077623
0.014874561686649947
0.050174337625052315
0.005566122120937044
0.853552369912165
0.0021934540260609664
0.04540242192664365
0.02342562266547288
0.09242053840569883
0.012520867165040818
0.941980533902032
0.002741945335716194
0.9527640145800275
0.016277009374474533
0.03736438251268624
0.16325241283883932
0.08630843721659724
0.018948572962867966
0.0017686027077584256
0.09031828662297564
0.03534059718661145
0.04443237141732667
0.03567675203534475
0.9821993056732043
0.907929427325606
0.010308262498742641
0.007520557887008587
0.03694953755047339
0.02629343970463512
0.2290006186345936
0.009068352769077142
0.006228073285715048
0.046557021965176255
0.060101343275287336
0.0016308169387313786
0.08561013962870798
0.022144871218194535
0.001522378782717965
0.027016414788633984
0.06137872543602242
0.09602581837343649
0.168862471617032
0.02973570476244557
0.025425021006892787
0.9609915202603064
0.054347242896370974
0.006511294560404271
0.046021745279989534
0.12837914596781574
0.034692147911699285
0.013109961423070568
0.016935637390081262
0.08717938506082629
0.00306893631973412
0.002453759433518679
0.006394874382171974
0.9298082341730131
0.02912004221502897
0.03879419486940746
0.018922549224983144
0.08646434986253676
0.03594001481613645
0.22791745571000754
0.003325591966010563
0.015146453668124575
0.11260690982376836
0.014686413201996476
0.043557565075569925
0.05637626760673634
0.06461507855574034
0.002181362457004043
0.0033886945945896746
0.030181544473271336
0.14922998100718776
0.09206291836258157
0.02301191252717137
0.03150221607291852
0.2016941444768515
0.011749981607104134
0.008885040824933426
0.0034084220185256822
0.013241169440870145
0.0024566007742295912
0.010636722848778448
0.004191868346446403
0.03714616473781917
0.26789542345745804
0.06801613527331836
0.00919774437959531
0.0011653776170822768
0.03293887868164363
0.9769126138897585
0.052414149969034
0.030107723625542832
0.020034185263360642
0.026886794967052614
0.026107784577761868
0.017681125850756627
0.014727495151589986
0.29554464285585297
0.9940241280996384
0.04872829315619781
0.022791861605918902
0.9750681275653096
0.025218912029669548
0.011974417818023775
0.9257500050432244
0.07548994362621998
0.10765270764756077
0.9762008856526903
0.013627357676791145
0.4894272831241161
0.03419444526557398
0.12401660500014665
0.06669441669721557
0.006798337936878381
0.009486764074976884
0.1302318374982105
0.02800286066536923
0.0815462887993332
0.10623910714606888
0.018203028912931928
0.0020844325809787107
0.8961918331196744
0.9880692434539906
0.012768244721511666
0.0046812053586897245
0.002266122129756642
0.030665005885959617
0.07801658889810037
0.012442142838772841
0.007220082204799545
0.025914867133050627
0.030714261704095757
0.06947973896604241
0.0026135582363511155
0.00908340947265874
0.0141517917172965
0.0037110741086322126
0.012262679792415366
0.007093162076267813
0.015247107934070515
0.006175092817867217
0.0291527694718416
0.010869097262648394
0.051202507104526895
0.08760704405946869
0.07287538602860573
0.006896741150004967
0.015693368107935257
0.03132960158886423
0.021050254197956638
0.0026761294901697526
0.027011335030847586
0.38700568483028636
0.06302781526829863
0.006611053371988257
0.9341825620663503
0.0015305539538314433
0.010307400992123548
0.9562601978573123
0.02118685184874096
0.1046393206547127
0.060703483132882506
0.0270206018591305
0.037418126592277744
0.02021191818755995
0.017287336674225794
0.02991389461884518
0.05929351466950258
0.06605591280923921
0.02073387975881024
0.1063912854747115
0.0028636153344097615
0.9847789759322799
0.9004518517344138
0.792329401780768
0.028888866687166125
0.027075160374757358
0.008497131971452247
0.08996239734065327
0.08192171052201871
0.04229831724382467
0.12095292729983301
0.02000900932843375
0.18644374538052266
0.018643120621460087
0.0708802687383314
0.047906675143223935
0.0020045260951616194
0.00341332659214437
0.022365191446761103
0.0014840865167028946
0.005350544842278297
0.03482618664941133
0.04495079052886007
0.019049176723246925
0.9727947708120526
0.07174805744676128
0.021450917357611513
0.3995619248344764
0.41203532504692375
0.07273619277967891
0.13874687528059665
0.005614589691568765
0.029778558579014233
0.023512269445559317
0.03570939058847811
0.01801118591369524
0.0029169537656355583
0.014551801875989612
0.017934062455896956
0.06217443568872095
0.9883951059457867
0.10651631631719422
0.04756102019232333
0.017591577854831116
0.011094366009560316
0.013089392509294662
0.029834765632177206
0.3355137917976889
0.022753157735955005
0.04086004835331337
0.9627322878541307
0.0022040449921305735
0.011479717262653228
0.9585783353010686
0.05857733379640071
0.10269691272783348
0.0024841269572908917
0.12235162737372451
0.10515430114615036
0.022412453348949913
0.05148373178507067
0.08880954553518415
0.058437908912688304
0.9911175713537392
0.006735568886338365
0.04423743444044397
0.11221489853145096
0.009852002678869431
0.034893229710249864
0.009371070605968706
0.9211804743152238
0.9910203334092728
0.038579618572075
0.9819875191319484
0.13594338188517494
0.011527650216179948
0.027142475687535125
0.18585072856766796
0.022448991329516017
0.010546000352999456
0.12505099621189744
0.13742206846011654
0.0028413185365891943
0.03190344342266391
0.006786709625258575
0.05276216219406111
0.008712355633737802
0.003972464802986026
0.009058255242542371
0.0022643286540510667
0.9604378479606674
0.9773952824528651
0.030038403583701443
0.0009639397328983603
0.0012800553275887324
0.008469256038348486
0.004159512125794131
0.0013348028191928925
0.296119035558311
0.05476952646210661
0.0035407116622659645
0.9669749824155168
0.021411853467575452
0.014102739744827224
0.0763499970879226
0.014954490039805448
0.022154983906207366
0.9539521159833421
0.052092946452703064
0.08487078829204633
0.019384136735690134
0.046041193733589704
0.011081190836943254
0.9465903426571562
0.9323851442261205
0.023935383295967894
0.9355606568489722
0.001818910616556027
0.23475890791608467
0.025593379982160103
0.9733650482617434
0.004234994293999397
0.009230332599961965
0.3131561169599272
0.07748946347221368
0.09686917626529816
0.0034427294545741585
0.045420567430580594
0.04388246330500674
0.034970506966899656
0.04423758138009141
0.05565503126354807
0.12205723507027828
0.9511747886706308
0.028767822945020626
0.15364512238460637
0.0030476854243196216
0.08295002133313972
0.05138369848045356
0.8630475947164795
0.020494486825690442
0.016046674948512477
0.025812193308171666
0.7948278042305639
0.005450824915367202
0.02073643615487628
0.009271392631642545
0.001473614080412323
0.02236806165351493
0.07307518503167434
0.015034904926167585
0.12848737422215653
0.01768588941518122
0.0013875473671113086
0.011109306899598922
0.016520024492975363
0.9799505194877579
0.00783831404759029
0.029398497447203246
0.0032885204783657273
0.024164506184580048
0.09808279938944338
0.012055209373976548
0.033682350009481186
0.0126882066828413
0.008732766423741769
0.21017766977050506
0.09913168187128706
0.01653327333395937
0.009846627854687541
0.0032105501893751054
0.920909506004728
0.10582954960084996
0.01374860783258704
0.013845945150622034
0.06755542728851262
0.10814179551991443
0.01971037797122674
0.9864560698425148
0.006656952736166197
0.005218074161531217
0.038950797671705395
0.007531089467906815
0.05001903036899172
0.009489604839112762
0.023156764265581657
0.012339585492381438
0.3785531601423419
0.018640828511538376
0.06664549955598482
0.0011579424240588262
0.021194072170977178
0.016698992476686852
0.18758676150190687
0.06976886884642514
0.17932254953354404
0.0059738361117735944
0.003976574320864623
0.002736198723129452
0.03450614094335884
0.03388089933118378
0.0016948273125888466
0.00190471957425096
0.01578592762312705
0.06201523064648279
0.013804373366429923
0.02715216449694831
0.020308401834927974
0.008495196917691655
0.019231051057030633
0.008614033587528732
0.06762665553162749
0.9639980593003944
0.07733904489327353
0.016184633120049405
0.4664014134126941
0.013737731505858696
0.0019685080213816893
0.0036529394972735934
0.03955322236509878
0.9835471325316876
0.02320118169798082
0.017075906962872874
0.9893137546803172
0.0042812863440187315
0.020648456829031263
0.0027599048348527777
0.01770225272038192
0.028654292364480288
0.017188091688438597
0.007995171034311006
0.0517985442830773
0.8320059821565057
0.05666965714186218
0.04267491320655343
0.010104055885035917
0.013390305555127989
0.025070569618502344
0.0036112329697290694
0.023040537396543277
0.00640787104166878
0.005687973605315518
0.0432506857411484
0.02165813838663757
0.027857319616673294
0.0755287166751208
0.024470082070468316
0.9727938657997215
0.013357380080203625
0.005307187951836793
0.9585787377704826
0.035553709998288975
0.05238322206165658
0.03823925191684239
0.052320385953443384
0.007166577514381631
0.07195961406156479
0.019605683982643524
0.003919229453631869
0.056826043013582475
0.9794555732688579
0.09080300026226482
0.032813020159285874
0.021765376551913213
0.803438290130973
0.8861632965150787
0.0597448324445652
0.018356152479224855
0.04740889921378161
0.010036854906827184
0.22664244523887336
0.20142727774677252
0.11481600014502996
0.05617396151899583
0.03234180002229645
0.966807232574329
0.017573349762138396
0.9696471907234734
0.0036852727613614893
0.03489489702935283
0.007414152100346724
0.004090632127089449
0.0181943533665939
0.03845560684080455
0.030621239718339403
0.03858474415834467
0.009747013987451713
0.26686682270232204
0.003217219481710264
0.017736326127992797
0.041269913665520616
0.11342824529827156
0.013434771359752837
0.0007233228649505872
0.258902317244563
0.1018719175216957
0.014463549074134269
0.007499762067971219
0.9920194132854468
0.010748974125342137
0.07351317000867716
0.7857753392489479
0.051545736754012215
0.018872277879371797
0.07333021180178295
0.0864110071604714
0.9626193974107535
0.0501526639768323
0.35534332137332886
0.011678279106083041
0.02893275396227535
0.16914540063241823
0.03649537542257933
0.046224123818885625
0.06439507964844474
0.0029592444727474573
0.018491982332718374
0.029774123455733503
0.012198309065337719
0.1671983405021716
0.0327289271832398
0.017428460740945825
0.059697324271220396
0.168437710261986
0.0039088433946104445
0.016431287853399378
0.8704151842912417
0.04428850774010874
0.013369506888246306
0.0033940489394297508
0.0034919291725142394
0.0057192982432386205
0.335276231798449
0.004237033498038632
0.008444872160973449
0.0678094803233546
0.007554564610740142
0.9881357571187394
0.002466287110095617
0.01231202484338711
0.03941093666608102
0.02429697125665093
0.013925908171239338
0.2521547089314092
0.07276294011797958
0.9688888108012224
0.29723976573086297
0.014764460152294632
0.02152805655238957
0.08228386532971246
0.023459214215219903
0.00486740208886534
0.011748140566617249
0.033370040448358944
0.05570457815922859
0.02767027708667005
0.023637813951152758
0.006293319778328359
0.023904993966221647
0.07330423242097528
0.03678487308390577
0.005866719773470947
0.04027427080789122
0.06478746526694937
0.024761749344989495
0.01584427202910199
0.9253204718406457
0.43421548591388565
0.023741073663718196
0.016912157918685205
0.04025662945365923
0.18924848683056125
0.9835715876441931
0.020276234664554867
0.030968952041813037
0.006048250847762815
0.44151391139983526
0.010849003454646488
0.07204472047709906
0.004434325685673916
0.004300842161067597
0.9086879776949968
0.1551192743303894
0.1655269661653622
0.1849231083494728
0.010431792266733561
0.03427680866968401
0.021929217967081818
0.03006523898339212
0.018294973652168593
0.0023076438349154795
0.05619125463592589
0.05709571622846109
0.032329112693542605
0.10359029049867614
0.038340951892842125
0.018179532788549637
0.9893603506463725
0.9877112024095246
0.15218655738733192
0.043765942799497505
0.018256420982157705
0.03463158673815344
0.12608013008240712
0.015429775596077187
0.01913637399711078
0.040145376765723245
0.0024871895846981995
0.4210190340795676
0.002780833809322963
0.01075112209745052
0.007252240964964574
0.002419320966684055
0.014864346209999388
0.009563510401377304
0.010742789430506017
0.002191290762762895
0.01040426166835962
0.11923914905446135
0.07006090171783172
0.011679688023890914
0.006319612962079025
0.016746016589744447
0.013561975019098173
0.017960994026378803
0.9583167072124533
0.3624582308926363
0.00917619345858227
0.09007098527847328
0.0023480639685612885
0.03727717183390851
0.9875590342336801
0.0471658934227286
0.001268573631937197
0.007110027876668542
0.005681268893709725
0.0027173154171765924
0.014793913597487279
0.10903116716070763
0.007293224590739743
0.022648720915058804
0.004464262157628269
0.04416070233681387
0.006214670854436356
0.04954692265318365
0.05063415003584546
0.001992845409839276
0.2984204182738322
0.9807516829647631
0.02303094522160337
0.0018675817746368027
0.9873219381344998
0.12090187337521946
0.01785899568799849
0.11818202081411167
0.9736848050732184
0.021020116986186554
0.19966015713843385
0.10623472784608226
0.018872550860176335
0.020191139254846193
0.011290441375096619
0.011429325736614529
0.0583428581550394
0.0012072870440485324
0.020484243780389006
0.02254502177960397
0.018391590175549425
0.44469673635165924
0.008678425068405275
0.024883679626456108
0.01170390888614222
0.018382047015835516
0.10363859231967688
0.004787111271774221
0.022983599655304023
0.01797475474298488
0.02711936358510317
0.014634149660094261
0.032599055111235314
0.038599095569872836
0.0866802944206217
0.10883935604244627
0.009128629585685624
0.017705289671898133
0.9729728988011732
0.1284447735871682
0.05360056266466702
0.018653193277994917
0.5170218306005782
0.03907742577192807
0.0013879003826130457
0.02414605566563835
0.10633950650822653
0.00945811387331892
0.07966836862993203
0.012979708995228918
0.01650577310060923
0.06983451110157823
0.012333729480108324
0.013451208515193576
0.03914712416163722
0.011224932315732447
0.02630403770626442
0.9677785660801831
0.00661271989193041
0.0123177981632049
0.048816816977236624
0.04744338823323532
0.039255316197544125
0.0081155436435483
0.010238199179833141
0.14353242725325774
0.01274077675225319
0.1363503896274406
0.0013252918475184455
0.03357327877736446
0.16295024130066904
0.004955771816439564
0.0019982103645902684
0.05548864977686619
0.02611048919213804
0.005924866692587616
0.026070872709074974
0.006586976596521124
0.011747838418635937
0.009906552448915747
0.009236032826157727
0.10737667859580946
0.0020015915645069386
0.03192453842814099
0.015199414641173293
0.016810585972419266
0.011612398407117676
0.4826303623265848
0.3341022933664958
0.9443351958014512
0.023685264712166674
0.015229521418302328
0.039318691146642375
0.01877496602300692
0.012933294943663978
0.0171604610998264
0.08284190371319446
0.011588090812912313
0.009752461697199254
0.035935702627623106
0.04562754006261555
0.052662860037858264
0.0005714994511076976
0.0383670625941202
0.1271945398976926
0.016108030056939046
0.012793869218059131
0.04444515341989825
0.05757898765802866
0.10868871742011305
0.08657773969869725
0.011135334171921026
0.13549079502785083
0.011454194069220422
0.007832768070145095
0.04132197360400967
0.014812946845355935
0.030983916824851587
0.016058909366574614
0.016152759045799207
0.9836038327460851
0.09326615290622184
0.025100260764993786
0.005062209152915888
0.9565150080736863
0.006310737250721519
0.019334043785360633
0.027007690495830367
0.037664226232476346
0.04330565254605623
0.0016051263710492442
0.025382528367122497
0.017214816217633558
0.0031789621987840903
0.003135044663103969
0.113625617517862
0.017165096733766306
0.02188682257777693
0.029357764730818244
0.07285366605250561
0.00839537491226294
0.06960686677179148
0.9487963749530984
0.05112590836471692
0.009709806561868343
0.1296303187425674
0.014358266937389664
0.002116860613437676
0.014281299974434293
0.09901094140443555
0.0643250650660349
0.14077884682013153
0.007522160376346508
0.07981434846681257
0.027727626752540657
0.055288757422211884
0.0424068636237842
0.14955599544510034
0.06943837084549871
0.11007590778044722
0.02384579879133455
0.9252057289701635
0.03849469753296078
0.002553568045443198
0.01464329672504609
0.01055046965393883
0.9762194949072756
0.07342071684776862
0.9836936482251815
0.06554055409766675
0.0028946941211464377
0.025534709593084647
0.0042395694058614255
0.0732890487292234
0.041940496903444945
0.013580553632704856
0.36557887984407494
0.16307341507744152
0.03817497318063979
0.026568138260154386
0.048761505297188375
0.83573466247417
0.0737072453749739
0.13932308060294338
0.03898823761762343
0.020005898598539438
0.0025202993144731395
0.0073709607502574935
0.08802994189378403
0.883580656712492
0.020839504856862694
0.008300126936886006
0.07135382529912837
0.1054112345183083
0.019760365815012365
0.018567096519906245
0.1825881573255371
0.044651529524886206
0.024306689607644465
0.01000486938302567
0.09282008620194492
0.011450191891574703
0.007720220153645132
0.9854690404977388
0.015926700848085302
0.048251302308068324
0.9236259484765029
0.02333865598036816
0.9765578425165493
0.5056824348472576
0.06248088307021193
0.9811213303234892
0.9667127563369047
0.059517083133717
0.1362343177268968
0.002888981177599182
0.048436628921935655
0.012735496859139096
0.08490161464723521
0.008273308565357856
0.013369506888246306
0.034136226577512786
0.02970913633201956
0.07037747342812746
0.012042262455337889
0.9082734603105582
0.017036092404984025
0.12764681267080646
0.040962273523248466
0.04116082228870505
0.005177144663137354
0.013546824484966798
0.0537741504377552
0.06929117453939272
0.03459884669818634
0.04460631920376285
0.01755025291330348
0.015919864289711032
0.020598947821831123
0.14755031015024353
0.014195951404884128
0.07569596268221819
0.08979526962205783
0.05837117774979523
0.9788728383837616
0.03564273472662546
0.031334093631316916
0.07731490140963848
0.018753311834895835
0.19677971003173647
0.0023183211921153036
0.13176066308116127
0.004722323598891153
0.03218637683651945
0.06725202318010025
0.01188171758917854
0.06394491855081436
0.01286076860176901
0.9670487262852795
0.013350625253136609
0.9546875153059994
0.03381125000320827
0.05529834270498175
0.0726179982115518
0.13540295607256564
0.067591828648414
0.018190085783126194
0.8788490999810616
0.024527931133219494
0.9875092832772091
0.0027320282572618334
0.05605394728478068
0.01952641518796446
0.05441269028528401
0.015887363486500657
0.03052202122052393
0.08484508734409744
0.02477562277020375
0.0030437764679130458
0.01062956623699144
0.025942251891765706
0.1763642033560459
0.062948664328073
0.9867546953027393
0.005151857144232757
0.013482959646679851
0.049521597387043745
0.021306374888127366
0.9460481663163737
0.03567444561587314
0.012318777020225853
0.016614256430210552
0.034030857637645795
0.0025014153849869745
0.02018632989370898
0.04487736928344171
0.06923813630314289
0.12063559007856486
0.10677672268730219
0.023804384965794588
0.023579590058977157
0.4081150468340296
0.056566851304454144
0.01390558498665613
0.053939955418354085
0.02293671296105507
0.02798384480966461
0.008382245316707764
0.004341324951255713
0.12262854770329058
0.04996880753606702
0.007132194206243413
0.09742725870835094
0.008159484836346527
0.0046463449092905285
0.024977249168563673
0.022973276902538024
0.004152417991886267
0.001958498676980457
0.02385137934609513
0.011625708715131038
0.08584718959604032
0.06134182742399557
0.03136869445303959
0.004766869419495662
0.97915197492722
0.9827140791952309
0.008997101369465518
0.9706820231493147
0.005808330600537153
0.9880019813576534
0.0015605739278476253
0.020044691785130707
0.010492077317129193
0.21150022295992757
0.008566939282369722
0.03551017430905966
0.021668114397433304
0.1467811691982433
0.0047136131321258296
0.9490713742474514
0.004051737029603964
0.027091295670533342
0.015977669486528717
0.00991945717300816
0.0035354175301277983
0.01439576249439555
0.008981889596114838
0.0039021874158117523
0.02817417958081733
0.023096688288147427
0.006718054943511322
0.2632971761991344
0.027592048168652218
0.0787995115632751
0.031199422472410494
0.06230998457081339
0.17587134756967454
0.024558280411309464
0.0034839581295145745
0.06596475940725725
0.9419182562637951
0.023003138375580757
0.05950147969506124
0.34419269137710123
0.014273060304883315
0.9836692077931531
0.005002752338681463
0.1557568121743756
0.029887866402432496
0.06200162929940343
0.9797449003078431
0.09371619402903432
0.0642863445906323
0.06818494059750535
0.018761571697046595
0.003304123960277339
0.11917448772403098
0.17787903477860395
0.003993845670100661
0.017470753615155942
0.048949114481158136
0.016907511240752248
0.04437043345803318
0.029976770151716046
0.9812945175824087
0.0011300683385449442
0.015939183099384396
0.9933082439263844
0.007721340424879027
0.015985422929393336
0.07654221320569264
0.20376882290640566
0.03084385253707476
0.029177978137269717
0.880738799015762
0.027888123598062028
0.030498178993192224
0.020289782675009662
0.9792055642372198
0.009788677475793175
0.002608530427739772
0.00393939412186313
0.016081044901693948
0.012650859967951247
0.06963632629980641
0.7758313023983994
0.14099333859806282
0.937206613270678
0.0031484498052725515
0.05588727653744052
0.14637451435797103
0.022847451840639448
0.044018931541402184
0.004806875194428752
0.08944076179807915
0.20531611357968088
0.0210060540542931
0.03493830803183582
0.08797183568371963
0.056779298148584435
0.05547037307589023
0.0626045774704388
0.022395448714674186
0.060455900908702974
0.06100779454786492
0.20258357858797707
0.04535616610590564
0.0011596086245482975
0.021726637863517848
0.028180609924058603
0.021436664045519985
0.10952262766961607
0.029797320451705304
0.002689724654814684
0.009804340626397264
0.038329847576160724
0.05644689278126973
0.050548540150451814
0.0078053941204519915
0.0372163977317647
0.00761694077506518
0.04426660212173468
0.02191288082518307
0.06077258166332072
0.001765708198503757
0.015558957774739887
0.016363423985529656
0.017660747825587027
0.008431974547820784
0.007144895122247485
0.010548046009626975
0.01008180089973033
0.04418875258833317
0.0033605223762487152
0.19720565706944174
0.3717859876220556
0.007440873162774679
0.25032361766769223
0.002784785122283086
0.0049858255637733745
0.04188576248418609
0.03196870544210506
0.982991429133348
0.002465971634112274
0.006895113680009022
0.013302651089807336
0.00867787755988191
0.03703217125954639
0.04557751621268061
0.048184801847872695
0.019390788283319554
0.04852812575876128
0.03554391767651021
0.04654803749191256
0.003416653334418481
0.015892951443387194
0.052772934959933106
0.019230538972288037
0.9663793067125153
0.04307596795588445
0.9881382516837294
0.9925002340689147
0.9353348766777062
0.013721481973501556
0.9815494574218041
0.003879868871178028
0.007522159730123138
0.6992835145946162
0.043978189007313644
0.024033640336387836
0.13169375266181393
0.0929862608675844
0.08896109389101288
0.020097632236499983
0.0085129517758884
0.04861424437306522
0.11146334893494148
0.022763332940303856
0.04964025873726414
0.015311272425553487
0.003048237792499294
0.09114894533584117
0.008554262894976204
0.011919433929331705
0.018418467424867836
0.010720734164795687
0.24627178646334802
0.9662961317685134
0.02417852625956266
0.19232155840215173
0.09764294474732034
0.016104870594623653
0.009956762932178348
0.0053476035807320165
0.11609628846802093
0.08435528574431216
0.06431738459830244
0.05703033509538316
0.08322037946647826
0.2035582387526682
0.07514730290257182
0.06748727858188851
0.9744256041797272
0.026189011285707033
0.06920764879002084
0.016863602942197842
0.018217899022921515
0.0185638980627731
0.0006537102653806114
0.016900597984626637
0.013473209106697664
0.0030991984035978843
0.014305817489374855
0.017152198712372148
0.01956120057103269
0.06725348309970312
0.010724899518435003
0.9301132740859169
0.03607420721455734
0.01566144224678474
0.02450946576581099
0.055521833590417215
0.019134786494222157
0.024506147382865585
0.9595495193180672
0.07710917724816127
0.03799519489654111
0.03710588247378447
0.039384589351813
0.09342006665868124
0.12129494927162347
0.04228278481759253
0.08134342584535859
0.016416867202925876
0.27524705033216945
0.1641534657265464
0.05772296187086292
0.004150122732410798
0.022712098830760603
0.09439767892197251
0.00455425754938684
0.01676704533096038
0.07204254171758961
0.02143852499859532
0.051475446971025796
0.0014807231691054152
0.048347421779644684
0.02440223104817041
0.011729596615185894
0.018831973229288163
0.00566470712166288
0.007063151652406255
0.03344494446832933
0.9691308556134379
0.009884545456698167
0.05548635652347827
0.002303974982729323
0.9746894516819813
0.23980666477858745
0.013592321631115649
0.0024024118056978883
0.016615282186108096
0.0018119294435130103
0.02719776646910254
0.009881210185351284
0.06594831333782723
0.04056570078616358
0.0009671922162979585
0.03321207769262526
0.006867942756733109
0.017854117605531593
0.08563870532183103
0.972409949633556
0.10179646748617822
0.03555437889933239
0.07985106813662725
0.006666597335899738
0.027329795849959964
0.01639308495419315
0.2972275726172862
0.016484119793921323
0.018973736638445825
0.334684943432549
0.019129311133307014
0.011074296412139072
0.05651846134826691
0.10937019418170305
0.008009857058587715
0.42924441637630245
0.12301408617496813
0.01598872155535793
0.0011657640293716018
0.12520364964145572
0.058010914506719455
0.066380311997231
0.0018002280717004287
0.05498771095765731
0.001286654408339436
0.06178595563279313
0.022082905664275197
0.015612542095865274
0.9849922020583308
0.9877167169944076
0.036207067361215664
0.045768255165775
0.08516604635701547
0.16916152821395986
0.027956321584904065
0.0071758337788364705
0.03705485897152698
0.9804040492404295
0.028196239099276564
0.007706481021275953
0.010888586671025638
0.06961962425332036
0.0016437961972407852
0.009637847567378954
0.021514069565776724
0.31438786946439706
0.0019159802013211556
0.04999336607216662
0.9533204196329864
0.13596701439348294
0.004645247206335948
0.06675031986764834
0.006904750172954269
0.04814459549396276
0.04465983660379734
0.041867113170638626
0.0052727406066562935
0.012342297795171226
0.0017333859736427368
0.019581739048737536
0.0035552241691560464
0.005104528598079007
0.017002419598266115
0.018412133828377714
0.1341703848783729
0.0008484171315210487
0.06039072766017917
0.0060019196258860345
0.011406180712799733
0.053883525656032084
0.07561428232772154
0.021051787875968293
0.183100337052257
0.9941829250193919
0.012359901582096723
0.9765403027888604
0.010385274349988288
0.04866517717308437
0.8813850657505355
0.012888226539838133
0.05491061085784906
0.8660579655599829
0.03665011544950153
0.009938223379635283
0.020012966876062105
0.016516426687446215
0.8351096532132527
0.0016120795299507452
0.02713615895836054
0.01188993920376823
0.4310812354512188
0.02505737277794513
0.029224347886580147
0.018834202358465318
0.9387185222082503
0.10913805242485133
0.1222498574338514
0.05758949647220059
0.12667126166077475
0.027918302452279088
0.048678180500884724
0.02627317473531231
0.9812352207678343
0.008269592856380672
0.01290425716539935
0.9730213956705661
0.23163428136015776
0.011195175656364131
0.03803574727647317
0.008063148411589015
0.02067036371216172
0.03889920713828699
0.04840324584811994
0.00757804905668766
0.016887177487187464
0.015612363361449999
0.09918022167399186
0.32193093303404285
0.9473727372182553
0.025986598285565588
0.08930112521530269
0.01528296512420261
0.014954707225272795
0.01999046321807901
0.01939039338351357
0.0824656523540344
0.04946527494424198
0.10786138272921658
0.01753516349128174
0.00913802896828436
0.0626326296955486
0.009420266891770031
0.6169740983374351
0.004057954784194264
0.04310483680038023
0.015011159032675312
0.002613961037416893
0.031446859431062374
0.05485172239892103
0.01546355211260079
0.04400373006804971
0.24085148625484096
0.014574151160629687
0.04307166424233868
0.05426116381043253
0.019342775249460303
0.0066047541059305265
0.021668292061072687
0.026399854263901037
0.02807043420931112
0.011046900168438959
0.021128021055374115
0.00866476516708808
0.043372406342088464
0.9771933172162911
0.08031382662038009
0.020223305115404294
0.163025628990526
0.026122401996717448
0.06425205379317353
0.023601212611198612
0.023054771646731413
0.019273164983861408
0.01578389514851464
0.06177946430709846
0.04861854342375351
0.004120294311452324
0.052617611486706115
0.01740606050955023
0.006855960140911904
0.041853727233028416
0.9679493500691365
0.9578592805419957
0.006181788500704695
0.03312655235094931
0.024587273021472986
0.031585805942852624
0.1604235139404183
0.049940833138552396
0.0007328228752468697
0.06420151219572146
0.008939840764079898
0.2832800841664429
0.01913735907953332
0.33953690546255183
0.051937827262091375
0.02395106539732667
0.048698287903766714
0.9744521267649621
0.16509001442307908
0.012362813372008744
0.9823582815807838
0.004072332194581667
0.025552172011039886
0.06886407618390726
0.00966261744343658
0.023635009136743115
0.0029786742730111213
0.9817236821744021
0.26179772969839266
0.05560897647961392
0.02078853977367062
0.0923714799964997
0.01708122439162488
0.041484626360436545
0.1499499916773579
0.03442427977003365
0.07023326020696222
0.07565738201177621
0.004322351345802229
0.028641390293960615
0.041208521499767135
0.04986906179860564
0.9621091680004412
0.9668385559769687
0.07990616134265882
0.008837922145465481
0.9895348575250845
0.21835272557607566
0.19054325726646934
0.01623970294260088
0.0017425293164020068
0.0479512622758431
0.049787945853971644
0.0099844505517342
0.03989179834725513
0.032818032485178665
0.03459701757058522
0.14812849399405692
0.033075772500727636
0.010245839181362053
0.06054266449241422
0.021599342039993415
0.007119730128447923
0.9934940438074181
0.007416514082133945
0.9767942996262066
0.11303968771840653
0.29419968739786473
0.059211830394092405
0.02130945897054111
0.0073721901901772635
0.01780024768383663
0.005517580467644367
0.98106677051093
0.05437459248170292
0.08470225502511056
0.9734512639683033
0.9785332979888424
0.03691049568524814
0.022386665465760555
0.0457756163200625
0.0045175079637340835
0.9612658887717324
0.030216001653581487
0.021307973251652703
0.07073055360916342
0.037529212804387126
0.012269808609164212
0.026191084263316282
0.0017072057399115847
0.15023203529658885
0.01423590181561844
0.018409109706869698
0.14541162669974117
0.007273391327951012
0.9390158025919348
0.05319252984145591
0.9906196244840104
0.01553663057481852
0.12517136886825364
0.024950006890138883
0.009934088334341564
0.1412195919574055
0.005709423976323593
0.03903999610343485
0.017061850862308867
0.9738203867557028
0.014130423220271287
0.015872539897016202
0.03467200165686575
0.053576547529298545
0.04861945421205334
0.002970906764004919
0.19566029872713955
0.06738343431747931
0.05289608363562276
0.033438568838297864
0.03724540100870303
0.015533167234550808
0.07342228004635952
0.02201056180116797
0.014399316109740061
0.07596825253960184
0.005149394093338538
0.018281002299746458
0.022740714993339146
0.05689065590300757
0.02135648301575797
0.023038757366333918
0.010563885823669478
0.1230378819083368
0.2304211189732084
0.14919888954583438
0.0016252275558269744
0.4825555495664309
0.01062488318656271
0.19443325354176635
0.9916834694290629
0.047760823495267446
0.05249333140064872
0.008903246299888184
0.029327245119420964
0.014986411121831756
0.011861123313629788
0.9625187259693136
0.0384397426137207
0.022792706092137596
0.1349575644318483
0.009499793454042869
0.07634497295961358
0.3009133488147764
0.021297660334988172
0.09173381675689896
0.020174643828781046
0.0331915695962296
0.01504965502696901
0.007507920927030554
0.026603901096829904
0.018042361262842765
0.06826103177174918
0.0035916929456039255
0.17673006909031333
0.2711765309094937
0.007813827160271788
0.01159107302304048
0.023879667979418897
0.014669916906857608
0.015584606485140682
0.02335872989796988
0.018694997889737705
0.014740464138499509
0.9793914421012216
0.004337378314727579
0.03048871057255158
0.01255193041166606
0.031350184965061687
0.018674232643600252
0.0008415080297757206
0.023490411206949995
0.02111982091476738
0.025926270981286116
0.989094197650134
0.9764897056364508
0.0015831340929823572
0.018633004425962354
0.36555605469724384
0.03485690259684142
0.014486424224391515
0.1284521686263589
0.009168268830923738
0.03490116378712263
0.03504101863910119
0.004407774000109546
0.00935055478929028
0.37554360475947945
0.016667311732587793
0.9637599831716995
0.00988198378703202
0.050475013949827265
0.07523042286445561
0.10862033681870173
0.016284390960840677
0.019277569013391276
0.9661506351033957
0.007618453319664786
0.043683420380090265
0.9650430241345004
0.005750726033686988
0.42024811827467695
0.10528828653495655
0.020803030809255312
0.002355788622461684
0.04748467991046282
0.001958470513895343
0.014800317044940834
0.1822193473807027
0.9848191755001132
0.14188937978200564
0.0025904850562676602
0.040932352969573746
0.0105684856292543
0.040911315887188354
0.17125022666923026
0.06139846010781636
0.0029629724623353314
0.9859563991427619
0.009927410652218579
0.011991949891169695
0.004337250957663166
0.05042710773113102
0.02599058967776022
0.002307617334545855
0.015020604798879277
0.08834262817668362
0.0065467780123870415
0.026381489755846803
0.06362724589255885
0.018288658673072267
0.9562747000914038
0.018446471525810162
0.022346671669155098
0.98252343064626
0.017654562934344867
0.03259779907994226
0.27957689115402296
0.9726342121220525
0.0032541972360016153
0.010713469525520531
0.9500971276486821
0.9727344812732173
0.016132137374345795
0.018919953556484015
0.05126203808388195
0.04135731970972232
0.004902157233382817
0.04666932965038074
0.016718664327010743
0.959210153007543
0.00174667490065639
0.003261108114135556
0.024351856505513553
0.02031115622276785
0.030342796136761458
0.03956204411347501
0.06768209187824706
0.008162007509196842
0.028341842068397616
0.024826431687276513
0.0011992805129484197
0.027337642839390913
0.06733190226819896
0.004236817426467028
0.01456847001786481
0.0029714016667469543
0.02610585336346707
0.012754965189967297
0.05145909135344961
0.06963714497142719
0.0035112158614870816
0.11283621614134785
0.0012642809651793208
0.01729876414841461
0.10233751990819787
0.9730992350890454
0.9755663538336138
0.033749054680352546
0.029796095946015237
0.03952646150424856
0.1727321118569292
0.06007202965361548
0.05873982735966284
0.0031213062386632935
0.4157019129000958
0.007546101339523343
0.015187634270701628
0.9656046707331916
0.16529171456211414
0.08920837111135457
0.009801633849723611
0.0016146202784026221
0.9779593029134352
0.05290706877277734
0.008410034746922205
0.01718052104377361
0.02323206839246919
0.03582591937036545
0.986839362224497
0.10224509013005387
0.005621710985222673
0.039624688985706466
0.04491209212412363
0.013833754437504796
0.932451463144702
0.020028162482767432
0.06120396963755111
0.28703128948603696
0.009116219768302205
0.23164229855249913
0.021156371898421605
0.01740029323682104
0.02141781219922147
0.1529195485648902
0.016973151410138308
0.36921876646187424
0.022426443049555447
0.03633290093426273
0.4523391472710966
0.08708925511541166
0.03768506325212136
0.06230047940406215
0.9765714016616366
0.024333298716562677
0.01480337345370676
0.026120530259526736
0.9593771170515781
0.031096773256151452
0.009148548514873525
0.06461409510183654
0.15476759330145226
0.02007837139251046
0.024280599419980536
0.03708004058033375
0.16525631703707355
0.020233682972529404
0.08657000067623254
0.944311378965206
0.9396277360706141
0.01915608715189504
0.005919561351007555
0.1409008113290593
0.015911682901725222
0.005603887060530402
0.8545907145850622
0.025532854962408345
0.01059135132979832
0.31423922140735655
0.020437448822863895
0.04346830381687682
0.008635044937660593
0.17242818424907894
0.06322257446673946
0.45828268428345786
0.03463419472045109
0.002398089039806863
0.019255833555187132
0.017305195216461466
0.07514273412328695
0.024911620868287947
0.024761841408270025
0.020380001400296034
0.008031442664123024
0.02098469425701871
0.6752263638687241
0.9483197031523627
0.0068760163602926165
0.023433099386682716
0.009295748193234301
0.011439004988506436
0.9857678928143528
0.010289351277768354
0.019450829833063937
0.07581020430227553
0.001698478257738224
0.3967925276709991
0.013814919141586668
0.012172301261344628
0.08726307302971342
0.02713610372694628
0.005929039309824452
0.03356527518867487
0.02858896898942019
0.02332055557120502
0.018524258710553135
0.01567561602525959
0.0068902967778547465
0.048345078939225634
0.09690409822164668
0.07249544965422189
0.039061530064307126
0.05137009376516163
0.0016421657803490975
0.04169257192277317
0.021556365748216254
0.012342741416365082
0.0012566164487105903
0.010957736693795109
0.14525695870823474
0.016024751024635527
0.01883650990514134
0.04985056489139081
0.02372237564936842
0.10025131858837805
0.04463701285418665
0.051720050132299966
0.03443982962729982
0.0268685523255246
0.012745636036791774
0.008385381919241605
0.14985029032256045
0.037572257039446014
0.740693576314222
0.044138686173071054
0.022883337976327654
0.06352952173708848
0.05188051548596946
0.00380719568656812
0.04877125719405924
0.0033253398382296923
0.009790044215598563
0.012158677460465608
0.04534129555073396
0.004956987367210447
0.013794558196782042
0.9707966905867024
0.08210264592050706
0.009875335879742963
0.024744847082377182
0.24763571918523056
0.08580664179398438
0.9944821724201492
0.028621062187460192
0.026184011119383777
0.032097435065597646
0.029727038442372563
0.007068685553402653
0.09848158896207547
0.2806941833062872
0.049788337598853365
0.06033222549266996
0.013069361079446921
0.0058315468450771575
0.030354240551643118
0.042666970210510406
0.012872158897859335
0.007069289647800195
0.03387654173948414
0.020063511041801693
0.03049246024568398
0.0052899547200695755
0.9887602732576033
0.01856095218841911
0.0035741512761188455
0.020446677318612386
0.011328608665192093
0.03785033691828938
0.005717535479544312
0.9553166748734018
0.023568119678770573
0.03410294070866749
0.07199547914135035
0.08149788089059797
0.005423239812262421
0.11761950350224942
0.08308498055659468
0.013400354006107439
0.013893293395328129
0.11123211106017541
0.08025920314687061
0.023555818718341535
0.11565041812987738
0.02589796001317883
0.017488095473177593
0.020868343444070545
0.9851973746372723
0.05522985189518954
0.09292345415222414
0.9311071582541962
0.9553152328687315
0.005735634972801434
0.003014909054189762
0.06992286906505508
0.026646186115643487
0.01408401077439534
0.028634227319718947
0.002791251288374489
0.029752116475160746
0.008180179810846665
0.9216888316547236
0.01985305282480615
0.028325152014089725
0.9391352834976687
0.003943650938062865
0.014993608952212726
0.9629673612047135
0.03456934429321101
0.04571396092112404
0.792236577999608
0.04009551431365986
0.011837852207664522
0.09950706376565477
0.8329809153346531
0.025347689471267792
0.002080985728455509
0.0735879802769339
0.06429923000903454
0.01719362055112148
0.17387259966293475
0.002412473080534656
0.025482094414147158
0.0006502070160641442
0.007142076695609135
0.020332718367956075
0.007635679846927684
0.013914518801794094
0.8841535448027863
0.1341014571976845
0.07212746240276766
0.9939177822416948
0.11305483908688252
0.061283647885199584
0.05365093581816014
0.04186641318444814
0.0022958010813583533
0.01322404737515577
0.03866096502451951
0.021753030206700642
0.9350845760036142
0.024332745272985012
0.00671135733425525
0.11758410226640122
0.016196254760170586
0.06352140631526852
0.10834462536073208
0.010507940603199034
0.9620848650218523
0.02111352839455031
0.0140029108795426
0.010512455720973394
0.09551946805648234
0.0014544407539259538
0.07619910976139226
0.045095250268749734
0.020283465982591047
0.01799427106790449
0.006309281039208427
0.9573147924837511
0.16482474661173419
0.04925905631000758
0.31769829088682033
0.008623958711949724
0.0107479054936843
0.02914943506491078
0.030215644799701066
0.20706509974551993
0.0034344896559140247
0.01778777488108133
0.028250870458309835
0.005412715280698038
0.015783529680523593
0.2690470366415209
0.035726590026903815
0.006291199288242525
0.014348270905806086
0.06758328427836352
0.44448485055809983
0.992855953685059
0.023736317821182656
0.014601116685080809
0.9752317182152763
0.004390184828906886
0.045005913257513505
0.053840168982555954
0.10063941438616293
0.20619030269247546
0.07446932065645777
0.9384111482879514
0.030991587208648273
0.8658024989649968
0.038261257161281204
0.04544836664229222
0.07097891262902412
0.00955941863407818
0.006718921752515416
0.017438676500420695
0.1400744788726293
0.008405982740516335
0.023237497260417652
0.035569238796588756
0.0110445239084448
0.1667472434334067
0.9317621544030219
0.12921922048371046
0.09734532176433881
0.016485811014293517
0.022699264319654126
0.027676115056413257
0.03135071660433664
0.001616872152467838
0.2989758695532371
0.026147595929428294
0.04073986411583364
0.010619874932157243
0.010581886396566436
0.03142780182565252
0.018140605542997006
0.3768301371276965
0.114115709769442
0.02119090525645955
0.1301370538929777
0.06287276976847982
0.13798672571970083
0.015231665374026133
0.03557434305025006
0.009898130914477513
0.008791569795151357
0.001560580813912055
0.02187291026352011
0.016184413538867487
0.0424849393164897
0.1150229344820201
0.004847841221321697
0.0069050532767446935
0.009480958950373729
0.01569351558407094
0.012714014498632327
0.13566247268596035
0.05423916223694283
0.06980504962301588
0.005164177884317514
0.0891975895103382
0.01012494840813063
0.029742942360705613
0.009425015510318524
0.025266380947283364
0.06525011363481246
0.006774775363557241
0.9736680851542271
0.04787277891998605
0.05952991635510983
0.06609931715391708
0.004838355351817225
0.026345658569952538
0.9458968621635103
0.01580038681493494
0.018037757826491696
0.012284190705829272
0.002052461018488086
0.014867418166339625
0.019627032476828836
0.2507298188045486
0.01413481050784443
0.005595350536444424
0.0017362389210160542
0.05647097798108364
0.0015960856455047249
0.04350217417603973
0.0959161767366409
0.020905602719846456
0.013426101355756224
0.19282623800532922
0.004815632705560934
0.050586994575495946
0.14992941252879252
0.01980560543730601
0.03958303755904102
0.014454215797568342
0.017365955169354914
0.0015151873779009955
0.02552576443864496
0.011217501370597575
0.9377791159357756
0.011427644784995378
0.024628338770926513
0.015769924062094827
0.015377193453256293
0.016132202876811788
0.005111713114788757
0.0032002188842487973
0.01919044933567211
0.017378522362844196
0.058113486129467366
0.06412810517173541
0.029733547236293952
0.2645845635545546
0.08935465815652932
0.8992826944139926
0.004535999351747469
0.00212964491549118
0.021673157113416504
0.004456112874432313
0.06309355489590673
0.951203417869661
0.022368921613104102
0.015251050398313964
0.001995413608966933
0.02432846457501523
0.00266974081529302
0.008570056912473964
0.05042888045992847
0.006512186709746571
0.9722415772552173
0.022459755029596535
0.005813476545048145
0.016654291805005737
0.019541349934102014
0.020476760544725154
0.007891716038189391
0.9691373133628406
0.006397741466919448
0.5261905011345412
0.01132448637958971
0.16558117794840838
0.028538499322240517
0.9394671312832219
0.01185192493232561
0.13432346487705282
0.022401428468461985
0.020584848232721494
0.03247097568686224
0.28270695532123613
0.017043768687365415
0.2893157348544263
0.9753984883078385
0.08733976530061373
0.08224330452572622
0.249216857297693
0.026736792907024975
0.013428855465278267
0.0202152681211931
0.07074494885544926
0.038892528711035074
0.9783820448789254
0.0026724437699670875
0.9948450992963942
0.025105037015639195
0.013219720416579232
0.05421825314633886
0.017379962440579252
0.14691832553462766
0.030227093329626222
0.08498494872851374
0.947335714012471
0.08869312520091137
0.007614416967955015
0.19566439393303764
0.010130497337368958
0.0016541940413560587
0.04000949250134343
0.0035645614658692884
0.04010161527463435
0.9282456264249126
0.01838881895792747
0.016301656205812504
0.1604453797993827
0.8090703098587322
0.03310447237842356
0.12174281573559788
0.7048459464351744
0.02795679705720316
0.032017525054436564
0.01966833145541149
0.01957450290051977
0.029051894076968912
0.01561067032556568
0.014789225145487075
0.07293171702578749
0.025134574354352776
0.00869691512400624
0.039153988361294155
0.011704906830976504
0.01903177610180399
0.013800642297295227
0.801556326892967
0.24357823005280194
0.0714745837667391
0.0028528204169700694
0.007195765313790973
0.19691687013264098
0.015175216404233565
0.0059583385670546945
0.026628124070352872
0.9278188707775018
0.4768760148260453
0.024412003914552356
0.008531462671817277
0.028293099462599825
0.1150371751622821
0.015634908181375567
0.2962885322197238
0.03935474598510269
0.026612217814221326
0.009047592701962526
0.9677901526881819
0.006467632474396839
0.012437678240407328
0.040275402592836955
0.9721774799304131
0.0014613880997115423
0.011063391061661602
0.015489837087240813
0.04442027451702831
0.9419469343151803
0.006006958827675896
0.015089957214849263
0.07456794182793347
0.304160129767952
0.015377493867476453
0.23841541974452757
0.03654456276942
0.927956775444615
0.9314964964833519
0.029165103422689107
0.015030731720183096
0.01333696411048834
0.056471045996083505
0.019279630467382233
0.10228279855133915
0.17429434632657034
0.02507849260885841
0.006312991766274305
0.002011392337716557
0.03433125704356006
0.007129232997542931
0.07832030384247123
0.9276076803394729
0.3745783724897434
0.023665964100389802
0.006896138921097858
0.009682621119601923
0.020889880283499324
0.10312741772167892
0.9427474790627869
0.0271537450106646
0.006628494195288358
0.026120348123414572
0.36280149595779465
0.08494811248121836
0.03589692652887254
0.04633359542451592
0.0233604165465045
0.06351254322756408
0.032359219565507656
0.0213257216748123
0.006895192204532746
0.09897389921988928
0.03513682884180267
0.009328780827054406
0.010466197985052677
0.007503004614180728
0.021858471379072045
0.04201806813638614
0.1047582822486343
0.8939914898459013
0.008217177612668426
0.0704876635564481
0.07786317733297134
0.02373461286446106
0.9656960967823754
0.9965806657791014
0.14191380687929794
0.02405902646460817
0.15333638308779887
0.023013840005065317
0.01763669210646144
0.0291399651220255
0.022394781594615377
0.016273194454204762
0.02701767530718022
0.0014334289324497076
0.9708895492706593
0.039308650627802706
0.012785729549031009
0.028029593630765404
0.9721680465581751
0.15134409357224635
0.038305175496059884
0.06741948570160605
0.21203422438431405
0.059748167452758134
0.0008834325370825316
0.08032244022094202
0.0009814274087805274
0.1271399187824143
0.02075169716453093
0.9851624147583538
0.03952728194209746
0.07740189237216312
0.045427505556592175
0.010322618263988646
0.3157555722242638
0.04352431345951266
0.10205056430283826
0.13859372013264393
0.036926101156969274
0.020919406225955707
0.028336267160059016
0.016285056759087237
0.01877444698614234
0.028665279573622682
0.12238046960512719
0.014082595933645328
0.012822457804308436
0.09930317730349904
0.07191762369611289
0.037833200290232905
0.20555241844257705
0.06531019724887033
0.014304867125684512
0.007285255498675941
0.9897227789940461
0.6386694095839719
0.02179110208935742
0.006443657450683588
0.014340967357447873
0.05298556379859803
0.010137673118995036
0.009264133759067995
0.10519384099851063
0.01910507912632744
0.029047350916634743
0.04429759029448214
0.05166878024940979
0.016341829414944317
0.014855199832939807
0.050776818966983245
0.05431006660510819
0.032447288293744415
0.008081364602012127
0.014365123039075996
0.040142937613269855
0.08526058213133393
0.03842220944554539
0.03317479840566576
0.03835019679511609
0.01872047771351488
0.9576735638796309
0.0670174463724863
0.004721844306587041
0.007124393706806011
0.17381891946730949
0.9394968625158489
0.016939728708130045
0.06238593858126363
0.02131504775082306
0.26111898369175696
0.08818562728657761
0.028667596809461432
0.024008390374893156
0.021872078265431066
0.024060099375529585
0.13714645379086815
0.02654588098490815
0.10174857396159338
0.004435068708095405
0.02956529627961766
0.038041291400092304
0.017957725436980487
0.0012513478441991393
0.030281038944681333
0.05553651552205209
0.061932185274232034
0.9625879722943746
0.001838936602580513
0.08839484633150362
0.0914705013172024
0.013196829995484048
0.019142293137891467
0.13219081635693955
0.018963960742050995
0.014376007993424676
0.24697501022391347
0.031590260506702834
0.003933919204522121
0.013121169114524725
0.01823525200033134
0.02204926527953849
0.005384167554929273
0.01364155068979113
0.012984090112066197
0.08586018366515807
0.023960469623831193
0.006775843244400514
0.001715250562864776
0.014802721866958912
0.01520195715820149
0.019819934938464883
0.04290013028839899
0.040138649685037116
0.0728383846352219
0.011288509562750385
0.03798805083417188
0.37684072317968775
0.006533570544895008
0.09659675646673246
0.006582615531706332
0.010505822052410994
0.05355836357234305
0.03693246074601361
0.010465661724866406
0.008357223639456185
0.0008928718228811796
0.009412052437000468
0.2805065348861932
0.01049808669433341
0.024919379746223404
0.011394151062162503
0.018214675793841534
0.06531720446648484
0.0077456357257770355
0.9509914005510697
0.18513182588101942
0.0026941866369026876
0.02125233516693467
0.05272259484616515
0.01091571144729132
0.012036016109666675
0.0085832417389928
0.9356539267767409
0.01583949893203169
0.9541443443258315
0.16547551253332352
0.0061187051472869035
0.15301482434145827
0.015333574747062593
0.028104587625108327
0.017481943465826214
0.022428010167982678
0.06041445170700814
0.12076665410138702
0.09785145384580785
0.35771777431606405
0.0052661971814758155
0.007150745823059728
0.02876052979732941
0.014866941037208944
0.016246660800229566
0.4698390762246074
0.0018680956716073892
0.002207316581635104
0.004718348142152028
0.06709910121934567
0.01931951277420801
0.01882961260532913
0.007309698318661739
0.020012213435142413
0.021201409158600717
0.02993457596414439
0.9284802628663287
0.9427778227627611
0.8876806609580061
0.6298626170233977
0.9743635093449334
0.03866323884150849
0.11757272616075948
0.007264787531641136
0.025257884755440486
0.034736765022801
0.0618564774090693
0.034050711396850473
0.017276503907737696
0.034482505596263
0.03933726321855126
0.12401660500014665
0.27944302351365635
0.0064740808428545744
0.2681320918136596
0.044704390628260905
0.001264333937205308
0.01880990938127777
0.15632659052231318
0.013579535290587634
0.11877111426979038
0.9682751635062375
0.018559468263679726
0.008506887583416103
0.08244797185624099
0.005050706717539829
0.028096496928109334
0.987647478686484
0.022606303171656537
0.10194388578400326
0.009779007486326798
0.11184108989960313
0.030225055598413667
0.013009026233693915
0.0295877586416486
0.02001650991105962
0.02199310565455006
0.019323296379527753
0.029829305430917667
0.06387244090338783
0.010667802839280116
0.2854620627307193
0.03905993477432172
0.9853857114732483
0.08923690428495225
0.06488847643810008
0.9262864222617426
0.023879067497438428
0.051997245926399795
0.0728536916926634
0.030218096274262543
0.0051203609021000015
0.026024682193282828
0.024026075011665406
0.017201325378486915
0.044903762718772944
0.009289889594539245
0.02401309246823678
0.11696721524422414
0.028614558252371355
0.04313485677256475
0.4189822364091788
0.010391867449674953
0.016340504095976878
0.06030535555301299
0.11468278573137992
0.05789233938821387
0.007885495263796054
0.004114771743395842
0.025211215100302786
0.002822818416006267
0.00092862231584697
0.048849775989450006
0.04211770227035414
0.006094041275224886
0.1007103723724934
0.08080507956604803
0.0377151731006934
0.009284611867669785
0.08651853205000089
0.17102640135069394
0.13389694689251616
0.024943972147532807
0.9729254349741144
0.00393048755634488
0.10991818028109011
0.05991596298597126
0.017484805904456103
0.014166380113646217
0.012145832353944999
0.0105845747836165
0.654807168426467
0.040628056630579626
0.034271410178427796
0.06707921352275523
0.0023325085482960857
0.05747549849166995
0.01714081297131012
0.00965623411725654
0.07039313038671939
0.09729848549774403
0.14957255689397386
0.02599098223415053
0.9765823070219808
0.11942516205857254
0.004861801134200632
0.024356349984053293
0.0019077225683803484
0.028969194067724385
0.8728948410336128
0.003367109884063657
0.09644115676496838
0.0432638349136617
0.016349417907951354
0.12136290590379083
0.0017809293105240963
0.008439549225671084
0.0011565788197233087
0.08416604083535249
0.0017913177882074372
0.04163052791899514
0.12854587474469695
0.030337400622217556
0.9699925460753089
0.005811775750085913
0.010790137997826865
0.00751201428277485
0.17529547040092627
0.019056544780951257
0.012671628080706675
0.01770157963021515
0.9899173885431856
0.4021427600260963
0.055004831770003794
0.06060918082598745
0.011073667846955395
0.0644946198501373
0.9815321870632887
0.07971947214978561
0.0640053174674088
0.02593110343034903
0.9325171697492071
0.030832371447789112
0.05555215194362312
0.018578643426336347
0.26975303616761515
0.01147081528563277
0.006427158933237031
0.022194224996016865
0.06380231260088169
0.056935311448651243
0.9804406073697937
0.04933695071866048
0.01677806944757844
0.005122141529200753
0.030368278866128678
0.1283849797231578
0.16330543115883558
0.04429524704408384
0.11080449999773509
0.019350739221542717
0.013093178740943364
0.015167630067377046
0.12888914270023905
0.005894229606131693
0.01828361862098502
0.04441570282878374
0.12800028835719005
0.13690304757937327
0.01561243451678985
0.0510727714306717
0.02909547067131096
0.22849263022175312
0.9763435093615727
0.015041222177657538
0.04419915373777956
0.0027120375483803247
0.012776743679715322
0.9689812965027331
0.027985970582931223
0.01596704714362882
0.024440821878775873
0.0202457387417098
0.0038287398807635336
0.013619712134956856
0.05328049660433589
0.05370999833099479
0.058601168814329724
0.007116288815294606
0.12906125114065753
0.007074412848951429
0.13581171153143806
0.010161652404684215
0.0863177402405372
0.2426578414715379
0.08037499375858051
0.0020580506223010506
0.028718784411545767
0.018921389177400234
0.13157522570063426
0.023908632020011963
0.03597053051617346
0.010384847508294727
0.030037118481902412
0.022895685108836498
0.0032409674567993366
0.03465374561449616
0.06195882482176444
0.17241650740222042
0.9916653405347575
0.1478131723159268
0.03188987857465966
0.8905648333333064
0.007092620048878495
0.14889213636336535
0.006733766909732801
0.9855508543832726
0.048430898215750744
0.02444259186486595
0.0667623760410269
0.006880326992540958
0.029637166071036693
0.9717269446854567
0.06353241283086469
0.9613534430701611
0.07155780293213357
0.0017392422013808291
0.022166507073793376
0.034719783849816624
0.06021712821203253
0.37379542332009336
0.018043214947072103
0.0047773893942062145
0.9831359873334364
0.013283591706184365
0.43204040356861906
0.05630538165052821
0.07973559041654375
0.004014906871520142
0.012919422043179246
0.04396922648337766
0.8903399785576416
0.007181336686942891
0.0052860387618587695
0.03850084987335426
0.053129109848727214
0.9949531946226778
0.03365830226641863
0.49799567872580386
0.02371785774541055
0.9664703999343844
0.16881835870746525
0.042133580601668705
0.028472906131717424
0.0037164637837081016
0.0025770946876540308
0.03246181924963094
0.028029238691138242
0.06520587893050693
0.02583611437915496
0.11137436687379006
0.9457538465226334
0.008257770049329217
0.02113338877787613
0.02659141662812204
0.02090484567346641
0.06509757793370366
0.039851824090093885
0.9571984006240296
0.014896136234169797
0.037266587071748236
0.015222159115131598
0.022796064994538616
0.04343825846858567
0.008237416990116986
0.022658491945138314
0.9765557154858503
0.019657686877791274
0.014265282752256414
0.04466247480275294
0.3083718219094823
0.004695940038409185
0.011088453159942632
0.0018047757738841946
0.026104084097769834
0.036520318174991497
0.019020201226544693
0.9914292673684074
0.022354282811006727
0.008153124367404757
0.004861664446495326
0.04282011664737667
0.30357114174341493
0.0291281394617548
0.6832028368375923
0.029058004824986015
0.060947479548335855
0.91243422402438
0.03889140284691758
0.006523900478790136
0.005861654654113613
0.05154781772948544
0.01952635216540245
0.0024082547911261016
0.014049210776947655
0.007478801654045153
0.000775971685202925
0.0037453858359216756
0.0007407257102538784
0.9576317326127889
0.030749814107505557
0.008400493394158855
0.06386894607365147
0.0302815649620644
0.07460060924535819
0.035175943126034746
0.9774806933081921
0.9805991567974627
0.10882436898885753
0.011621204240316934
0.13944927819566674
0.09462390436479552
0.16290286985395033
0.012434933692117421
0.05470465365118277
0.033492258396644825
0.012267568306079188
0.007821473599796284
0.008606930372613198
0.02007274304868855
0.9503966818594358
0.006172049766523813
0.016059943702671886
0.013288579614211362
0.01626215160758608
0.9300813892425815
0.07452790554575356
0.17406482119183617
0.08422876131478417
0.025058388701754503
0.005717026807724354
0.03157529835466696
0.015609954242932024
0.11031085575988442
0.9835888387137788
0.9524428885401531
0.006463873659616523
0.004165530283462618
0.004344455367211248
0.10723166358194297
0.22924905180367705
0.018818363254266068
0.044635567177016194
0.03823726345932368
0.019363469007950725
0.16838428890343157
0.01408663066598218
0.10185641294796531
0.0669439460829273
0.014907954418681871
0.9823362245597653
0.009893539727230257
0.01017291024111346
0.06371013733352987
0.44572422588007654
0.012342775579713621
0.02797515980376754
0.43080604153625235
0.1309868124122994
0.008364380368413634
0.022812146701598108
0.012892962692560317
0.01782424295430797
0.04967131149790369
0.008302070858717762
0.9818329874803787
0.07470847182243287
0.9107644205193556
0.24906819768232216
0.007951633757561095
0.4853793376595078
0.11402983008975233
0.02502565631798053
0.030220747643967164
0.18797418257757265
0.002479607290882767
0.038911039536992126
0.01347200558177132
0.06958639659956561
0.003280072292469648
0.004191298739440334
0.015044779343979716
0.01561913994750379
0.008964692587020266
0.018404909631383137
0.06646904362859223
0.06304604329883287
0.026708985405245456
0.005928536607534264
0.023046003077355545
0.4595034484436304
0.04302271946601469
0.004156714404507049
0.004063468050700613
0.9885659330221697
0.0111439823640347
0.041975103404053485
0.006451859824150176
0.17814344015933348
0.05150578079352309
0.004660769176103545
0.022997878475924625
0.0038668631699322826
0.055617972889822974
0.031568494422493945
0.008941527825345083
0.07591388213622602
0.010681433773172004
0.0023456046760555885
0.014746364212133406
0.041339570279836715
0.02087405537511767
0.01889039323013324
0.06612886972405359
0.9620264225631374
0.02121435260364386
0.020156790132248106
0.010903274758049458
0.24459015718695498
0.00715871416531877
0.03620624879229075
0.004562838454223142
0.04330899683204837
0.03168335183260361
0.005991557326960122
0.2990214543292373
0.005946381138867189
0.9882017821869399
0.017174141517448498
0.5510148057829881
0.06418727425948755
0.07922608426910559
0.01738466857628003
0.02728887402360022
0.0063277858015459145
0.028504568712970496
0.04675588067067231
0.2093027808966936
0.02968220558981731
0.0318781978693971
0.08487328081931297
0.09316758476110962
0.026978465465943683
0.04382330310775927
0.13275946592033241
0.026037426955296164
0.014848946343537324
0.005896815183839466
0.9743220623124258
0.025838831017712442
0.051157411501242464
0.029171053564744732
0.022980848379162692
0.08030586218912426
0.07127404507861121
0.01329625182574178
0.014156191399329927
0.013807425484250197
0.0027288040245441844
0.19038784038593992
0.02061513974442056
0.0057698297934190065
0.02054080674746364
0.06671211765187068
0.08145689733149064
0.0014044862013940702
0.017658024573052062
0.04959155933216452
0.02256039157396894
0.011932272838516963
0.011017921682836038
0.034619545483368395
0.08304880140528334
0.023917557242948848
0.037707397580711184
0.12319898373237832
0.014280820786165452
0.017651562647621452
0.004436246758233466
0.03609255700054468
0.23412507171588193
0.0038488841729281543
0.0460236293544005
0.004464031247730669
0.0036521294092574774
0.013904983619487603
0.9899465629909755
0.0174794765881426
0.016294861095766132
0.9787904320636251
0.014913401700185245
0.007377476420246959
0.8833926201493265
0.04945705259194304
0.027940874389184113
0.046643724831688604
0.008163849697323844
0.2552626099104044
0.00513969453847553
0.03236844111658343
0.11847125764809405
0.03910000871659933
0.1924029786051336
0.26562992697343957
0.008347495986658678
0.014084036899834312
0.00375521832377302
0.08806547399129794
0.00583600874007699
0.013429211840508604
0.03569368618476712
0.050066748437267265
0.024298619520957996
0.027553113291419434
0.018485966101769728
0.058464671409364
0.0033692124312475753
0.9770031434653793
0.9829002336745464
0.025039043384645975
0.17902192467456413
0.021876269484763403
0.0017457877457052126
0.017284614336088196
0.038604876253383706
0.019000063111835643
0.019825002433364595
0.0016136257328962641
0.0017661334026679628
0.017684973729170085
0.049904598679431006
0.9804790245203304
0.014388153874322162
0.016856309650612335
0.014075460236087854
0.0020129122918960676
0.032956298413264196
0.1456829834739274
0.016649430609201918
0.025283366120669504
0.034743360504436153
0.0037106435088477803
0.027723287194161474
0.9732572263757903
0.14350340984396012
0.9698018921792465
0.0016891208848247535
0.039412403481861334
0.028199206024181113
0.0018194846782484011
0.08811861308100641
0.011862246548791412
0.1126528411678467
0.005766365115552047
0.045202174162252265
0.009597497982830536
0.07142057511350988
0.07466883361973027
0.006025072428998219
0.03050135711735366
0.00845539068222339
0.00578995520526034
0.02560634886219885
0.09543909844146006
0.04361784263253432
0.07914872378096163
0.0073158602085145056
0.04908018482256604
0.04090700998821448
0.03774973546566657
0.07056692971764457
0.007916473345606368
0.005809380350969947
0.062487144346368206
0.8851354541065484
0.9437670753167959
0.010665159753430183
0.044742872245011396
0.020636259328620715
0.43982200600714333
0.04446602602426586
0.02621903612763989
0.07059647854690874
0.0037259723512904856
0.034548175754631545
0.017618145170777356
0.026699863807030075
0.05185594089810499
0.1420655011614517
0.01935577035994764
0.015141627499284336
0.05891005505890694
0.07384663171476857
0.03843139579488406
0.033061521795358324
0.01622018898951719
0.023271020054860737
0.08584677607873972
0.0013094788801717983
0.0022793940022060376
0.02720280227701314
0.013143985030348073
0.017051906607371107
0.008014546548919676
0.006476689289478333
0.020318337391427542
0.11053639887979454
0.026894349432692605
0.04227252391623016
0.0010873608964502986
0.1191438050070779
0.023291389501058486
0.11281974894712267
0.06397801114946901
0.028399466409292917
0.004629788554976841
0.020330389676544623
0.002937738821421137
0.16873961609986202
0.014563629501179148
0.09873239817100009
0.052501886705043965
0.24137179368010314
0.9868194018738993
0.9785850824202784
0.03432643047273117
0.012532632991487887
0.06790339564948585
0.01610072566134822
0.012356038223229905
0.9099712320810189
0.06151187319206644
0.0559211547764169
0.06975271736902335
0.004801945933644775
0.023773028192577608
0.01013716281728545
0.01781033102011967
0.023115595380518
0.12009644257722558
0.13119446367416815
0.017259395484319488
0.017518238013673432
0.04975747152962095
0.568667415419645
0.11832371953741162
0.004748667333571366
0.09254336341643819
0.026582911311677396
0.8502197815435356
0.024109601340894796
0.01138702102549142
0.016429017100002972
0.02908832362822665
0.01345892939816828
0.08581400206162912
0.05617056229877063
0.07119146293504618
0.0026010040490877387
0.9402294615445225
0.24159421543570797
0.02063767784737557
0.026153466529160486
0.005080742374783614
0.010513363069498216
0.8566636402762914
0.030178961977573582
0.010493650144889058
0.0115170305982101
0.24966840172554522
0.9316282103352262
0.019651160113023904
0.07533442579122869
0.030217233604110202
0.023495072541989705
0.00604272407730276
0.01355628409514757
0.07165910914624969
0.15430975176154424
0.017296336244554324
0.11888383564896303
0.1342233384785836
0.9788978936831579
0.25428736624586545
0.016581530345663554
0.01578881586776732
0.02125548645201166
0.006567018206094332
0.9811619009835971
0.029251626441847263
0.0026364301652852533
0.11892831252351907
0.0036115181132154173
0.04139480274721739
0.020407888085466577
0.050054452319783616
0.05412234131098909
0.019095305163068267
0.0042685820319578885
0.025288580358393955
0.12251390958956059
0.21619195459606125
0.024424144018897188
0.03572836850248978
0.0892462123998164
0.004569688159471397
0.01726129029499278
0.014057514215345948
0.018251279120493607
0.964786931967445
0.02415771028403065
0.018698500383349016
0.0027846883366228936
0.013102944433009182
0.9826298367054991
0.1323428962459342
0.002560394841349601
0.9744873935887131
0.03980986663243654
0.03073136334820038
0.06019297417938742
0.01575505157171605
0.043589000765375384
0.03878970613885532
0.018070639383607
0.007740685295114679
0.0329240804787599
0.06639161030826086
0.16283784029896686
0.9533817807443672
0.01464013786200923
0.044481634989908383
0.3375270903984953
0.003387315151619455
0.015415731525910806
0.012496097139568056
0.04536695066594402
0.00715298654415584
0.9840354982457836
0.01901079991258237
0.02562889183872142
0.03723930624611494
0.05515442593032357
0.0012921183853686169
0.14310496361580516
0.0836258606295963
0.1371627160015236
0.013592895001498077
0.0033411475359097437
0.029704907343134603
0.9419365273205739
0.08609061824917322
0.9779397176898917
0.05059384118734819
0.2244967611638468
0.00786400589966018
0.021868444447652062
0.9581776110877321
0.036910135628937295
0.01537145406696729
0.018357499607565848
0.06074832259741225
0.00826954061463484
0.010565662654038927
0.0064904843165603104
0.33134107385265477
0.041254370709034406
0.02997689860908181
0.9094556037733462
0.06751967975084464
0.011852278060915865
0.0030779835708998203
0.004295464445557309
0.8889549527710102
0.04088831462777308
0.0013993855010164399
0.0264473339261916
0.02466543395600438
0.0032609076748897257
0.05232224219308805
0.015559274641416966
0.04631392661982689
0.016831296291360372
0.01261559140491475
0.10437160534854527
0.7215350958521997
0.0353823201220117
0.8710251330688238
0.007636694299689543
0.9694583609909958
0.01634429340674314
0.9297152257894136
0.013086438197135772
0.014568975564958054
0.016535878252111166
0.28405670792574056
0.024664038278443365
0.09136792437723398
0.9649975278948685
0.012932861729887756
0.0033026725560158145
0.05803556317569971
0.0019134179200000288
0.0059888160075350205
0.004051637218500517
0.012801358933416749
0.0268986561712362
0.13119094939327822
0.9960222040128631
0.9748711106831
0.9801765582644596
0.06347100195926764
0.027199496495903218
0.016952380811774984
0.9717105007170315
0.010344176981477582
0.02111623412186954
0.02349633871483309
0.05129284218422149
0.3109429888569386
0.009428742811834628
0.03355438281183437
0.026421206930969963
0.013906839106307942
0.19606524132647704
0.017362724882581494
0.03706171422759376
0.02254246499123148
0.9481500012749663
0.03164584083674272
0.02250442417792892
0.03545191522281253
0.012746174690045414
0.01748116465858943
0.003342377805159138
0.951846293469501
0.04193376340088738
0.05802339533850504
0.005312221277487892
0.023872751600428007
0.006894300750564663
0.0020907631677093276
0.007745696918240836
0.02294725460053804
0.045804178854690875
0.10437007477849566
0.03936358973688337
0.021342171856616157
0.04913052952274253
0.0625209098587618
0.01545197569464743
0.0034645260040449552
0.020207210796075504
0.010866122597941077
0.033029207627151405
0.003685420885633183
0.10571085661002791
0.05668500786622944
0.9512462994424763
0.007156297390971845
0.028179059731731834
0.9557378419691291
0.07213612361418624
0.14431593971869205
0.049716410509988616
0.028696356390834492
0.008309414319934639
0.13185014585603488
0.025123859179920875
0.01717549837145261
0.04741683809627858
0.019770750492176234
0.01147733197474875
0.9218645306283053
0.011145604838727978
0.03249689819581381
0.020463452125892095
0.008438141311944527
0.019687545643404917
0.0635017167879651
0.0042689977721030465
0.053219316302630146
0.005940880662318984
0.01837092770336526
0.018396961184101883
0.9563647656813634
0.010475075593713627
0.0032565940934398845
0.00438656931935967
0.9707804476819114
0.017088827009283596
0.007091598243425477
0.014258241940719818
0.017329412718823108
0.16350488822657872
0.16239248701992987
0.04032048348332448
0.006910207807319128
0.050896836141437564
0.03080859397608204
0.007991933788766833
0.026446165382454197
0.01611306573993489
0.04976785558646084
0.02601720616018744
0.008983772670821694
0.03463601645172037
0.029329542018823433
0.016145872723097886
0.012558033219986983
0.09173149205442602
0.001252185683612261
0.01598936546068783
0.005623473091351107
0.009098295980020321
0.07859115696057493
0.024291830655678647
0.967718137847499
0.9619655444305789
0.025375858591953356
0.11836619427275372
0.01861267968617523
0.15586844166339528
0.02142985572363322
0.44671480403379954
0.05636523863632258
0.006905741928645411
0.13881276628613692
0.015880208862691796
0.016063979710783223
0.011538444761813869
0.027728571948006403
0.042887680648110625
0.1254524719382652
0.010152314870734766
0.007471451284223826
0.011145037807502948
0.008482689725263969
0.09044746880966026
0.015782307758859977
0.016292427533390285
0.004603798787430635
0.00989693490423882
0.054717591425130045
0.06912003508080852
0.03979111612211871
0.021021636496097715
0.33528892552178097
0.0024373213599708948
0.038126502377999506
0.018406332211499465
0.19960030065820636
0.09594857217344899
0.0342210646652527
0.0014967492890856288
0.05843678417901155
0.030983122634569638
0.025640277479252124
0.19508096379713938
0.1600632231449896
0.026620119492022185
0.9685029756654103
0.11067780822665746
0.07578721137779885
0.14772835628668562
0.050068008349037255
0.01603176889580587
0.06513292021206907
0.005240410190669431
0.4208695662666908
0.05987418859966627
0.15262107612918854
0.01485539071408974
0.012808442311534189
0.015414244652776198
0.014504777628625867
0.005393589233093397
0.9776424597731026
0.016078217363875897
0.015429628325446651
0.03235368161660407
0.9185870941528046
0.13927749643219886
0.07177312493122123
0.2321874941011776
0.9651912529743336
0.22921767458435321
0.0061392290297175465
0.07005566387593547
0.02017876864262195
0.055196953546935594
0.0061037032632003324
0.017222413596862936
0.002406698544342176
0.009823011764750093
0.983369490941531
0.06209769622992552
0.023821715471575244
0.04559122007419291
0.08944415594717911
0.021000684011773282
0.010273335890012272
0.005285340313801838
0.013862573835195622
0.0293175558292208
0.012562298377299778
0.01166423804125519
0.011426797010711282
0.12907899073976387
0.004583220326616511
0.022132160554571893
0.13176424621147276
0.057664229853415835
0.36680600899294097
0.9788202976417864
0.11624132433975237
0.008570751015565549
0.05035038407378412
0.014687615591995827
0.02488246585380277
0.9820461320122101
0.2708198860548026
0.07911792585213129
0.027750445302322665
0.02022179270486384
0.07285136909468186
0.17721146619269187
0.05599786557793271
0.13508802972036604
0.7441259984312996
0.03534112204430582
0.16005536663698763
0.004616668448842581
0.003336092964191005
0.07672088182368865
0.14099475662553512
0.01731563189546369
0.9196135869998463
0.9106861287457735
0.02228096117537168
0.028911643792600233
0.9249938200708931
0.005800965429819546
0.032356326531020434
0.9594625391313416
0.047555280748046894
0.015374333050592447
0.12231073992055616
0.2671672736795166
0.015544130369226394
0.004803114776209552
0.03712391251394673
0.001786579947758063
0.00919936489236259
0.004711952528453427
0.9761768557288126
0.04704112220718216
0.32562079599046095
0.028878463497343153
0.9520398491662982
0.018059723986756347
0.022772361729077616
0.007952367754965642
0.8269294345288511
0.013074248517631639
0.05518116251198106
0.14774642359944673
0.0026041813481496047
0.041633741422650784
0.0029478714514272154
0.03545912396115179
0.0339759766151885
0.040377917725116994
0.04189865106174093
0.026087033991345338
0.012345274892027896
0.16340465155422768
0.9814329731853939
0.0476203906125086
0.06986780114992946
0.03668816426586138
0.003073325628455121
0.06500724436062744
0.17277177353997308
0.026687916722050738
0.05276663002640354
0.08935166466843092
0.12187668932277189
0.0176883322157331
0.23479156935199777
0.009963335575974263
0.04074251217334111
0.07591872250665249
0.040325682879939186
0.025133250203603696
0.017107103653222103
0.011239452733504383
0.017018720879977883
0.021213384580078872
0.05378052908109029
0.017580928771791692
0.002444701416364992
0.00448714600325036
0.011578355483260937
0.0011557056019274733
0.2539432178790595
0.025704918258901543
0.0830250253389428
0.041702346725894235
0.009514263996554454
0.013192747572049931
0.0019026983776347175
0.0032506239533191994
0.9429791126288849
0.009590879787761176
0.00857709605351538
0.06330738063808865
0.09539761578007104
0.04938392273938578
0.07763598219087377
0.9111096807173426
0.028262924661601362
0.009153386174780393
0.013357382355767401
0.01657212591632017
0.009138178837927623
0.003163856000488051
0.06113630800218777
0.9479166885113589
0.02211930823768843
0.023923146937060404
0.13304940276039007
0.006065236760616237
0.0012463455063241335
0.12736715779688687
0.05995573549869687
0.9777306489941475
0.03663196687053657
0.005117692415931252
0.014626942734865268
0.18608219158323866
0.24715401027276446
0.012412159892782791
0.00865167530922697
0.16278033301247868
0.017533554232522227
0.0340112936668839
0.020910925370480494
0.5836256198018663
0.0058373974586756056
0.020154865589380722
0.003889571532221682
0.014506073628418718
0.006589656813834721
0.0256700163224411
0.0016057463241392358
0.008067034235029483
0.980240396141852
0.007668991467359117
0.014932804657153428
0.02578537850816428
0.0925857329177965
0.007441639997957319
0.96717696806945
0.003575645696762006
0.3368816992253
0.005983069590788508
0.010688117385447985
0.014512911450953906
0.0425516313106618
0.09462312842345162
0.9395780712389691
0.01961595126991284
0.0062576997942302886
0.037488606151460095
0.025457990500919517
0.028001252119569678
0.02671303545097409
0.035680175886117264
0.008594255160667329
0.12689410902301562
0.9657660302783981
0.011278874746415816
0.21838224795140293
0.008179841752513522
0.042207028020057526
0.012295364851859052
0.013159893943412743
0.025242795710506596
0.09295800592130847
0.09112072886639043
0.002590897371341121
0.012646822462088054
0.024993260275489274
0.0031950432868364464
0.24366701196608354
0.0037334796004301987
0.11403058596986267
0.0014822313125272654
0.8307787993465315
0.02140155664319075
0.23674521618184244
0.014851937996765928
0.015027459786799516
0.048422140018718716
0.9504479020212064
0.02022271100981543
0.041828922973002745
0.042785560387898776
0.9577791836906145
0.0062493384914394014
0.01366142032929771
0.058541392796133705
0.03021730452279612
0.013364105603990756
0.0050275543267745615
0.0323482788718265
0.03228646646738972
0.017507109747612357
0.009065748400513517
0.01802638630681951
0.008636917544847413
0.18374681784789704
0.06974098542680914
0.04725511292476241
0.019108381558423274
0.35550586971639137
0.03961117658782916
0.09790589432241359
0.041939056959830585
0.20312753871880895
0.038579248499895934
0.09256231557708999
0.1134521209161975
0.005018933569481155
0.0206231996638303
0.1752269071302814
0.12079546395814968
0.04079920114134944
0.0799928015011467
0.001487128750130521
0.0018363553128336887
0.13195138179447097
0.21863212795710463
0.1062718813217348
0.038172373981914184
0.033240525130994174
0.030809221758466416
0.0013300535685984854
0.020856798319404134
0.01760305914971239
0.1250027823406353
0.058249795261025854
0.12554234114860427
0.0018497358961087778
0.13098560650714194
0.005104774126236551
0.012803128304239141
0.003343960691596111
0.005045358960143716
0.012039555086015886
0.0677022085561438
0.06140626377363509
0.07978534907578047
0.0022703107203733046
0.22047222371252545
0.0008623326184785523
0.11221613241429544
0.08951269577639513
0.9775287814400339
0.23372678445246017
0.03476463319557356
0.0005884934722766011
0.05751187671193849
0.002650731571471576
0.013367160890953928
0.9700941430384891
0.051622575444447275
0.051681407036183444
0.015540099742916619
0.04416816872862076
0.05706726620525213
0.02673377448807301
0.001984623376700871
0.011579019821624846
0.038442788818007265
0.9892356987485501
0.009982622797330377
0.002890588347231109
0.21029018174219946
0.9893750083935611
0.013634911509837254
0.010901550587594823
0.0131239304692644
0.0498784665946928
0.05955244660768094
0.04194022356379249
0.04150438247454781
0.05415467078367568
0.05438547329323207
0.0345257926511231
0.03537008341505239
0.958758652687075
0.008034510174544287
0.978763381551846
0.006161508507524951
0.004990490981498813
0.029365656984740557
0.020513444073128464
0.014755375020385179
0.008258221389909112
0.026605846765374138
0.011084176391241742
0.0035110761878822143
0.002684781017169731
0.04757806334646026
0.5681139887374523
0.003767865982089281
0.016119292649497095
0.8891536046342301
0.009421944074322479
0.0034796907913348437
0.023284482330878317
0.03237609430762285
0.1244702755535154
0.012282472060665524
0.020107431982280526
0.00196879720255551
0.036178871775083214
0.038209350964163266
0.009355325543065876
0.004779692951031133
0.2603184522340836
0.021830038912427557
0.005408288379693764
0.02016742299209329
0.007082907060105162
0.06820093109588327
0.03305730352285281
0.03111373247761666
0.14567318644319707
0.035688677455826504
0.007386225843241693
0.6415117358013191
0.044850100630745585
0.02160734049803794
0.049839371201117845
0.03232619082658372
0.0025219960909004246
0.013781045301810435
0.9620162828237576
0.017075177908002347
0.027207232529511603
0.0015706288605449694
0.0029557228464050208
0.06288056681730106
0.001488511118172109
0.09967720422608316
0.057232067059019225
0.45302014789473216
0.11080082693686391
0.2617017161337815
0.011561906993626896
0.9779734696593126
0.04319266788346122
0.005562481668688347
0.08016633164282543
0.053322920240495154
0.0193768342091233
0.3182861503104936
0.017413971418379113
0.00842765658713005
0.007715466090564179
0.011037237447798696
0.0014097278715904883
0.05696860161711158
0.9577868845219822
0.030047114244691083
0.028593398642059006
0.029209676838613145
0.1649101841054172
0.9800278494250731
0.06451405357272608
0.03544907443256517
0.08252867020959351
0.007153431896868051
0.11126790463999373
0.011913487366163333
0.15369104766664923
0.0035999479656486926
0.016160895624706656
0.9422135106690016
0.9766509037653422
0.03793336501825687
0.031623141573048304
0.007655734824009615
0.009573976718832073
0.0030550724699695466
0.002535361950301224
0.02551461854785205
0.023050518487157796
0.019127772228179907
0.111358772022861
0.9860692978973796
0.18531187772851568
0.10054483294441323
0.013661431796402307
0.057392561263249216
0.03237860105566661
0.9699906315404616
0.002803884579150232
0.9819354977121826
0.01299461657975352
0.04022707857151184
0.030192011338845852
0.004511630003538535
0.027745744421842404
0.026173808990074956
0.021775305073437713
0.06469017062114342
0.0854372029878161
0.014106273307703872
0.10669626035129803
0.07385580612129475
0.983765224763107
0.008250139593355684
0.1282428274345101
0.0027213439730164805
0.258578092113113
0.046429392472967186
0.022812370269830098
0.023887278103905275
0.970140344284431
0.04343131507435626
0.007402013703687877
0.22263209855192917
0.08198574641031611
0.0074021762311651884
0.3542297448365956
0.00979996217432742
0.09329082212332528
0.9783078282459094
0.31662005999892917
0.07440782935758208
0.003768523346693362
0.9957380111892545
0.11165089903239955
0.8961540469970839
0.9862086157988006
0.9925577259315901
0.8443313347380386
0.982962977913743
0.9751517025419902
0.9803494167035395
0.17788389616172803
0.9613635234659087
0.9552643401884205
0.9519595314925012
0.9368558625468564
0.047649562707058585
0.03529132392791674
0.041170740111428086
0.9791558079206484
0.9855324755216371
0.886011653739941
0.024227995169920358
0.1637688268926356
0.931298263179922
0.048448292981373105
0.9689679825137862
0.9741156397112496
0.8206406872594155
0.13530951523779727
0.9503931959862691
0.882064844414021
0.8690328607209119
0.0652875619561871
0.9540608354187874
0.08369857932837069
0.027673456595467744
0.8005876660029866
0.9821752684324904
0.9916823788837873
0.9597296886111867
0.98260774552786
0.9890779446683514
0.8298557795527135
0.0025601470715332702
0.24448858487432143
0.004590580617160366
0.3470470123186605
0.15205126026423285
0.9732154125172731
0.9916543902371708
0.9546404710484232
0.9887819302729542
0.9903018120011629
0.9582427686585999
0.9437926820840687
0.02388653144367088
0.04515246065862944
0.02045651323880556
0.00568311887543644
0.045084467852383354
0.262564613077539
0.01300876926982454
0.0015671166374849588
0.014441843188270066
0.8506406199001566
0.9495413857731196
0.36977627367028393
0.008482459751762091
0.10760592392602016
0.015294074906728577
0.04952022833008333
0.8875843112894849
0.9862145986673944
0.8869565252439681
0.9230344759861115
0.9150561654715685
0.8823613397636774
0.953252310758498
0.9257758881261121
0.921519774911125
0.9857998602891925
0.0357925016458076
0.06244364033397557
0.10014328706541395
0.04441258434537213
0.9257986075141921
0.0987703884703654
0.043069791089847057
0.9882462359248245
0.9844479494373075
0.9256089217892256
0.006160667975041909
0.9801679113379603
0.9529325301264656
0.9838362526623571
0.9828667334528359
0.023663770501367757
0.08098234906635515
0.9534760327380595
0.045388562339220895
0.004460480438092548
0.029946141939515114
0.9316586597830008
0.07013086728442727
0.03898777740917834
0.08569784111035678
0.9007041088897314
0.08108717228913731
0.9734955451730878
0.9870160994636297
0.949515257251224
0.9178691817978228
0.027064974980364715
0.25937556287900243
0.03177259909030732
0.04118135074403944
0.9538879197665284
0.8390601246831592
0.988850234238206
0.9767977283072786
0.7744503252749052
0.9325593877973583
0.9905268733308878
0.9755802057748021
0.19512615339853273
0.026560248263152356
0.01384572746014412
0.00255572907600408
0.9909857513562907
0.966722978663086
0.9757475285295382
0.9958090154407769
0.9196885908588749
0.966991660246183
0.9471179870567991
0.97435876836157
0.9062500805297157
0.021002574944142805
0.017254149372264754
0.25574137978091516
0.05112927055515967
0.1868155149167813
0.04559718425296551
0.9811435717118318
0.9911045899977822
0.9749315240765517
0.9921689725658142
0.9911474675390309
0.07658116113399997
0.8905441762557899
0.0023123162833255722
0.006377819038695568
0.984859127275166
0.9488148855546139
0.9654759472137856
0.9713694811235737
0.9611497025594599
0.9777606147221135
0.9804476948851942
0.006914042584764157
0.12195027599054083
0.9192323800903299
0.9603036758030633
0.9618092032448998
0.9873673138212864
0.8675520438579167
0.019437399210165997
0.02880229620598522
0.022795064588639866
0.9875779707605139
0.9565679052593986
0.9730466606850896
0.9107206004449419
0.9792913502033842
0.9963970032219596
0.023567857541464496
0.05084795591689534
0.0027906544629385526
0.02824834578410605
0.024338472898346848
0.015197539929751416
0.968705237097132
0.9721017786872999
0.005339076812166036
0.01136306843531055
0.15243481982398605
0.005326831153604101
0.04945338220559745
0.02442108216135745
0.9500031519531513
0.9948597356697625
0.9745407225977465
0.958921460330426
0.9714915532076849
0.9637782848774845
0.9773439137667522
0.021267639096485803
0.08329957996719817
0.021571158214925803
0.9168647262441219
0.8778118643168352
0.9177663749247577
0.928765899286428
0.9864077629030271
0.9803328571941198
0.9799175281169619
0.9430946967831997
0.9656011361959221
0.9692875489060208
0.9308161760165052
0.06231578884279049
0.01288383992113943
0.03357647573231642
0.017721390156258832
0.05206835938190275
0.9319124724040466
0.9440054317897316
0.00380304762808618
0.003386755963611227
0.9612865248329192
0.9653265730485624
0.9643644813924027
0.00104143640507828
0.029886611473857946
0.03979824616925866
0.9818905810521823
0.9437000428604538
0.8582014463340149
0.9245244772246478
0.9166297402582196
0.2899068945302463
0.8732453535343023
0.8855123217778184
0.044387750820055465
0.0031848851413674092
0.19640795518631018
0.0029146495918561405
0.04603894857090579
0.021167341877445192
0.01042955485553621
0.007233235507474074
0.9902638132852964
0.9661883800699519
0.9432456591275931
0.9524649513983233
0.04271650736298383
0.15404415451907247
0.4495454432290188
0.19908465598832303
0.01626690320494903
0.8534330357553996
0.07476670254965569
0.22729654416199982
0.048567055275366124
0.004652367493111094
0.0021752805583534155
0.8842948191256007
0.9380376877494006
0.36447044762504727
0.9350221810301119
0.9835660401748486
0.9855644830435778
0.05047588593326209
0.9566718391277836
0.006027354411073686
0.0037898497877784892
0.011621445952859836
0.0065975473286398936
0.0033185896618491396
0.8881451152227092
0.9729305323374567
0.9822852922308258
0.053315178023837645
0.9825076429694591
0.14481813945913977
0.2306775969686711
0.20289836793588878
0.2132883162848557
0.15376578208460634
0.9353903020641814
0.975205294590289
0.0034541222519293845
0.015498175294793767
0.014322091195947344
0.020245147144899504
0.9591603549348922
0.8376892777230203
0.9711598444069206
0.061993873628938656
0.977107618179285
0.20299214731192378
0.9676137193399852
0.031102552168879933
0.9314366028670741
0.042818034120794574
0.9601712693998385
0.9410517343711349
0.031016732354698536
0.015512926734991894
0.018260539464264952
0.04804663255655461
0.02455768316785437
0.9509648111726213
0.009668030615971063
0.9678184112332062
0.9304849905723189
0.14533107918271482
0.2626174258690908
0.0368499216920904
0.8909428030346783
0.895662618015624
0.015027523374779415
0.01602890024641177
0.8398440117960493
0.011224560257002978
0.9624410466486003
0.1570112049451333
0.9768236180459496
0.747363987975687
0.011091340390457288
0.9585674721984513
0.09024615742139583
0.027366339724440032
0.033621187530515975
0.02715446753903867
0.8773926735353966
0.03063879022572803
0.9299912871261725
0.030843854498505074
0.13873485155180984
0.014242039728866765
0.0052154752648471345
0.02034572113498024
0.02417999803571303
0.042714803475289366
0.02004826507743734
0.01332458640049786
0.027990204706717134
0.03412019475568319
0.8525192506515047
0.1291165095629586
0.03290508976375099
0.6855557665849711
0.031223064822937553
0.03603677928984021
0.021832052943879958
0.021889706571775084
0.006054597867655524
0.958564704928981
0.019888273015473402
0.48375452779273104
0.007552984607536374
0.8879241100840064
0.1537082468243654
0.0647338993366703
0.9511408081347673
0.8396412239309745
0.8697509602530151
0.6130076864331574
0.05526664365253805
0.0880311936584815
0.14003862168683864
0.050716007308443084
0.023769081727260374
0.03484697407636912
0.014863625796414343
0.7803596885356259
0.8295790029182329
0.978202299201104
0.9434920316356126
0.07262932642792472
0.10172957858586251
0.28483011264455177
0.0230060901544925
0.06853472518743133
0.017430631579398444
0.03837431775120952
0.5533587256019065
0.9817620920058039
0.9607905064714342
0.8994735461865062
0.9731620530348147
0.992826312194265
0.9908183667285037
0.9847976501797662
0.03801450482159118
0.9798427430642561
0.039232681114610375
0.14691708050063595
0.019089542929859586
0.0010928121395338138
0.0641237737074364
0.10864571920690994
0.033033762077928144
0.05073774695133155
0.018563530880751015
0.9894301825654538
0.1104124551768747
0.7423815606067907
0.03957423195619238
0.025859736647714966
0.029999297355764933
0.993885612236523
0.9828502302156075
0.9738511203479768
0.9760195116226599
0.9711291577815802
0.9836033677357563
0.9719352995066572
0.3266172630775216
0.987787425301507
0.046952677491692976
0.9930658487736218
0.9599185262424276
0.9547121049372784
0.949698912317649
0.9492536082884222
0.9581729410331159
0.9416325330396214
0.9351661187857928
0.9240897849494798
0.9922931490060771
0.9511067199265402
0.9436061126333155
0.9586235248845371
0.9684554054959738
0.8753384987841175
0.9563738973109668
0.8308375263270351
0.895619737717825
0.9476957722129742
0.9276878614817147
0.992412734934234
0.9607864383934647
0.0428862726324696
0.07066409583914943
0.9786180608501537
0.8215598551624061
0.9285470641049527
0.1750651316252521
0.030507250448689894
0.9787068267207157
0.009418559657500115
0.9711589545554258
0.8918362992781159
0.04650542367827199
0.08849740606695186
0.9201728694786059
0.9532854741234181
0.9860577336038423
0.016277470420762413
0.03280277278336894
0.8581553755291518
0.24101662095420612
0.8755905857911738
0.038370062829189235
0.035120985276148105
0.04231407242179186
0.9918798855383416
0.012732825358582396
0.9552562020981845
0.9158072262344931
0.8619967156958587
0.037159201577269874
0.9155188177794926
0.046336088524280006
0.08847215500424907
0.9929873902121744
0.025664343203879662
0.9874341959370435
0.8269271128575173
0.051037277167963635
0.936643451529052
0.8368159191817494
0.6431896307468938
0.8592364008200639
0.7911563855050718
0.9185360786230473
0.9825497788164564
0.9787354666598135
0.9334946682329506
0.18944474065267333
0.9679535733659818
0.9247519817225689
0.940341096050175
0.8268323566479859
0.06959220260652957
0.9634303622648659
0.9887510187605295
0.9407233444141431
0.3503556150412271
0.9303297110114974
0.9837173072801165
0.8866430826751004
0.9540535975507866
0.9832378550261273
0.9816394281693264
0.6786783115792031
0.9678981071394427
0.9863295477837568
0.9356774791818283
0.9393829702000212
0.4109455686086186
0.992683555314305
0.8601883119465745
0.9727664855659766
0.05030138315697316
0.1160535142515107
0.8928913690019685
0.028507114266894524
0.9283073253284212
0.05653815227330866
0.05555192644191237
0.879278564086101
0.7922018000908837
0.1187717474739394
0.22301308340588843
0.9762552978230665
0.9319587086237383
0.02029072065714712
0.025844873695114415
0.9083562362897393
0.9764846742646969
0.9848278218464139
0.9967477007104742
0.9631052642268498
0.08326703337723199
0.24809997779860232
0.054130305538971815
0.01757900721971757
0.8889320524988361
0.8456479532443795
0.9893397082821649
0.8825650859066687
0.12722153432071948
0.9005102986065149
0.9786471531577898
0.9717688539723739
0.9593059087541728
0.9580474177059931
0.9873614139633875
0.9384729206913747
0.98241162923161
0.9299623133727751
0.9613901864827713
0.9333294825842948
0.5166945777590253
0.9692090628035366
0.04432512345369242
0.989756087074101
0.9698475019751512
0.6088036315326081
0.9807523831475617
0.14088263568757164
0.9722775392373509
0.04406754152655433
0.978035334389236
0.9550219128330504
0.11359067022286436
0.04217200004691399
0.06943595020375419
0.04377962908829492
0.047687693240276295
0.35770524871394144
0.06660327473814621
0.054102709657309324
0.9064367963768307
0.8806910531006651
0.12405516908970898
0.018891993176373474
0.031718333854402384
0.07994744131086667
0.15925327565842473
0.9544613411894045
0.06292806667088097
0.05170253393269315
0.04923321921134744
0.9814334354090429
0.970480921652404
0.9721831471964295
0.04329874140257964
0.05794125118640089
0.9867445591450401
0.9844655572823013
0.9797788609505832
0.9786057800532909
0.8465896513871172
0.9900441966898148
0.9766503703199747
0.9848921866447445
0.9770992497380756
0.9840317051793546
0.16317174149987193
0.973821714835099
0.9457596599594172
0.35534772421363864
0.12534887499514996
0.9920734963956811
0.9777476988290463
0.9474701413142165
0.9753331317542868
0.9726071615427384
0.04645109729196561
0.9789478244598052
0.9856843939123331
0.9687990292336622
0.9686567121241125
0.9880001536121273
0.9529508724484356
0.8439490579745076
0.9709653908664225
0.0108208228247031
0.9701668812654975
0.9692779426200834
0.9687342846856012
0.058263510333401936
0.9862737674483418
0.9877036291933647
0.983156421359167
0.9635593675460391
0.9675596936976089
0.9722134616995556
0.9736768310544468
0.9625637261433313
0.9698386458321143
0.990866154263291
0.07089241287229595
0.976888229170585
0.9830438536748525
0.9788124864497124
0.9886651593702929
0.9761530468244973
0.9826871179380191
0.9906894503341883
0.966962061883134
0.9694060951191622
0.9713887741388402
0.9527116992532899
0.9248160281213639
0.9905454125391348
0.8985899095868766
0.9518287021212429
0.941885207310998
0.9540799933979239
0.10515569342075648
0.9387504530647959
0.990177275763738
0.28244646250872735
0.11603635688148697
0.97080695278173
0.9650210116561879
0.9799591851526505
0.9864289324505325
0.9394966931320216
0.9874501537333608
0.011035449570922909
0.10685107529881577
0.9040039011860026
0.011473288008329792
0.9828748124538933
0.9060242324788669
0.9902399472353083
0.9848087912420082
0.820952551534074
0.9101420608805504
0.3550524129500571
0.11701781476041817
0.91277213035235
0.9921219892555535
0.9865391514810099
0.8532158658028094
0.03950347285767255
0.988033240627795
0.9263364392408818
0.03704741621424233
0.8950324989803202
0.9185493286819527
0.978788936032848
0.9628237735175855
0.9435822431651066
0.1788732489454184
0.9505995717942768
0.9610344533471059
0.9764822494848019
0.9455945486302461
0.9270445663566937
0.9706605423837064
0.9657176691111061
0.8851086385308506
0.051683831158736836
0.883681589610119
0.8728578396202923
0.019040112152982087
0.02521181606705846
0.9797690765195156
0.969484821619725
0.9441270587909529
0.9318820977942831
0.9792456299497734
0.9652473321444893
0.9533907324070545
0.06826940860000513
0.15754124507504105
0.1382018372003912
0.09419474818605962
0.10941822395444166
0.9741361741592623
0.1664093073624494
0.07381902016800836
0.019957885195577632
0.9744919698813713
0.28192519722181175
0.09839245790602483
0.2538827511200156
0.9822216164616502
0.08916130552202998
0.2872570799602401
0.9310319441815705
0.9554679700337786
0.3466925664556059
0.21886144906664348
0.9567508946462048
0.057882244753565286
0.9255114673439929
0.03946978151727316
0.054629476716852796
0.03727236145383269
0.05923640109367382
0.05436693717973398
0.359914828963175
0.04561135359381254
0.15695205572845558
0.04183868407341068
0.9865364284283825
0.33569789972297787
0.9372283918271099
0.11092451077806091
0.062066465209771375
0.13020192520157187
0.3303488833488583
0.8779359135693091
0.012278027438716138
0.038962607110240806
0.13193958631899166
0.2989558832166046
0.11697944073072182
0.018727576036700153
0.1384482727367716
0.03562199722596863
0.1323371371545199
0.024090578496300884
0.9275649334711102
0.09004380898399
0.2403063602077885
0.24077705637558006
0.031781787938458456
0.008757930112674218
0.9519535342321445
0.02959561494458756
0.02590644692753042
0.02417905798083634
0.024176043426144142
0.011895110737670089
0.19455985675153445
0.09680050502221013
0.9672932737919318
0.07925989250848486
0.06760236791409854
0.06409580795487022
0.927504933594317
0.059611702132114655
0.8513619968343417
0.13269849261572433
0.09696682286564588
0.005768301814215207
0.13810092697216278
0.09073159978415334
0.01739381512279917
0.19240106078144195
0.9227081487922933
0.013377475859131545
0.04607049547504233
0.15580593251435412
0.11731764730017362
0.015433245453973676
0.02925512982614264
0.46887392785399995
0.11807536234125147
0.02873974467554002
0.020967347798326576
0.9910016657433233
0.011543586823855485
0.02025740493315118
0.021736956426616726
0.14708126897953705
0.027424686389442125
0.07443980700359912
0.06839723598945147
0.15624124174576004
0.018545118596371906
0.05047226320658007
0.045029231041663245
0.25358029288792505
0.10230792606067807
0.03108604896226731
0.10979249211243321
0.018095149919463167
0.13536545211083836
0.02257470429638066
0.12745448890532088
0.014212267495079606
0.050325523360718216
0.14267670459128193
0.15706166763647658
0.04051510855142635
0.11273913383858175
0.15359874215540922
0.10936363670443473
0.44362385552879696
0.04721013508811948
0.9882896022648122
0.012364642910309495
0.03720181290468167
0.030334260196862552
0.45435326289364897
0.08619999606124747
0.8478645375388825
0.9652379802717359
0.031239680339490247
0.05179428752657024
0.020461801082991064
0.024192378423125493
0.04291331758847367
0.9328668589834073
0.07096149352844591
0.05317287361072536
0.01469656995063678
0.023800500951467494
0.0312318452941603
0.01709658425459834
0.011739231665715586
0.10807558516715718
0.8042145101041088
0.06270487112364542
0.7178418474447382
0.018258284312379927
0.29600000402578164
0.02028910397070137
0.05104429315229982
0.011059269867486128
0.010155964812706704
0.051425120386705866
0.09315790053827427
0.03866541832327934
0.2896102428098306
0.08483016528873004
0.09290980850004517
0.07417129782432681
0.01717211233123719
0.8813425311295123
0.9764665150818662
0.9638975898726936
0.012308825182504769
0.08002400448524691
0.04541218663595909
0.01422862058170261
0.03439412088140875
0.08530365467103361
0.06699694810945456
0.2347519249266942
0.974569064390681
0.06122213184566342
0.16538943409036894
0.31414741235112104
0.1364754788269607
0.2588384441510953
0.12919715336983859
0.295795806630273
0.9918210959841277
0.47608967384463974
0.05572726794113259
0.06364413315433382
0.13823807626298765
0.29311526739043076
0.2256848218635301
0.335071836485659
0.16530424475561478
0.2276548706594351
0.2048514951787492
0.9692991902042293
0.13829250542269186
0.9724049044938076
0.00519980341540177
0.03830329593797361
0.9624020420851968
0.03184822347349053
0.9532082790292385
0.9432082540853984
0.0771233981290319
0.22022669143453713
0.14243749243481982
0.9867633815069634
0.9831442130098657
0.9804627477365573
0.9716521941241257
0.9780659656945733
0.0842630477666599
0.9724250707045289
0.9786238014865588
0.9625457212147305
0.9811629943145884
0.9574178679837063
0.033854896243116946
0.08054076907277628
0.18122031166018523
0.019559749152985622
0.8399823894560692
0.0043418258064520975
0.047721317282736334
0.03177693999337573
0.047125820973124365
0.9709213098331253
0.9503494363571394
0.0806967884746986
0.967635351850744
0.9753093806976444
0.010805160372431021
0.9755141054845851
0.9751400368924107
0.9768656788863144
0.9643069790641681
0.030357273782204482
0.01614269652850422
0.058147262967419636
0.02153196316834558
0.01250410473162136
0.9626159515785769
0.031703379478063266
0.04760281599332147
0.9843617282069645
0.972686806348958
0.019354395491014476
0.08399923964585708
0.09534892400315999
0.9766638989533227
0.9754504474205277
0.9776442671187002
0.9698927894931907
0.006019343750683518
0.989576182979679
0.9660017648013971
0.08636069886314124
0.9879415498228303
0.9838743194589287
0.965701114479735
0.972770793978193
0.9824997178210314
0.9300063908577997
0.994052720713586
0.9589550798752057
0.9828748205602849
0.9826189591537915
0.9487440727524792
0.9866537535070297
0.07572544627777882
0.9710867945602941
0.9857271476999775
0.9708776968860583
0.971647612179726
0.979888546649677
0.0648959151010309
0.9636857423238205
0.11359430394373772
0.02437921994280984
0.9794023040249125
0.9796090290718694
0.9817542212543783
0.9751736587077753
0.9884785429976949
0.9819117790324393
0.9558411805660918
0.9844841510431859
0.0072479058723392146
0.9942237512243225
0.9545906223912407
0.9278821830276257
0.8570679687929365
0.03174786623824537
0.9360206919170854
0.9566123068026285
0.018467602356410623
0.9609111274390123
0.02923894287687679
0.9670601465995908
0.9543865130822526
0.9214167499463265
0.9832283472931727
0.9850886331585289
0.018608977285541586
0.9427688763029823
0.9725422848556705
0.10573893963512651
0.9635498928540179
0.9477939170096575
0.965983192153557
0.9842547213844196
0.9648785735153341
0.19615046766034724
0.026750866662170747
0.09413353793548228
0.07899933464368748
0.24755901164064772
0.06297314561863707
0.006719873255674437
0.041277799800857495
0.08122628146349961
0.08475777837399977
0.022464270197392586
0.11351821362499254
0.9808603108431412
0.08410118005043785
0.9785070810061403
0.9080346058341358
0.16018716357376508
0.05419316173254296
0.04059260797151838
0.9432825632973012
0.3128607416200689
0.12515795291266843
0.05802291071498009
0.9517599986018608
0.006329359529602905
0.03726356886807131
0.0808380807252894
0.33789596785500237
0.03899209075314466
0.4027000584982102
0.05320111910709297
0.026184834719543915
0.11486267178632693
0.004556256673883527
0.008406210049633281
0.01711521832552683
0.0922446142374154
0.06899984447537087
0.942385834538695
0.13754002286287817
0.04883510933239288
0.3704801548833514
0.1171784931520189
0.0725072006839822
0.07845673229301131
0.05159276897320323
0.07475739344250444
0.03173203777935478
0.010857092176369057
0.05798578691252621
0.15770711396860415
0.012216686863265332
0.02130862412618335
0.11463080661578545
0.032505825252503825
0.0214103325113826
0.030643247258730022
0.00846657159726467
0.11381223211559825
0.040101203900508156
0.015747078237021903
0.03529631700421032
0.04013411707310043
0.027295773852503247
0.037853203822534445
0.025071061965080646
0.01772312039881742
0.9812273978694804
0.037803230829689456
0.9764414346297969
0.048500178446864
0.11105504002522128
0.3393152954935125
0.24419382755691513
0.9681772757698701
0.10045964632124074
0.10875733792114788
0.022977528503805005
0.19611616383474798
0.04012097588195466
0.156928307142624
0.9317147536545975
0.9930585292272787
0.9514570001714576
0.9838044504995498
0.015024035854826754
0.4585608598028588
0.9816576412654178
0.0036793007832642667
0.025960104033178794
0.9707665682626064
0.9772792324299231
0.9564717332096494
0.9606264863639828
0.9533011229512921
0.9705178651274162
0.12119587413429962
0.3608545724371662
0.018422189239066904
0.02198518251635796
0.1293507625012448
0.025001724038411655
0.1635337717861428
0.967984031958799
0.9522075724336325
0.09404254469657682
0.049938659073797534
0.031175774837183767
0.021527991838424444
0.02402060972738465
0.08688895224359003
0.9573751221301068
0.9932578709775939
0.0358165623457698
0.9754222473312524
0.9801569892991842
0.9612693321930642
0.9752881070571089
0.9824594728800755
0.9722875136811056
0.9544143821520285
0.9500918895241695
0.02876862116699356
0.01556459509143422
0.9758634695980588
0.9651650055620635
0.9693649040062016
0.01710970160019173
0.9583571601821125
0.9544636632897661
0.9487787857752302
0.010633826157526461
0.0565974672110032
0.967127165881952
0.024454368151613497
0.05107790538722102
0.02870487664296384
0.020443325132126995
0.020327430732520982
0.057738118527156344
0.01739124667280297
0.029448264826081722
0.04214587096682827
0.024605835572087856
0.15386911385785612
0.006327860417894425
0.03117982086825674
0.01300322443864921
0.9787133094150153
0.015207081400445277
0.024707570901533516
0.02303646429155841
0.027675017664173403
0.0318786803748232
0.9787301526109315
0.018084369350927477
0.051411834562453525
0.0126740514646942
0.9744621740616544
0.954460397316011
0.06399495292896505
0.9355186166970905
0.08426037255342475
0.018915496448283695
0.08484164573059555
0.9841620878395194
0.6946055587633067
0.08223061161372201
0.9781287326089956
0.9707871645520982
0.08124439245761596
0.041556572578754794
0.026372113398585004
0.006674344444150921
0.02560372096239087
0.9863522962827116
0.9868572577395215
0.9775773355195586
0.9685756101285029
0.11164580187206856
0.9842813334416007
0.9496569274937345
0.9776984032884042
0.9944436813049671
0.04044327733817243
0.9399353889293097
0.03605875694581388
0.11535989236861653
0.9883928145500146
0.9696600997305049
0.945466322737857
0.9601996249072119
0.005586527492011568
0.9374563186884918
0.09731532400837575
0.03500616104445294
0.021744234960585637
0.014672624585754628
0.971605386195631
0.967023849073457
0.12908215951170599
0.9878156392402471
0.9705625401488097
0.10758187778492892
0.16164713103979694
0.9945579483849016
0.9808833465230709
0.9784303627617454
0.9732171094933773
0.8964601260277566
0.9737989654528424
0.9828748205602849
0.1539897314444335
0.11645944753174324
0.9645316809823389
0.9803612657482673
0.9898236042549693
0.9827773297952013
0.005377605789232585
0.013558900940873957
0.9682249677911438
0.9673010058005465
0.9600412845760773
0.9592944039471197
0.9869887355128174
0.9790997801695266
0.95051557593019
0.08769762954286262
0.04047379260147087
0.9788371339525848
0.9546697412157007
0.03548936586159761
0.09624285452941317
0.9838933077109616
0.977667699349767
0.3435264283119023
0.11063782793594008
0.9679391901351225
0.10776196754599024
0.9894933136350563
0.9671350324400244
0.01578334391619008
0.9934385308077994
0.005924471866834363
0.4273393961056048
0.10679019556033549
0.07654931579167541
0.9901219028430419
0.9833080526681677
0.037619751081937006
0.9399526781308458
0.9885602534470019
0.9362131176159719
0.03636231072389723
0.12213294145177908
0.9417881767878613
0.10156250213712738
0.9250655418858571
0.9874759627410908
0.9669549146099099
0.9735495486431751
0.9658038321778161
0.04154242052247029
0.26325536621057044
0.1382065947676134
0.9776951485627894
0.05108356739156309
0.04567406324530591
0.1875912702904757
0.18307424400855934
0.16662842447666146
0.9468378377136374
0.024408467488627645
0.09564711924920861
0.07835687405814801
0.03338947105886121
0.9737892002016969
0.9415902354843473
0.8785286977165919
0.06528320527027413
0.01976584389198894
0.11397809360474735
0.5616523773736694
0.011212080416790988
0.9381412576054483
0.13785740206935315
0.959067161513842
0.3786152188234126
0.11868789705688768
0.982992191091728
0.0212323104016848
0.032170822637121774
0.06701552965623903
0.030938726038025544
0.0037215615590292695
0.022099120506054865
0.9831469437951017
0.1689042900318474
0.060379986978563095
0.03269304898374542
0.9703058533805046
0.06578540541092612
0.1054575280566531
0.9870513475620254
0.9455581077530624
0.8999325131039285
0.0847311511688016
0.2289688201368919
0.05534133475856982
0.3850431598321212
0.04434605941997874
0.16745955823200248
0.11307262772095483
0.40136991868432004
0.008189398325371668
0.09103549297016754
0.04639320624198207
0.10588448552828246
0.1971450271088175
0.15073023609220793
0.044165106445272634
0.028814978369784743
0.07158034215424522
0.006445334039121554
0.07797207470830926
0.9775565429127977
0.7859219159911016
0.07789803572311794
0.14725117230263984
0.08568678505638463
0.1302669564725121
0.9432527774307231
0.8550230508158855
0.9355376637248544
0.06407061838775505
0.9941518495756522
0.1092787880418636
0.05119430305330923
0.9360079656790408
0.0861066366782321
0.09299520835888694
0.07060926368688772
0.2986145222678743
0.2197876375144332
0.05456541198326374
0.07277408940964564
0.044539779144399036
0.4532320711947477
0.09834640843617455
0.13761238139121723
0.10376270124723096
0.1480513068152419
0.04037556041288599
0.1324479284424582
0.13566582572911906
0.05387264693871671
0.07773141494490514
0.07226193281825369
0.3122591053009828
0.004471262542658529
0.2907669461852378
0.12650431080753338
0.11894248237962349
0.152863098603894
0.020240462673109198
0.10109364884182526
0.05383496920388662
0.015274806013565543
0.22572493013349837
0.05833122084756884
0.12320042630939144
0.09776719012372918
0.04581601538388692
0.12773761645208268
0.042137677093585284
0.13220197157888064
0.06391422391892336
0.969754630271825
0.964679724360381
0.08388493424471302
0.13773222872376253
0.030267561534194354
0.7005386051090842
0.07519886972080113
0.9664864872520761
0.04907367232728263
0.028435679943507562
0.011452950488242833
0.023927587054581867
0.14853320930424316
0.13200077710510744
0.004745292649188026
0.016616333856139285
0.9485222528685142
0.007802483712641551
0.045106255330091855
0.05346386247193198
0.021568536581310072
0.10810210637758508
0.006263599762155374
0.020892000947204403
0.03658283897562214
0.9537329140905161
0.03059636372060753
0.36099417259889005
0.07838607531187444
0.014495898579994516
0.3269487400573235
0.09695464737681307
0.009218345750422371
0.025904332852392846
0.2384686222924783
0.0642261743509037
0.028735846527098288
0.15043843248276906
0.005093101564278803
0.04628071912158712
0.035380075501673505
0.009014932409930366
0.09761219270506147
0.03322322130103719
0.05515086112719172
0.915448577578966
0.011293703799128139
0.03679715908646491
0.006006024164889617
0.12875723942989842
0.06861716854223725
0.00785961528159267
0.1140434020562245
0.0893930931756909
0.18049799735935967
0.05558857657744413
0.20852821948704806
0.2110488768142302
0.006558559974761201
0.09501254031938967
0.11317979298609711
0.9518873849738122
0.00744224836285869
0.07239259573459927
0.18452069046274805
0.10792387641543758
0.5808468917113017
0.3132004780174368
0.013195584635282295
0.002323641403828888
0.11679912070056543
0.023771257098136264
0.028438107957329456
0.7822012307904598
0.20883174851065453
0.08720008291258236
0.09502184468465141
0.005532718092222753
0.06346031541190017
0.036523211113424374
0.008844997718075433
0.022898891518139654
0.16374341671180928
0.09134664970158608
0.1335171430511528
0.060240666112843795
0.009401945544126745
0.08406202681776571
0.9723391264200437
0.08201775985173632
0.9693174793641082
0.9965716965358443
0.4914590208824317
0.1220172725772785
0.06544833959177482
0.05650643607472387
0.2139451235795298
0.9947597683751735
0.025139126854050387
0.04090757380858169
0.010457710393998221
0.20343087967327214
0.022813388906428835
0.039175485443648454
0.9774667454176431
0.04939342314057763
0.17165918822226178
0.10515668990947666
0.031001572159795293
0.09894569080645733
0.23891512406945228
0.09041017763791002
0.028444829764479013
0.05896229461927087
0.03287616897230389
0.08377890555644271
0.03435814972974946
0.04907080728028429
0.002267686926390815
0.25257210774786854
0.9554735137380962
0.17104057457353852
0.010092478798248388
0.07636379494877049
0.08477523707809576
0.29720169810569763
0.08990956550318686
0.07359567526564022
0.019945417392046177
0.027687242201552987
0.026954333248436373
0.08320834136954477
0.10818902505232218
0.965798041408103
0.012525063046638649
0.06675437395881807
0.0976969412732061
0.1668746261581635
0.7887659633156815
0.12292956327478882
0.06897679122706803
0.14828868291076558
0.01696798030821717
0.014327625340890814
0.8812194550932183
0.053079482054120365
0.026942276677845944
0.15650431463602488
0.005282826690802676
0.01953630625837192
0.03858341970223486
0.372615062843644
0.064386471048865
0.8694393645993618
0.018358528694482613
0.27538201650072547
0.09657289637035762
0.9741710226436983
0.042354106658303046
0.1430933374241222
0.11844608112134851
0.006787242568279399
0.965411748501286
0.13885709599385238
0.10181589087812076
0.16136863628592435
0.17765301627373487
0.06996324283457166
0.013541914892824365
0.13093758748215986
0.11432511348105237
0.07460255349355517
0.08636911214316706
0.07235547834508303
0.008149064250354505
0.18275090043961942
0.9676592277599688
0.9837423035194403
0.19159988978542586
0.151216335933847
0.055714416545293514
0.03374917297442916
0.033343621935033464
0.09831299644047341
0.042803961749126214
0.07573938281912583
0.1376487924759713
0.11455607757105256
0.029878633178142145
0.011383198748122663
0.01575793591273065
0.01965593145919582
0.9080354188572014
0.0813317009201161
0.7328221272320113
0.061043614537425225
0.054505501577640204
0.010919768172197418
0.04194837118935339
0.05619144038892735
0.13683726390570392
0.044523295642354764
0.9669805303467429
0.14785298791958276
0.07600496172280101
0.007028717542643478
0.04449393696303371
0.9904468067814517
0.037524834353247216
0.11903347147269923
0.8733501123737111
0.032180873410277956
0.004810848486888047
0.0041034681759656265
0.7403920597980034
0.8034462347885113
0.03245601647090254
0.07467548800301785
0.2435949832314018
0.20231892118386827
0.02794442746812064
0.044180661774019955
0.07058793202527595
0.08927220940831726
0.012351526766497119
0.047311846788817676
0.020160088889626598
0.06788572320495831
0.058547009447748675
0.026780378261978925
0.03206608240878813
0.2825143933788106
0.03471767064703142
0.148900602741383
0.9557446920237068
0.012954567936385577
0.005129773048880673
0.03348742562034899
0.9413145654253933
0.9586208853338493
0.11335117837749138
0.037789082824889825
0.017944821098121747
0.021915293207971906
0.12949671789809708
0.09483240491198516
0.009677614925211481
0.35504482377165764
0.036301356662056625
0.3243708881401749
0.07140966052497809
0.0503498376238216
0.12424274939877474
0.05815077489640612
0.4448394826824797
0.5863089069795032
0.07147129591431188
0.14808438098764864
0.9834720517911049
0.06599638866891498
0.04977130938603585
0.014541637391851017
0.035910482652304905
0.03690297791250208
0.011748866245046993
0.009782503298966289
0.8235392750528132
0.02432944937369835
0.07842433561257259
0.06305066207397025
0.03332450663578461
0.8925612628731092
0.07548655047170542
0.1279462993838768
0.9605271300270385
0.1069342976614887
0.1193623643163186
0.3341373265098326
0.035175331368216836
0.16594963312076058
0.05612029857821047
0.011633774627405252
0.08932522454106395
0.21386305557549168
0.9568088682736914
0.055828433551733746
0.017169830464501327
0.07812511087811558
0.1687687821537507
0.13588570657028043
0.20045537025667837
0.06525602507598786
0.058583691588863306
0.8604045249234381
0.07475720741585781
0.023815125683956367
0.8820069457362498
0.02810929169167157
0.9548796175493872
0.986456494123958
0.00919753903743846
0.9300124078311429
0.1103964226355425
0.0726285666350333
0.4030523053812066
0.010431849251087965
0.059331572688415934
0.01607320432061034
0.03227247436089684
0.14556532216779303
0.10494284149433708
0.1520262156144776
0.08130365264908893
0.08827377883886675
0.22317233580208162
0.17081452049356557
0.2440542919345907
0.11520621407487303
0.00975437887236164
0.08038039775920307
0.15838629005098334
0.06707523272993285
0.1283619823784166
0.32743521619905436
0.1055121639661467
0.05783304551820782
0.07820563833403352
0.08731985298684661
0.04210117573082712
0.028761604564603985
0.07820563833403352
0.14381025452356738
0.0378592345231855
0.03151480090218354
0.09098748132142724
0.45833452854347706
0.005143373343119439
0.16067636463495544
0.05083917484491306
0.05224457354975571
0.21011412600677828
0.10989104928043318
0.10827835947644299
0.05543518083568783
0.02074098955275792
0.09004053839254694
0.004205418089435267
0.021108578704882336
0.11521615049508076
0.9538156227564863
0.1990067421426138
0.24878770788515303
0.08788902477852939
0.02166618165925479
0.12060336050937016
0.17123812573285463
0.171401801534495
0.05461725850946543
0.13342841002914815
0.17512889617940705
0.017031259837128807
0.14957118259975508
0.36702142306195784
0.12337532253862891
0.4099478174687793
0.46649717915307015
0.9456200522222831
0.2679438307811797
0.9340487358036373
0.9773775378753284
0.22327817283410023
0.2091510931685168
0.08405825973061756
0.9579672729979026
0.3994978223384145
0.13239172199110408
0.17084340847994336
0.17527678927707668
0.26846112506621755
0.9816870918250616
0.08489147318440635
0.13133123965994145
0.972080275494054
0.24994329308690016
0.08973557644593615
0.10526867690302746
0.21635180472147358
0.1441952408553459
0.9066648767654101
0.19004458828379184
0.21613801199706417
0.14838327091277145
0.0934493924221997
0.06485505198716851
0.09636791371938665
0.10678063572232897
0.06450209483705958
0.13879726948139476
0.012716733947848939
0.05258780828191507
0.09436076401888853
0.0719396537063047
0.1539858724392597
0.9751197176952286
0.11535412843472158
0.035128022650315255
0.07290277513378073
0.15317622317744303
0.9052771660454585
0.09506799224119543
0.876815978960448
0.7743048828931872
0.9513714232658103
0.011572320726648428
0.058437108205543556
0.9411737006570656
0.10363075291975887
0.09287294601718392
0.07246377175116274
0.013065166207611386
0.07058561417949691
0.23061051043748093
0.10161277104202751
0.18365945804471412
0.9770860074737188
0.9572556125367566
0.07295670005611747
0.1040946156973976
0.17838469394492826
0.02178898171464399
0.9374645292201113
0.08930350868216322
0.0063995032490949035
0.09898772091625441
0.14316938979708368
0.019648165409808703
0.11947431596451505
0.13985264923030577
0.08303741000112085
0.1293865511835845
0.10105496883473371
0.12013541436043133
0.9340677537487385
0.12223723109328379
0.9332577390314496
0.09684957956377817
0.8524242255453577
0.8581692839374957
0.006887985214436003
0.015078838153310003
0.06522620083178873
0.009067514925473
0.22693010234036046
0.012385765354320606
0.040293277334327235
0.010962591067958233
0.9591498357264335
0.021762589780596968
0.030054942616138933
0.02231097172124374
0.016460906388046082
0.06652300175803902
0.01151699728247827
0.011909575023340828
0.1798984022716947
0.11273507413903944
0.04190238648566611
0.006649097835864725
0.11263881177430188
0.028931417638135566
0.013244510667052997
0.019619205929829967
0.08894585039809466
0.13755563457434206
0.017710422770121168
0.06469779730401647
0.014220505463588818
0.9694898314813976
0.008458422818754585
0.030877685770577073
0.010429963127341329
0.019944165961366198
0.02295212820603228
0.01482444404705495
0.01266074966119859
0.12462795802197592
0.0241424521405924
0.02882339773553684
0.7904661874398979
0.09529176468766067
0.10828826433830512
0.7511298705880344
0.9416173429557403
0.04264702561397184
0.027058903078313642
0.9549458339485962
0.03877689144704617
0.04001516712205704
0.01294771685849893
0.011417615504277364
0.9863765553915458
0.05218744507074383
0.4295134087598738
0.05109991674857229
0.9852385790363566
0.9795250264578051
0.0681277091017349
0.006376091692537606
0.0842490844073595
0.09339571595116127
0.028767378609722418
0.14702734756894603
0.07715886834641132
0.9775669040744547
0.20943662431059934
0.1716042007871905
0.1363845758272755
0.4019194441396506
0.14271519967880686
0.0971671716113091
0.09470435657255141
0.08920133481451877
0.028466711532805892
0.9657095699025854
0.11639384364564251
0.037620945391416485
0.023968581423056592
0.034731588839910774
0.005623733423042514
0.03997962532270136
0.04986732885356888
0.29783582141916093
0.014320464661987645
0.04604581323709109
0.04034053226094909
0.08422344547332652
0.06796439799376267
0.030619229797262483
0.02684855499334207
0.010236598165933591
0.9402007051816283
0.013560502508475758
0.04634059094858758
0.052602912368258405
0.09625063192451931
0.052962245199950256
0.47786375881165905
0.8599869888344539
0.0298937045733284
0.009589650070239262
0.06307634767931292
0.009578976044867508
0.013479994185952759
0.12472994981583199
0.021886746871640293
0.01170015141922398
0.005008781243471286
0.007197013320893848
0.02077563412455354
0.025612994041682206
0.003686490686373803
0.0021951408437615983
0.04214528199795764
0.04075589579551971
0.18449351289066365
0.1890402867690099
0.27521502087374794
0.005354145473112288
0.004503097270949765
0.03749721526937325
0.01589643877709416
0.009058608102630223
0.012878378292559167
0.016228422485864095
0.009837128280662289
0.2852608322700795
0.043666826666340475
0.017909132787574104
0.01182578360488666
0.022858269880759244
0.1663884916303321
0.919939752175494
0.9183594067387235
0.9929846817019577
0.16686906370124363
0.08861559397504079
0.012687481414418706
0.10358551002753487
0.1042004955598215
0.008654423547850452
0.13577635646579572
0.9757233192173113
0.1301977672744401
0.0075012056602707195
0.34289501635718894
0.008739402398804254
0.013886448640698766
0.0216760218753594
0.03699862801010786
0.01606087182817224
0.007365179440536744
0.43522828817426534
0.07683687074911498
0.020763881848891812
0.03418429107361511
0.020685039474783482
0.007260020467502396
0.16954363156276603
0.03773959471835244
0.13094401132944644
0.9353828985514853
0.9760102644620317
0.013820315349767293
0.9876417172339859
0.977489921016676
0.15250389034541975
0.9871408416801416
0.9874738997623044
0.9812841126084385
0.15200511168227837
0.9815464206326524
0.9774981683200071
0.9848689411534834
0.9855577325310817
0.167425686454582
0.9860562155528165
0.9850494742501452
0.9755094008097627
0.9806300399132594
0.9815828101310775
0.9493559285211534
0.9477308469077168
0.9476985689463006
0.9444135610630054
0.9899436043164437
0.03577468944330818
0.3170239918661559
0.21593830203421177
0.05118515069454958
0.989619767658724
0.03078981487348259
0.9526778881413484
0.97010658341448
0.9359739513342229
0.3851384967255938
0.2042859300192003
0.9748430961802067
0.13405686378874893
0.10916324645414403
0.10028738539389252
0.07844636246347238
0.9951238030564629
0.025660527167742773
0.04842350946639015
0.48988432105746016
0.22279639763665662
0.32315216230233007
0.22574903869518123
0.02470439023540473
0.02148207476651238
0.010975043730075108
0.016757893055884186
0.07930753220893672
0.004398853577259772
0.030268331274472104
0.3844266827447935
0.35960206420661867
0.1466622968692582
0.06737653917782466
0.9846729635693907
0.1260946495428211
0.026853396601544476
0.12305265637113927
0.022311883128554148
0.03730054214978161
0.06528490824080002
0.014666699530371634
0.27112242564001215
0.01240969777021114
0.17663954886044247
0.9255705935701458
0.33547504013093044
0.8123339298680166
0.06447408916108273
0.9892172974926603
0.7861241289067689
0.2901573311212824
0.06334642807792015
0.2763414034588267
0.15682977364686643
0.16976075470697116
0.22879366575556218
0.12173401190719553
0.15316773320234744
0.1986354629498315
0.058083457852136415
0.17382342487800165
0.18385432137320507
0.45612887277922054
0.9795954215353161
0.1267458331966014
0.9873243985034889
0.2412371882312052
0.12284325897817114
0.14973663354420272
0.02121597946626207
0.06997390428936168
0.03151102225224619
0.03970789265014348
0.3890147681459376
0.9608732086273573
0.02430136583962622
0.09638051819743762
0.09618645036964894
0.09622421201904968
0.09075621034466679
0.8808558198363055
0.06039487272185005
0.06844182015997237
0.8403516914081692
0.9962425769347546
0.9528569831236702
0.1472240688056157
0.0858299437757524
0.0657111929616368
0.2147811391652985
0.1294706455629939
0.3784560306078556
0.1475175777684582
0.020093129801140357
0.04594772294722488
0.01478842961123723
0.15643168190251036
0.0790368379483696
0.0257385575628498
0.01231869876326057
0.13797055498597896
0.15672824117889578
0.0239606999801769
0.08073817673272046
0.9625105647698623
0.054267130902707766
0.04213366235791805
0.19612476605747392
0.009278778046651686
0.00993802536198796
0.08447999577524952
0.12719395829851285
0.021350273028930646
0.09947674919054443
0.011524161873511848
0.1218539484329276
0.15674587969488205
0.28749632562052296
0.06740896653043657
0.04099864744851184
0.06506903486037183
0.19972342095237136
0.4571897507958169
0.033909173360167334
0.9055748593263916
0.029237098112777946
0.04969088417089421
0.029755678679538357
0.032443637787252184
0.013678224273116553
0.2004170703712649
0.05655283176224907
0.06285785589577333
0.11757594119337317
0.00573124269258918
0.2738554467266911
0.9550595119033889
0.17253183015067472
0.020827168432279334
0.04056936676092347
0.03242306940221881
0.045923924227793275
0.02120948309858592
0.12818996023957685
0.009132471654276254
0.010231059642696183
0.007207711601559241
0.13427031234012315
0.044145509079955896
0.8970412763839013
0.06555652648104583
0.9603853222675268
0.9517239620737801
0.9925675521987665
0.9231600219985658
0.005226668823802044
0.9873516365545448
0.9486334406826068
0.9610859815328937
0.0294308941658516
0.004729547408146995
0.20915126468819295
0.1276090784486167
0.06414381651150929
0.10917799319787531
0.5207700488200155
0.09550255168857019
0.0368887474804316
0.04182361458324257
0.05217475634394743
0.014545157747794087
0.04220853572007139
0.04148886046896122
0.04022146556469846
0.09500148760751251
0.16179218025728379
0.013436772805195696
0.018191570719968134
0.9715438267385523
0.958810547193237
0.9906465476100673
0.9909233881712242
0.9592138094509998
0.9671558259670072
0.017566522804770127
0.9209017145621186
0.9831419214523162
0.9647857762108866
0.35950545118930277
0.9800529824279034
0.1198070995346444
0.9909912720165085
0.98441381425468
0.9736414320687743
0.9536142322741691
0.9530911591132034
0.9363189707454628
0.9658677445078445
0.9712072073283858
0.004774812939501445
0.03152273688387026
0.9810207756113507
0.047547483994306715
0.09623666493712921
0.023270506118417286
0.02124519697319668
0.11045518842611272
0.9684117131920691
0.008606776299481747
0.10016506283584953
0.01462616162914131
0.0032678072277183196
0.05978466398395376
0.011930240895853787
0.05793701960012126
0.20060531096970324
0.008167043099929838
0.047556831578147996
0.0846355637265888
0.07348116649925353
0.03845736595820915
0.9807284565892093
0.08654697497627936
0.9874945856040285
0.45562582788929773
0.04727151806088916
0.99355068369161
0.984425022708563
0.9930888685364917
0.2534272850534128
0.9859117352775365
0.9831285188310388
0.989012951592901
0.9816180483694282
0.9677665668206137
0.9654567702262583
0.24385679091142407
0.959520224391583
0.14012255811996965
0.20922334838418236
0.9823672821273021
0.9779321327933914
0.3133266264920473
0.9611874918864765
0.06744671826738094
0.9351804528635909
0.9504156053098657
0.9558867729693376
0.12265441250446636
0.9764854876646606
0.9514879842354155
0.9518868260214385
0.6338735648218083
0.9643801195717595
0.02048094696950074
0.9835274840489806
0.944299770983959
0.08455616983410277
0.9838564896210266
0.4173734637733489
0.20460240877372965
0.9762427519832422
0.12368329056620751
0.1394617365887869
0.20036927780307615
0.1456698059226389
0.036852007824343815
0.08633560752454095
0.14124167933934012
0.09211889397839934
0.09124709617213914
0.9813341215630627
0.08724688211206472
0.09158402547630434
0.04873238116828314
0.15930511559798657
0.05330274010304643
0.06757507869325567
0.0358324537383822
0.11495920914774693
0.9559870924772181
0.060070581382924294
0.09804349503337531
0.3523328817586361
0.07713503810398152
0.39651629346631095
0.016842322094146135
0.007034923434963156
0.03563605083709521
0.16808572556489515
0.06154215504516461
0.0868608254051325
0.09726234049394926
0.10146645318252004
0.09456696659893238
0.011878306836972696
0.23865713458104185
0.8736841271803831
0.10065196938930737
0.024432100301496586
0.11146369919587297
0.6219353454244854
0.11641526241961676
0.12461158316930464
0.04666582444831731
0.0028406688110371517
0.9773990054020087
0.10001540435951219
0.3129477714401233
0.26217530283750545
0.12573791034528692
0.007549720157467631
0.944588716827881
0.024300325191605347
0.14995795441621187
0.018920756518159217
0.04791963713900859
0.1261940625202902
0.12265251889269663
0.9541627714565486
0.1590827051961887
0.014172301609895285
0.018348577440497966
0.03503795219086453
0.03814142309745543
0.9505887725683381
0.07924940470411838
0.1107106442397934
0.11580332081922703
0.17239036745497438
0.009145704961616426
0.09896747805477639
0.017032589764254397
0.9730747393157809
0.04302578358296713
0.08914325174797308
0.30785825091465985
0.0851306937618503
0.02192417505454151
0.02637070703576139
0.08442527154555741
0.9842876218169502
0.7877807635043393
0.9774215191155818
0.052039442179468126
0.06489068929709767
0.04247651340515187
0.0672137737247339
0.08632144328624124
0.04671354454634453
0.2510905999602523
0.04222480600529979
0.060520036739018936
0.9939248297144662
0.034077235566971835
0.08402371805805639
0.10910681797662675
0.03607074860932674
0.051611939658563616
0.06308015572144988
0.1340226028482605
0.642258947418834
0.06354901099738834
0.03890499026216854
0.15390850120908728
0.049477096056605004
0.9700973317864537
0.012311104119754996
0.17578374689197923
0.07712451283833092
0.10246754238550956
0.21948112943690842
0.41645100285060704
0.2156181950642967
0.1443442155439158
0.9214711384837411
0.012392500392838058
0.023399413613147065
0.9664328944385576
0.06296193298273912
0.12544607211065806
0.46472752069457773
0.01817976620220849
0.01720300214624425
0.026886291382843097
0.07780614132983328
0.1217759812938191
0.05601696861030544
0.10288314386330555
0.044631454962113945
0.022874923157601954
0.011562981348797992
0.8994728910532259
0.010867633941269234
0.18367656322328602
0.027677991442890383
0.013353774516695612
0.04560791070584048
0.010538482917373141
0.005748125465788997
0.1321223661440203
0.007254292295199178
0.01604430409905781
0.03026322811198004
0.9354888011497888
0.7909115724883156
0.9826558794689203
0.9232213790836103
0.013339179886989199
0.9399508254615007
0.9847427434193654
0.019599974039480546
0.9152216367402679
0.2662335586528037
0.985052752582682
0.4645152428682407
0.08918664977791203
0.9755167007662097
0.09963507048099325
0.08120487324521787
0.22509121941846574
0.13643347867729771
0.08783068697328783
0.18836086857407386
0.07534093691671272
0.06804620542708796
0.012697625520084084
0.922942664478358
0.09417520122577887
0.054289691354257485
0.1606808767097265
0.32169812398729625
0.12937242995483478
0.13050828273965223
0.4641582182435547
0.38672968324308443
0.002491535271320168
0.14461795407566566
0.09568318493285517
0.1230621822838375
0.030856551691336755
0.4109916575511729
0.12693497957181288
0.0808903350144471
0.8830476595626309
0.017301926906152794
0.10036641783895127
0.13081200302883073
0.01753407366477193
0.02904169251634984
0.01385435587186992
0.5901146492368017
0.948958866490295
0.10302032999469511
0.9473401834612152
0.9581861358015367
0.9382678407632814
0.010434544276332893
0.9262037942055765
0.9492176697466308
0.7474553445865134
0.9928087749851715
0.08787228957597211
0.9179261317064321
0.9491431584085358
0.9483763146260122
0.007263938754397779
0.35611360528971636
0.08260391675377693
0.05451769174800081
0.05233230768258448
0.9901431442035169
0.09568357967639536
0.9915481809921257
0.979973233026814
0.9014838406254104
0.9289643852396481
0.7933561465841665
0.992937347702147
0.9257707270201931
0.13993071961270218
0.5148596849897278
0.9333952870868081
0.9982460976464552
0.9033007590886706
0.06631428840285658
0.9275792549833808
0.9401949011931167
0.9001668637015328
0.9316219504522546
0.13036664229196981
0.9116135514396817
0.07350325383565748
0.9842049976524925
0.22504884681277873
0.9173170287711234
0.89743554798887
0.9228729536131107
0.18884020523034564
0.20056936923171328
0.11586587353638378
0.9107171284407812
0.9932325260618714
0.10143114535558176
0.05504392551167245
0.09371157465896893
0.14624256416134948
0.008630503168196012
0.09082142079565354
0.10802276068155693
0.09121326891064267
0.09731149835104207
0.01737613168845112
0.09617157396321784
0.054141169490978275
0.02778068374388439
0.05486638644840728
0.015982899729217244
0.049471028240126176
0.12247384694184223
0.9596752347760178
0.09066459822094401
0.011708133457109662
0.03940543291118143
0.11124263525237586
0.025586832659036093
0.1513557579175654
0.8249609065512175
0.12163045674773432
0.16067623089588232
0.13715620450349977
0.4543556461252683
0.12623171303228695
0.18476319872345312
0.0928360185639763
0.019933942034187357
0.07528423790311341
0.9584762014462469
0.8910410171014734
0.08931068952517171
0.1639737934735959
0.8093050684448624
0.007675757198336633
0.8991870980982357
0.006672704191539931
0.10356402911120818
0.09784870246926976
0.06983970808085915
0.492044722429619
0.4290519550090106
0.0670250663352398
0.10490186617294806
0.1264961933428572
0.287177958389367
0.096868430594532
0.02717642689430357
0.49716805701843403
0.026746631392184413
0.033786794883692996
0.10098044821854178
0.020539639020412122
0.153000520631051
0.11892382298913085
0.0700847289254234
0.1527878590755676
0.20300545160731007
0.03152573626136846
0.07756153685098154
0.027085809441788122
0.9418170245743802
0.0455783403280466
0.09688718856031424
0.04629796275440246
0.047146000354438715
0.1085587483638133
0.23839309513476412
0.06718665485834367
0.06878521667685045
0.13951356034614557
0.029135612795078696
0.9133256730299006
0.04431782728290146
0.021886424513168187
0.026338866348643252
0.31575685955459654
0.09691366493982531
0.06098868165097469
0.19739362430480417
0.12680831808868806
0.10347754108155552
0.10403585709164065
0.05239085490506936
0.08512042571113645
0.011348634347109537
0.04683986707217093
0.031319483465439564
0.9664485332439412
0.008185458178541296
0.10864942223439245
0.02304188964760147
0.06787584424446522
0.9823710146754369
0.03490145624296497
0.06698385736577686
0.05695367855533995
0.09973712319863208
0.042883659614966284
0.058031850883830935
0.243562577387504
0.20045735379729665
0.29177759300964257
0.21115723581934312
0.015442364441451155
0.010219295093061713
0.019937290097002205
0.1118687887723502
0.22803180140306917
0.02449503535297414
0.3347550998038541
0.021581373077074573
0.03155329096531298
0.0447343617101518
0.3096574202686201
0.952681417794083
0.025625485959774135
0.006113236877812376
0.815346178772851
0.12972871544995646
0.03208215972043954
0.10055132437478094
0.1088928648173807
0.10089708276507434
0.17587503330786908
0.04671367360735701
0.08700359039532184
0.024541196153833066
0.0584747425339722
0.005663173651051404
0.0060390758630785345
0.18866485948386083
0.908188589442992
0.06160675329368106
0.03725220876226164
0.08360239223282913
0.04686752038488352
0.030715330957232823
0.03177144260587258
0.06351618534116958
0.05644351435760563
0.01225552796396288
0.5000324633821027
0.018478282307430566
0.0763795411490942
0.011012471818779384
0.09235685927240556
0.34830114028430686
0.008974855028863875
0.019291977153463157
0.01895408498631257
0.0215792442037647
0.049174156638419265
0.08602965300333107
0.10459214921974376
0.03844165342122912
0.9754291063346263
0.05150377306597409
0.04265588212256476
0.012329357211589762
0.04645467380151526
0.34020966867795255
0.04130391902926253
0.027688602749374683
0.04285860042077997
0.012130412900171403
0.48974740417631935
0.07286490083678318
0.03148745603553701
0.46401241950955935
0.17760614866382912
0.05554229678681245
0.32493991357243635
0.08184636496316974
0.005250002191234878
0.04018653835535774
0.7642728064072778
0.03124488989508501
0.02337717737990019
0.01691058331412923
0.15641123356452089
0.32620953606837594
0.011153434059817837
0.2526845792998317
0.015056716285522418
0.009852785553872541
0.9582601636440373
0.011668363120851911
0.022314272068156397
0.021622650046533333
0.8654884383803635
0.9784160485960053
0.05372894209651534
0.10921355022229631
0.019520122493906306
0.01255704512133782
0.3908177371848945
0.20514464979774508
0.21565341304359484
0.04622351251539207
0.04865284043578591
0.0502240671857709
0.024638971943853595
0.2716968920151368
0.04477954737921323
0.00913639472102603
0.11372576856842447
0.04519254952512099
0.21620982010215786
0.05334723842344556
0.1674827762325066
0.30372716210560574
0.14499818423113392
0.4225583793879695
0.9499715186426652
0.00764662647582831
0.1517755314527064
0.34736871113919415
0.06779322025549583
0.26697837292141974
0.12479795369306475
0.912660192883117
0.16868676612375752
0.09877287221685593
0.033013416089509987
0.07323148694450532
0.5419227761102351
0.09729477723564907
0.3868751910121667
0.05166806340083892
0.42276880640804165
0.008348515249539962
0.035826081987761396
0.4876939477491251
0.3095602043274093
0.021219611050460593
0.24688268285793796
0.005482210272191634
0.3447785616285837
0.9793815641282172
0.04691229562299831
0.049096993025319204
0.04568353465870106
0.019709924526951403
0.16037129387676785
0.018349144132515476
0.07828855156107468
0.09638916645101522
0.007137546027963438
0.01020356707824835
0.042568150582366765
0.06027414087012809
0.05098077812888856
0.9253141993929377
0.032818478432014866
0.04147049343608515
0.043876971063294766
0.03652701361621665
0.9512298366850881
0.016622178942472712
0.05074790619421436
0.051806763897262895
0.03611030294559691
0.06607994426436894
0.04390854767145336
0.9727349587930259
0.02510721725886627
0.03587043175704665
0.012088370860254372
0.0605699979870467
0.04999164566274428
0.043639581951707446
0.3116495034229631
0.06386774480248855
0.04205005584062276
0.04046679750228923
0.08461245993176424
0.0420247157492345
0.01966363879841704
0.13327312183723422
0.11170469487890373
0.6372870219426685
0.24193886095164344
0.08543730708024645
0.01367708461152307
0.1537833754826187
0.026993405360360805
0.03552333389053109
0.0128901786020906
0.04324787764674243
0.10141421728822247
0.21808265467382956
0.030818887558160077
0.005181580375877797
0.010325506979558124
0.07611805639049694
0.03585740166343835
0.0614356488081964
0.02134514297807191
0.3382488681152556
0.00753462105503219
0.8954896640360147
0.29929913512832346
0.015892600008814168
0.07910037641422199
0.028013365390467296
0.12091541243811259
0.039401832245698286
0.19429702998799703
0.10553375204892697
0.16274881493482932
0.0012498462107079277
0.007201765113798033
0.09829846074343626
0.04130767367457027
0.011016043982273137
0.2701517018903253
0.01549837296126238
0.009967098866229086
0.016703677749426386
0.07728210332527363
0.003234115680584093
0.027137759261047754
0.07612694108373692
0.03979301907087425
0.031285212949403056
0.0711944720082061
0.060809739465481544
0.00750335955959702
0.040463070828695165
0.034840765355280065
0.9665489375315243
0.9445288277443565
0.016132532814847982
0.04988950451258717
0.1526282544824218
0.13713443242237913
0.35550509524418294
0.3433223940942555
0.02113621644942502
0.0026270779978881517
0.006577558354001518
0.00928362525489955
0.0022163901904161485
0.07751361925461671
0.06743476890102741
0.032104202797011316
0.010835679735726703
0.024339984525230247
0.03721176386324853
0.026628735186329217
0.0015105995523459067
0.03690472317994721
0.027011248484602447
0.031395391992746886
0.05964245470280234
0.9797298475175652
0.027412778062210017
0.008821101959248035
0.9745781728636654
0.049921839115015736
0.021018825136411835
0.06404399027191528
0.02455197371443623
0.030763352683082848
0.032096172254906435
0.08169491239824954
0.019715302094128567
0.02899806400005494
0.01983988239752202
0.3162223153935369
0.030884890459868725
0.016211897182190252
0.9433869932566034
0.04319269457185606
0.016969226269319848
0.014688096912532192
0.027220928127486364
0.037700973199855894
0.0063568815845356985
0.04961526248819171
0.04322217995171197
0.005354459633844233
0.16608992606114592
0.05636002396074886
0.27858901616068615
0.034383416930867786
0.011336509837448655
0.7968512109346032
0.0649073179715272
0.008060600304590873
0.003706952550200796
0.010751179012169433
0.0009684876591367404
0.015631337557591794
0.054207988157545905
0.030842629447005374
0.02170444622615649
0.21439297421187586
0.01805538912893411
0.009363789708859455
0.003834413618241551
0.004527912955060492
0.01641509713088491
0.034748180882158634
0.008186415419294026
0.004047852461825895
0.0018500190102669592
0.004686769776809969
0.04560619724885322
0.0034813743256418895
0.018817162352515935
0.0033206706344449145
0.009694554870450704
0.024135898282711336
0.008082749538060716
0.9204588464234265
0.008505734410074612
0.9077999027853701
0.005703812322283098
0.05700435818630405
0.9313554460601121
0.10618558768755333
0.06484416694740155
0.06395965311835565
0.2722033428418467
0.7923737043463536
0.10626024713595793
0.030248076909899602
0.1289260274282953
0.055516226983075394
0.992548305101133
0.014219935320968937
0.01722593277690194
0.001217924512336623
0.1978118046895042
0.005514853731641207
0.0339034005731933
0.9370338982725693
0.050253456648941465
0.925837924242625
0.9511639183072758
0.8710767237860607
0.8881695710132489
0.9456567171228462
0.11603903736577482
0.9929664565367502
0.19901400520699888
0.05228634413781589
0.7306361463208213
0.07074055333943988
0.9804380269100251
0.2790290900075212
0.09304882972195791
0.18039166736714246
0.050196778059996436
0.09572710290862672
0.003885172209099159
0.13510766772072139
0.02384579879133455
0.06750298151875359
0.1284845487402123
0.1562753066797497
0.1290907743995439
0.14074476627738144
0.08182533382040671
0.050812540360558676
0.10356402911120818
0.1212378293375993
0.06557017283555587
0.12501882501585143
0.035391147657754404
0.5554775813086955
0.994337269692732
0.003489141160462036
0.9499957006941162
0.10763477229759343
0.06786420073991445
0.07780184113569232
0.8790188429643554
0.06017835013576708
0.028995206513785426
0.06760832234634472
0.14044324163221217
0.04614476805259756
0.021900675027130515
0.05161815165632892
0.0054089985343153445
0.26218923111948655
0.6903491182377299
0.07913399860352151
0.0028448554508748733
0.03976318070859632
0.036661759151298226
0.9018683516370203
0.03462561624652584
0.3406255234282318
0.3760525297418473
0.028162579116142516
0.05600556419523267
0.06431948415924932
0.023836630308951303
0.9681536651632974
0.00855541955455897
0.042158367055612114
0.22996019671630274
0.020647670225290068
0.31965003387799795
0.35328302370453596
0.017591151060522545
0.05818938452749165
0.028171476993703044
0.18159881793606558
0.06825330567096533
0.12958588481082933
0.02895298004285294
0.07238671773737054
0.010996956525752574
0.9462570533826475
0.034639057702565985
0.4837440284279449
0.12267229899850086
0.9851576013190224
0.9893843758787293
0.0034670670873102665
0.7496766918388034
0.8691504355156573
0.9479722503549225
0.9453835853405829
0.9237949432287365
0.26812473069021
0.0013031784753076362
0.14095585277672476
0.2927448783187019
0.0018043548846521551
0.9794524092945858
0.022221592872071656
0.002773773334291747
0.039333571268119
0.030008753621413125
0.18118408699152375
0.015598856585945684
0.5777332026266401
0.02752751576113585
0.257708281665602
0.0516549776046096
0.003892993422214745
0.09323898445467749
0.7903341437149941
0.005935692598719706
0.05259297645400818
0.021864147512876922
0.005613452056441537
0.12907984599734423
0.017717786229538224
0.005000626073079606
0.18913312050126885
0.06939955692110478
0.054946498094444095
0.1592687242808538
0.9890312229223154
0.05712371277515164
0.054977339123208395
0.03717249420951212
0.994157055075651
0.005154751539532114
0.9916543513506211
0.47033383803351725
0.0270931006169456
0.09820716854739885
0.030542565241582862
0.01793305607924969
0.22607269148446452
0.03411067329806697
0.024454288223085405
0.28915503981256874
0.05760296480056427
0.9844353495136692
0.8604461228885626
0.9885527476134206
0.03230458894939693
0.9478996363791937
0.9307459745898501
0.9893378769417772
0.4862812255125811
0.9873608718607266
0.21477992640383337
0.9349761108400468
0.43437441902692037
0.2682804941175888
0.10378951234793292
0.05720970409513046
0.02518240643770178
0.13992912864987245
0.02678933036233598
0.089406226887598
0.28732637963620317
0.911634763286686
0.05316748752466986
0.9508810194701717
0.04605612809787376
0.08745449210293
0.13664375058500375
0.9814030251948815
0.02904243385826331
0.03876370958468041
0.020895165954320165
0.16528370612863222
0.06159138641138122
0.15130776940814744
0.0822409212524224
0.18445614915717706
0.025993258494840757
0.023307114794081766
0.10732630987624069
0.1036826869670275
0.03269901235271399
0.1386976529191743
0.17384546974742884
0.12701530728896962
0.024630031477037354
0.033202654635368874
0.044603192403354266
0.004020150489227877
0.14140847872407838
0.020662425337137354
0.47485740918945635
0.11820693096111064
0.07210947867279816
0.052394284712803454
0.022747070965296247
0.03983063938576859
0.004331108857416673
0.06217131553338412
0.05079547779592298
0.018143580344588475
0.047800579826604406
0.011622198306195071
0.10773928684081849
0.04521160051989761
0.14860041982745112
0.006589617520901016
0.026223011313999803
0.05804319784201562
0.2138322906978763
0.014972897187475055
0.02311764198000581
0.008750005444266268
0.03945998046552611
0.007628758789901707
0.31046109079877443
0.10711467382610344
0.041284909241099524
0.0174312786863345
0.007262424315536407
0.10635420078401478
0.07007861813146446
0.06370701336035585
0.029096185566136024
0.1681287587689874
0.06930447476415365
0.06677603217055288
0.06057657273963881
0.04795524112617472
0.0856268594085296
0.284709891944087
0.027252307910700182
0.2672470213608281
0.03902977651200616
0.2589040364174676
0.044032715933381074
0.004447900295006083
0.8111013673654702
0.03852621986739192
0.03979451121678255
0.04791995800805122
0.06722228351400225
0.05600398704559614
0.04899325353673645
0.008405407695822886
0.0028301932772143027
0.10043182651302988
0.004165103079549268
0.07564621534375204
0.08023636145669633
0.09472909947707518
0.022408321523993545
0.04869080966251882
0.19543620016122118
0.17109038677346367
0.035047895960314025
0.7505390465822527
0.025154976943706497
0.03133552915905933
0.08382193607615197
0.045820229217608505
0.9276003936448964
0.061975755609003653
0.15829845323861913
0.003799579513207644
0.03603651125933093
0.01999268582854718
0.0060435161512909525
0.0277212635218909
0.01795485765502078
0.04523289108661411
0.9757233977196549
0.08207022646766114
0.08020543143229081
0.014462944196606058
0.892139758346066
0.0832431575271087
0.6924563545890771
0.05606998650537334
0.13933895507604083
0.1142775284509729
0.005181981955645912
0.27855883580891666
0.12025390302909379
0.9776883000168568
0.01268441378681236
0.02248928721056639
0.009735125866991007
0.05505597803511418
0.011632818922149358
0.028704340830278622
0.05332704323838717
0.18721175357526715
0.06053843727899106
0.025317841657355775
0.030088076129364445
0.038815716006414085
0.01815495348924185
0.041183851596013225
0.05904114867076195
0.2843510369889638
0.030921259015884044
0.9827617460892929
0.005823814708553127
0.942532890290894
0.9413026131032538
0.00945704289613403
0.003813268975909661
0.8813217006273275
0.11492382489930343
0.9870723620710489
0.020689902910483386
0.9266790832019383
0.9869370489512549
0.8913423805088793
0.08768555420077967
0.09950108820168461
0.06753922316117292
0.07954978283450746
0.07262990051601076
0.9482748093910113
0.9457758886616261
0.9517686424642828
0.1503071549136895
0.7599310358988923
0.05175580549423782
0.07674180963583872
0.1171331476468638
0.048980086060437834
0.0054114915025873156
0.4780307947074689
0.19791189690548797
0.018183180108003197
0.015059152317242846
0.049560686626545086
0.06727095966614148
0.08453767558989804
0.028342553743768293
0.10600058374454208
0.0025034356366074417
0.07410191259953189
0.019719117587729307
0.007568870033013411
0.08745048814120622
0.07723293901491315
0.13208489704227802
0.08304880140528334
0.06856052366558674
0.093809781708749
0.17313966034761835
0.0664204179324888
0.038431875804053196
0.023407940489991928
0.033601364378162385
0.07505293417243852
0.9383209333697474
0.055081202497608804
0.0035260033741076084
0.04023511553490603
0.0545260623874534
0.004521344070307031
0.13558896392039033
0.022273410837424276
0.324932670718362
0.05793689164036813
0.7879634894771919
0.09563046293030128
0.03748404443407456
0.035055414141029535
0.18984902599198386
0.011664455752403097
0.05454951476690306
0.036369226903486894
0.005621507829175812
0.02210369629843595
0.004104386689222546
0.013029365867861003
0.026931796736634563
0.004362317810825003
0.004369322390888046
0.03047221662959702
0.10977819014001892
0.004841103443600753
0.05472333464871416
0.03624913308612625
0.05727060527241353
0.1891561053324811
0.011315861937555812
0.1458674360243836
0.2458194740796169
0.10499519738997137
0.023893384998482724
0.9960008625770351
0.07801405191773307
0.23497402912112167
0.07121665377619177
0.10661989544210193
0.03761518288971266
0.3657338279809961
0.09810542803200574
0.9941855830564139
0.9510072718515089
0.012176607728829517
0.3648206345359117
0.0624763239916533
0.016837702075020673
0.019187833167116985
0.028494025968086166
0.01231823407323139
0.16594642603366777
0.05183238079372225
0.13432883480408997
0.02411625416782364
0.06127823731578562
0.04118441203376051
0.08622375358409848
0.04235236209909897
0.01025862086022504
0.02355360239643456
0.37583662548967545
0.026779716367637065
0.03610181521416425
0.09489721898846658
0.02177457338508695
0.01902597787328864
0.09844126650253152
0.012869114657620797
0.016851099808797464
0.9763414473014118
0.041829461790590744
0.09178560946228245
0.0554607927320906
0.7672461488978982
0.02966367271207723
0.03812969786627555
0.40104463517144606
0.033393492015281225
0.9372939392823945
0.0490714444225467
0.05895782344046671
0.14572805867850908
0.164458784410902
0.0986222850881222
0.030066104367688418
0.05356169107601777
0.012197224360393753
0.10216649470447461
0.1734573531407734
0.05530760552376402
0.02160787382175201
0.008843686644241457
0.01349680873581458
0.04671665410856369
0.03311031365706302
0.010238066473731705
0.058881246009281483
0.01083956453689648
0.0709955715897334
0.007018112680458774
0.13076862917546936
0.005474830409979159
0.8428303970421911
0.0053264463965927945
0.11445480635836637
0.01878449951661415
0.02565433863691077
0.047324851541010085
0.007438701145078028
0.22607338684558356
0.14977986865330684
0.9902638917909395
0.06390962744674916
0.9554952700488855
0.9736908390356422
0.028787048432457524
0.9703668330060891
0.0069803568588708365
0.026079465594335983
0.02760809654924027
0.011962437503797912
0.04640478532094818
0.9154828950585822
0.0571227127095373
0.09519130801143069
0.11349948970453123
0.9254023901625378
0.0683311136582366
0.0511616965869377
0.005906948869456263
0.025586947371506363
0.058271110451504605
0.9410812934342901
0.026031246714200363
0.027276220079100758
0.08383543735971098
0.07103845148261186
0.045193100020319246
0.9529347667957412
0.005267959255776739
0.06201665382176608
0.018227465152292444
0.1441751620573081
0.9420223824302311
0.061260975061374436
0.020196688360814667
0.9701436213511503
0.034952615866535974
0.008261899797679238
0.9889136442434451
0.9589177255419715
0.27817456104359284
0.9904047863934592
0.995864514287353
0.9848539483815881
0.9685717072778863
0.28219463274415
0.00507915701614267
0.9815509171684923
0.9638912835672448
0.0342619630532155
0.42014816837664903
0.10884415211674713
0.03259158447831808
0.009500716961462105
0.10750503275685326
0.9912562667009209
0.09015139112023096
0.9881175558874341
0.06410310785774971
0.5044510940029387
0.9819218927990729
0.11508115268347982
0.97278558077328
0.9535278252945634
0.9573519223692835
0.018525296858340028
0.03479185873259074
0.9761935996158465
0.9686636883784028
0.07654426736041188
0.948124912269025
0.07645357190558823
0.016602621888141184
0.044239780845488484
0.07809925769586425
0.9751052786275508
0.08214060717371034
0.9716738090350232
0.9865953915052418
0.05131478512046203
0.07303609144460478
0.11931645952174084
0.6322083738660043
0.3251882958119474
0.06398061857163785
0.03506140362152339
0.007305272461115715
0.020395832644292372
0.00558252457773806
0.9726917159956462
0.06519508905437087
0.004482155896759386
0.05170446076741326
0.005339961209794067
0.02516892405380955
0.06306584340381663
0.24731322920012883
0.09969681400792466
0.9786339572635678
0.03261880549872079
0.04846163600126796
0.050495219602418775
0.06503350256095436
0.24437534508478978
0.06349206117422972
0.473600927766284
0.2616793601868388
0.04416714416835617
0.06488941013094164
0.04275096476177354
0.06211418154976999
0.9129348564268028
0.012163601381516741
0.059986697564431195
0.1181431295089653
0.190779017378539
0.981476012485944
0.02613527497365215
0.023132932838675225
0.10425670934823156
0.010856025195542464
0.936154688958967
0.06906910753191198
0.08318461323846471
0.32684569693083493
0.13322786173646148
0.03293896448391388
0.03253365893031642
0.003933589548470775
0.02956516060877723
0.017643359414859106
0.9744702619360586
0.9818086275450126
0.08190293230592934
0.06797930810881872
0.17271242607001389
0.05093990776315201
0.13282842151489618
0.9828626826679534
0.018166302860763366
0.010376844099400262
0.038074476147457216
0.23658811606670893
0.1632463904979002
0.016083206696999
0.06798374965309519
0.023901722689431252
0.010866683684859624
0.11640849186131752
0.1452968926875206
0.004576267430641412
0.05180694745751972
0.08962460338132737
0.015275272641425353
0.019529474893451245
0.018914241874744164
0.01825297889088754
0.030849838656337808
0.019799710904746755
0.02336098976499052
0.01578163076898503
0.007303484062966106
0.07941970277906246
0.013193981013445604
0.005608089789262924
0.09542984172184249
0.030499556517454885
0.023180410008243578
0.2251996191329092
0.018056941342124485
0.9113552890439017
0.038763269874616084
0.993419678998537
0.01591785406578493
0.7214080006644917
0.750862654197341
0.04944806495208894
0.7648648255535432
0.038054801213365456
0.048170972273931
0.017884843585591823
0.9270476297293051
0.033675047871410194
0.006041655882443587
0.05536988313068427
0.05820583410874679
0.018828224382395172
0.041874557561310526
0.011439989676432007
0.006535574727809932
0.03400651374048303
0.07599099397767606
0.019266953791111544
0.943835538814554
0.04059549476180001
0.016717304900233897
0.1393488468399861
0.007733981345607026
0.052174473878918534
0.14813782440548698
0.9914712645056595
0.9289549408731471
0.07477324303534587
0.05301657155024816
0.0997674969138322
0.9377787259137068
0.9148513425317417
0.02114371961918404
0.06643570661682734
0.017720308356684103
0.052759028849134644
0.40863624996904957
0.06709075940202432
0.929377393277514
0.1464121835887773
0.014527856215599651
0.12271131044489819
0.15045956192970344
0.03661596141789147
0.004277105748292776
0.03097954411667879
0.004359771959541355
0.1174019724504476
0.014199273959709513
0.04591222540823679
0.05419858721018814
0.06373357836038986
0.016463763063382913
0.02903539249835046
0.009269467035785909
0.004104578451695362
0.01380469229901561
0.9815228679863378
0.9810431122048459
0.024594442537734545
0.1278185695310366
0.9811950171337585
0.031057957863621827
0.9929937480713518
0.8498437192100063
0.9148131832297725
0.9773443128301065
0.9073010107255235
0.9825653663343256
0.025401745551745136
0.026615098196766794
0.916186550589978
0.006600738071595509
0.0053209558382196044
0.9760341875544326
0.916926499278114
0.04032384918176132
0.8989631809672635
0.8547806710323709
0.9639709756123533
0.9885811587395318
0.9092768992127678
0.9367026090124877
0.9382629270698917
0.9188201551921886
0.09982920276425969
0.9089612579471974
0.9273593117535948
0.9301797761672658
0.9194334120357535
0.9110797442489887
0.9225546998836373
0.974938746565041
0.9237222502575069
0.9112405060261198
0.00966769438371467
0.9035595755061446
0.056463655443678915
0.9366019916121319
0.19242512134684567
0.8703989173616489
0.07919467962749296
0.02629890866446709
0.018624873845129727
0.018414032572850635
0.14141876334194678
0.09191245864508213
0.15884569963052655
0.06071932899701706
0.15538585132360744
0.08745449210293
0.12721748461593427
0.09240035253466974
0.08973526063540045
0.0562410107567014
0.12148605413949713
0.09218508675909026
0.09288442509137323
0.1357626282448366
0.14243411979266912
0.929695572744467
0.09963507048099325
0.038401960211939874
0.02055585539820675
0.02759996287146113
0.002842558369215358
0.1562978250436481
0.16106907944652263
0.021666003236606703
0.09684244510214739
0.09113483747252185
0.04007012318807435
0.025987746089758745
0.08360492250062737
0.09644814481667799
0.19844960251749144
0.08787923635385166
0.0936682850497565
0.10342458092414918
0.03494590826209976
0.04112928013349175
0.0740688580420054
0.05213708360074242
0.1277236977523741
0.07706718107406715
0.06879039934654761
0.08502754941420693
0.09702817191178359
0.09976048093110665
0.033591084620397775
0.07880477642663657
0.016665704559869404
0.04922833171991843
0.8494585485198237
0.07073181178878617
0.030816342832553186
0.006659089095260232
0.10131926257188209
0.058147373239574016
0.14087713401845822
0.010765923380901564
0.07713511179462244
0.004129123811761516
0.0637312537914098
0.08359640995583881
0.003947869762701945
0.02676786885146953
0.11187500429040982
0.006429578745829615
0.1110012968233962
0.2518734717616052
0.033648643482528
0.009693874341021433
0.0442992009731335
0.0286922633202418
0.05941109145471564
0.01212189231220331
0.05154453823403136
0.05624045165249313
0.4222658091475023
0.005898522398958598
0.1346888104154339
0.15380505378598572
0.019577163865963764
0.003835417668640562
0.10074299688054587
0.025278384158284158
0.0034231054602246857
0.11936174424334386
0.08572839143742678
0.044549835828775385
0.02410748131749164
0.9616499485658889
0.015472670096651583
0.016099635607636567
0.818761147012808
0.1627118967965449
0.02909838580301593
0.19160940082182687
0.11322187846914442
0.11078793606556858
0.962744818510817
0.055154014310735223
0.10104944474143687
0.1267919159820096
0.01286028541907661
0.0051686846035440305
0.02724253365154865
0.07654105301873092
0.14117465056676035
0.051849219894710426
0.18740231400035512
0.017816251872364006
0.018626526755646376
0.16297585309081017
0.9765549653180281
0.1066634964127459
0.15823614636454714
0.1056872209755431
0.7819333232461226
0.14139177813177894
0.31101696223601205
0.026849809356039197
0.15400241293542333
0.005360795546590275
0.12634672873899505
0.07824798330903476
0.02696935909892125
0.4449911538027228
0.19469343837174843
0.0556327127220661
0.9484714907048358
0.05752385913147429
0.10892534210349566
0.11417922562606375
0.025522579873247228
0.37129349588848004
0.2111716891370932
0.23440255693475737
0.041480603221930694
0.1445658884427671
0.03327529394798294
0.0425529946318631
0.38220200825109524
0.4393924688914071
0.32672466532533223
0.16600439054265664
0.9805432062174455
0.9640717733137373
0.03276903630044427
0.085910290207657
0.5065738526777614
0.22765241753400503
0.45799490568913565
0.0657159558729464
0.0076640675676344985
0.14050615056130156
0.019831397959661004
0.014129673715952236
0.016218486968563185
0.1071340383052633
0.9420578656278812
0.03954297733052233
0.0872187480782574
0.09354750144721438
0.018142555368122076
0.0482161120458307
0.07997657714176643
0.10461643958694576
0.06356548632229739
0.2679285970653465
0.3230995197082122
0.027923641326812645
0.04950558543355463
0.03554239812787972
0.12676759681307867
0.02509080256543139
0.29961724083736124
0.03820372516746862
0.348593418588261
0.10070537677496685
0.777148994971354
0.16966839691129917
0.21222218579282448
0.008611250414310155
0.07558539754491729
0.40767670033697934
0.08046492554607484
0.02450646337272007
0.03708389760231509
0.011269948646235525
0.9404868280090936
0.1494983334895119
0.20232981733086267
0.7855575068885072
0.019790998254400106
0.01700921114448063
0.03367233120714745
0.019730362000095782
0.02401381547695113
0.9071559619307148
0.2021279395641469
0.028173978816186725
0.03906711865297437
0.9668669898332268
0.05519143819537783
0.014121858541880491
0.45041604083379233
0.9509714680568976
0.06712074759438051
0.07619143782546069
0.0021044231146521014
0.24109200955242893
0.15968187543575285
0.9317323408555149
0.22400040308473046
0.04171414479641955
0.15496678886839169
0.007776492271540179
0.17124171869359497
0.2766607432362709
0.07481376678799667
0.05543284773816476
0.04151467269065713
0.05921959513983171
0.013530611553661157
0.024090156575729913
0.008766065243832147
0.06464183955018116
0.05817290430105934
0.01883455140487916
0.386808951397601
0.03242569091425319
0.051090872507732775
0.918305698087728
0.05153826758478237
0.04462475509578338
0.02034156874997052
0.03259263577237229
0.04211647576363223
0.016206047322521563
0.003779355271921639
0.009049347803954043
0.30852104988085227
0.6444249308407243
0.6467380317827528
0.1600847540712741
0.08902789050034755
0.10767020769891919
0.030936543395990286
0.9889769082411197
0.014290493497693414
0.24324442961710682
0.00833759796794737
0.03522122863898961
0.012067274896850506
0.018856556447004208
0.016142626974720745
0.005723896875975725
0.04978869993831373
0.008596709603099158
0.014315167268138243
0.01188301986608089
0.018684122887342603
0.0031287580809627397
0.0026092368878427017
0.07234041074414774
0.01567531042620337
0.1105970714015628
0.012876950369588651
0.01332110322005478
0.5426829502628537
0.0786236402693989
0.025344604089567797
0.048588361040596224
0.034247349057066764
0.06476850929530698
0.9697905546730801
0.0560571456951612
0.16159545594928795
0.9790887738451832
0.09999017670449947
0.03788516683604458
0.0029821637826986758
0.04900960118460328
0.9546457571001837
0.038010988251756576
0.1168612383316109
0.13573540455963348
0.04824854468833759
0.30733383992987295
0.05139947520311622
0.004169550700085586
0.03820549764570816
0.010271108983548237
0.036085469905727106
0.03908553164743511
0.038586845520025
0.033617877075991315
0.09182464126012685
0.019507485021933106
0.02505969530894761
0.08121743107364607
0.009365603479053415
0.01045688228571419
0.016368430071309156
0.09720555037765931
0.025643934210079475
0.004474990768108224
0.009435440965755068
0.03334317118137749
0.1919447227965219
0.02818479182384343
0.04278138335185151
0.0023872157761014915
0.009014814724254977
0.11948092305483964
0.012117943354332498
0.2502582501245294
0.026259540403730276
0.15234939875595485
0.054551165208035546
0.002461110372564643
0.055263368652706805
0.9478727328471936
0.023455483585030027
0.0382018483305722
0.040373439222184546
0.03880327909525125
0.09305620034108777
0.08387286456662038
0.03188914529185692
0.010171145772918732
0.008484195856695848
0.06498553656083246
0.006849387749576436
0.017602659521697716
0.060802225688134356
0.05148080657337933
0.9692735168793628
0.17612077980813137
0.0139986855490904
0.05955614391559444
0.010505311377778166
0.6277531089202
0.013961693475660196
0.9884582681926392
0.0095396985577777
0.009628207114475333
0.01358106464110843
0.025930705296179475
0.03616936901658543
0.022591046608318392
0.2355826519566694
0.04608216862096144
0.013047924780682453
0.027045744775766104
0.01364253788923781
0.4690708988787583
0.012123502860606115
0.0027726262000994048
0.04971309315105702
0.039522338010915065
0.10842954901983581
0.03152961761749715
0.03937209075370852
0.014520586276392468
0.010922949021795414
0.07636289207488157
0.01050852128398998
0.03047394537188758
0.042803162696949795
0.037440026979537674
0.26557466810942537
0.012447843100625376
0.02891484918777231
0.014049256167116374
0.013744843837850091
0.002472668282116662
0.021945954596309686
0.01528279934208031
0.023141475115957565
0.582118861867165
0.016368661702139076
0.022964529501690416
0.007226808945803953
0.9404711215937008
0.020147724065433286
0.015167359786989715
0.03550839421887634
0.016512481001584985
0.7706687983396842
0.9340380923322423
0.9841153299163825
0.9872332827056942
0.06297709516129342
0.002501772309486
0.21515930432316122
0.3994824716120508
0.02118659282084287
0.08854283074256188
0.13587558386412196
0.9719718727211061
0.09161585438312372
0.031396683395047476
0.3000645334190366
0.10665220398144977
0.9564789441298499
0.7730166480442298
0.9862252503508464
0.000979030088527178
0.10873421125222457
0.0011224800270029395
0.04722924288391894
0.006979101263506391
0.0016372810310304345
0.03212419103274759
0.017643294609215206
0.9183723607635655
0.03769305821964401
0.045690907829580206
0.9272961483937665
0.9395872260338366
0.8542135511898663
0.03797022829980687
0.016999039730164776
0.9969383428866604
0.49543433259677566
0.038533403491447744
0.04638610523235588
0.03404020712695318
0.1017730063490016
0.010920179511640048
0.044278832229910234
0.023835914425636828
0.4505635441309952
0.009964614018491833
0.052775503079880666
0.058005439849632974
0.9752025835671304
0.05781100425737533
0.033038465350924404
0.152322785552213
0.01111898585091461
0.02618758710804024
0.12835800341112943
0.041523950794996455
0.019613989850540137
0.06376027462829831
0.9732197669257542
0.03072812928087379
0.0628367488390579
0.003033907622674972
0.9306052869821642
0.9141990414691852
0.03214415487422911
0.005531599519150866
0.951136211701739
0.0031556679164784045
0.8219245874288831
0.08542257534086328
0.044092149854051105
0.12764778410914854
0.046349679081908124
0.9418283891501439
0.04292865160213325
0.8921875687672279
0.9140515869530071
0.01887267676811517
0.9573887079064443
0.002936671357983204
0.30369268550513573
0.05418063264174574
0.07030877984202305
0.0848720611846221
0.06551243981205822
0.9225014612991531
0.025642273991115027
0.944747878597196
0.8468683962664947
0.43037237190547767
0.040040670272385726
0.045802282922707
0.07881944960884259
0.03128779719052082
0.01888286651519352
0.07102599522605854
0.019738935805196936
0.10560545805508824
0.08072195241722581
0.07020614957931834
0.02401935647779553
0.12006424645821934
0.05971803439313866
0.012533678146335478
0.09756532929842636
0.9748920004736804
0.01407278569763943
0.09089857475639243
0.04907079488038193
0.04203139525805625
0.030424533425459203
0.02040267842949702
0.03509285927087231
0.08337689036727397
0.15927876292671653
0.023802179038838633
0.010640702876176418
0.006072083709427391
0.055682296339752635
0.036450646098349124
0.03214005610026045
0.003469421322643551
0.10072344286753292
0.041260954622583966
0.017035562737772753
0.9601551675611879
0.03482886076660644
0.039037868020107426
0.02108436777806847
0.013287888601326289
0.008847823731996843
0.0311472499673274
0.004198541353375815
0.8960096455967749
0.08771837418094552
0.055418333520066046
0.9783867741126991
0.03383732308247374
0.025251446244350682
0.034018955853915823
0.05768879513857832
0.015416275084718403
0.042026422910233875
0.05614973744641293
0.05171517076263245
0.059207532734262464
0.008544580166834893
0.06485445351422048
0.036907688723793325
0.05503391178694909
0.08620652564353433
0.49726549489037497
0.03709020374053644
0.019275148972568427
0.0007888205586108831
0.01741067693051099
0.06184590155487617
0.005686483453795055
0.9281390291507506
0.47998378373557093
0.25574018066977006
0.026692350774284862
0.015209889906752889
0.03323066269591357
0.005806940772007808
0.02050417952176763
0.1125190707371957
0.002040689980522417
0.1511533696204324
0.3288321754339941
0.006190213400582553
0.8955787869827184
0.16524843188875102
0.010459930493400015
0.024181922036224317
0.019036611226676773
0.018007814218997626
0.09426717525305338
0.07817346357520315
0.01832793140480896
0.020126823009682868
0.11662498197785685
0.012392994461591911
0.007841798985139235
0.029145938835360152
0.001209598141227544
0.02431493597753631
0.11732444579050261
0.21516242824423915
0.16192183622015835
0.16463950709507313
0.030262328896418562
0.10102977358758387
0.02712255372591746
0.026528569819825196
0.10310317355000077
0.1105987178602595
0.002955483000777617
0.0918985734647122
0.007275839715821755
0.023028717143537793
0.15730972678750288
0.020367042359000827
0.02998856912884654
0.47664507701174647
0.06895412934661782
0.03009838878093133
0.14979064323987182
0.9382046064313868
0.024859144868819016
0.022661039246366168
0.42578103478577356
0.0378854855670323
0.05952571852938484
0.011028636280279912
0.00443996368833348
0.10340237709752056
0.09342319105168582
0.0031367189812498775
0.02432230772182572
0.03961968593141639
0.024108526260811117
0.034274570307444435
0.007151316322911972
0.04804258250482991
0.003973516949324906
0.03657113633631019
0.9300423646503686
0.04342759961910049
0.007819847446917884
0.9889841487381729
0.9838002422750056
0.991392677891675
0.9842726257977964
0.9795298790680634
0.029092930294891708
0.9894425025805825
0.9256945531402503
0.9071572375541679
0.0012611914613431334
0.11500829135304498
0.07102411311740063
0.024084852192964707
0.24424427764359596
0.08227104546704936
0.08154294748081642
0.10947162113289989
0.4996840585230045
0.08127973959829551
0.0055740977109607105
0.12651126012944405
0.03579466906632529
0.9915174306848611
0.9816168255258376
0.9903643002889708
0.977855184209188
0.10322688140288208
0.05916103901019611
0.1079194199222914
0.0033256755030779813
0.02636579123427464
0.2693021534958558
0.048494767703792754
0.02998892316758371
0.185078330936702
0.028045819798681523
0.07603577178921395
0.053444215755628084
0.003469293982489222
0.5773163301522396
0.020988087614591214
0.09968652485439287
0.04599212047428979
0.05093394561000782
0.0828663025698213
0.07467581407262393
0.10407147309370358
0.08001863318901202
0.10583695279649104
0.11298472064355608
0.12112216850340123
0.05086182366529306
0.3682511322816798
0.06614115697655154
0.06617061761814856
0.3929270745637887
0.4576400375496414
0.0855851311418905
0.0031226787165191594
0.055482933695894056
0.07004173637092843
0.02574942734176116
0.1476344711961779
0.09080923003824765
0.004691772420646886
0.16493998043828528
0.0025744022435731794
0.019544506584427
0.08258179403564825
0.10244684305342303
0.9507316056867632
0.11384958512952989
0.06090606562675394
0.02347403919302909
0.12901568374382538
0.040923573141523534
0.14397977500001607
0.07962918942388746
0.054862049477353333
0.009441408675773321
0.7401655754047598
0.05528087282325911
0.9327443750253178
0.9318951639327073
0.42828477179580987
0.09403452932092386
0.031706691725424056
0.003704774809871372
0.01709564156043188
0.014608510569533292
0.04780380044388033
0.07025106218245834
0.04647497449346204
0.16890307597859827
0.09588593669636834
0.030139623764664145
0.9883958558617728
0.03367905118789518
0.14929479815149513
0.06404811287288885
0.024300665521677766
0.04334426394561865
0.178444599123884
0.2378769451211244
0.03578868318743796
0.09287164630115459
0.07361033937269076
0.04376866694105185
0.05830507794065529
0.04877096585256716
0.09654171074266746
0.06283622813400926
0.07869039946680988
0.004647606072582372
0.08407422251468728
0.022981100304721638
0.008389050706892128
0.9857131754334654
0.03444766074027607
0.07405056407576374
0.050357218420018134
0.20857454734283656
0.005964304939306041
0.05052749286868365
0.03141999158430618
0.039913861641415825
0.006201818850690793
0.04157570452606302
0.06733040459587414
0.0778495615702922
0.014335941752413517
0.059960927683070486
0.028593787432785307
0.058335611609810455
0.006328958414830765
0.06106263310052439
0.0766369778318927
0.007322050145653789
0.13807544833837535
0.008240531802708735
0.013108487831604277
0.024345294907470245
0.0437104326877104
0.01636161941898408
0.043949912438818
0.030054302869721616
0.04181014220125948
0.0496494209607071
0.05109484900482931
0.026980517668078467
0.10686537266854122
0.054938641737190666
0.24076402401515834
0.00534742995841434
0.09259931067354105
0.008284234420775999
0.9313625381893912
0.8703126722542405
0.013883177863175899
0.031193734870934978
0.004646471268276367
0.022772297203262026
0.03289817323770665
0.028276742528973137
0.014466094014494009
0.020123264729935388
0.8044206652000834
0.018355836264972343
0.04480980016906449
0.016728812446254692
0.06367060050396273
0.012426191410455591
0.8602579374761943
0.017800463380619354
0.931128930245568
0.012630776878194182
0.00997717090906655
0.005499290916367387
0.02134250271479389
0.02888812796705113
0.004977254872278254
0.032488272650398956
0.010684957355912442
0.0034917932719446244
0.07843086560608188
0.024230145832755314
0.022384605587646707
0.05399668786012759
0.040819656173017735
0.13198727351923153
0.017947040779912774
0.05146212422928237
0.025432799255161644
0.9616687551715287
0.9851814305939778
0.03232642743206794
0.03449130626512142
0.039109066672660724
0.18941277146749255
0.04739977731898658
0.01864275830719914
0.014639904328031935
0.008863958255227926
0.059617366881998424
0.1297761932629923
0.01666872818157292
0.0034730897145718326
0.005135695670485726
0.030909368267664154
0.0535665076257586
0.007491309458211035
0.11735715048542011
0.027711504265255968
0.049066308144196914
0.01531941557455496
0.005710101661596794
0.10482883493794479
0.027450623558754852
0.22496556044247273
0.0560637914261938
0.043562667550694885
0.10512050545399712
0.0276684154834901
0.0012007241318116875
0.008179988595952726
0.01949061275062736
0.018480284457138133
0.004391303844052829
0.043349293147345785
0.020959781669146273
0.13968841184711006
0.08356336926286007
0.004796359015735768
0.0023403820449897743
0.03723588935769268
0.03566680155349849
0.03806713156024694
0.10382875995650119
0.01881310599103328
0.026872709626016594
0.014667677801371728
0.9624065555074303
0.01190883690482866
0.014385277623576853
0.009474109905537847
0.003875738956220582
0.33577721994819587
0.1578061311104617
0.24419229767654493
0.016483199618661123
0.0574893077716569
0.17972443990890602
0.01326108567939729
0.007194537405033828
0.028637106489484424
0.1111847097338228
0.8488252953702353
0.11355673613868601
0.9272612271112141
0.0061473455122094565
0.008829252710474014
0.005137842889203514
0.03851238585128623
0.061954399115013006
0.046206441800813666
0.03851116352636608
0.3054373854278598
0.01919852807087321
0.01168626064892399
0.043128640717155914
0.016131026224564814
0.0032209727589408784
0.001503626295261444
0.027744251658183762
0.9868987487901864
0.05181972283024578
0.015139265064573594
0.004018864024046308
0.02429531931221525
0.02114411644798858
0.017369161112356254
0.025843002857088335
0.9117073769902369
0.009221813678412136
0.022619977562792253
0.04307961571008807
0.014191377457475729
0.025497661992144805
0.09917641092281573
0.02840751764499345
0.09310792369671043
0.0618636515247187
0.13298266250494328
0.00471946648803121
0.01551010801246772
0.08087984979585248
0.17386634254762723
0.06092957735772476
0.472680217466211
0.017258315710244027
0.029938051708480035
0.16108056303244825
0.013839021616109786
0.04010025646830352
0.01874371029950495
0.004407327258081774
0.003957471441084852
0.0015576565174718325
0.027597589018289126
0.0049076453543406865
0.02924546802532841
0.018016334825399462
0.01079520090831059
0.03271931328423438
0.9176180821364089
0.016940061465397994
0.10141359117135078
0.13231815403994926
0.8093256242102923
0.07149193255196791
0.0024098078724854705
0.9852835111491515
0.9695417491463385
0.06447828121631265
0.00645249550514172
0.019029704023282586
0.004956091728551013
0.0012357467321184445
0.011638570452280872
0.004109113005355113
0.042906350217565094
0.05032007152932538
0.15368493626942034
0.028098291988847158
0.9729036209956682
0.9450735961043846
0.03586619034209983
0.946840548969517
0.27167261289974315
0.08681367665937165
0.024006484456961366
0.06089693899790822
0.037791250335102895
0.2780650691411644
0.09128928144980347
0.09911197184690493
0.08810426079697378
0.018417061785091927
0.01923706792484194
0.015583541633692652
0.025502102620763308
0.9165896852054891
0.0020640173123133887
0.03599441898274597
0.09167491171562593
0.01633967313504641
0.888898818136363
0.08037914077845892
0.06282994865503896
0.1549573272966165
0.07893009479195152
0.16108056303244825
0.05984028281232058
0.004158414315383313
0.07314348241132947
0.011647214447631274
0.010997205870457867
0.04811575523726358
0.28516485360420124
0.0029641972499198747
0.021270211203104485
0.1124343300930011
0.009528695032294207
0.15247936607710827
0.018156283553416537
0.9957919725386656
0.9812710352746621
0.017891010904932555
0.032117777577962706
0.22099748994275117
0.19045806525216386
0.012686593330312999
0.005235890296326732
0.005799866909549653
0.022659613836354914
0.9634011126371903
0.007637282053096898
0.09189852280114996
0.3428196970466109
0.10128731414232746
0.09586873394955293
0.048992176581348475
0.08395799931333674
0.046251932360186154
0.08311137309909457
0.017845601256906676
0.06175860646849974
0.07513691875506041
0.30638567711711656
0.12215696458848252
0.12085636957200628
0.09549607799655538
0.0577176324517944
0.12888914270023905
0.08535006915691057
0.17824564836098852
0.14618177959101128
0.11867824054854842
0.7555596624784532
0.11620445166475886
0.9430750113154729
0.0018179776096789856
0.10246515899476118
0.9137900447756838
0.08710264447963194
0.12888914270023905
0.0021597698878227777
0.10846481060173092
0.15631356123788082
0.02152473780078377
0.9552104434687254
0.07357070710348503
0.10461929028065636
0.09982921892777928
0.06495732642338894
0.9289695706852634
0.15466325572365586
0.073316014375617
0.12548129819925202
0.016490281482363697
0.0038257930009918876
0.03377680483242907
0.004006844882896653
0.37535256585401994
0.11428831763656097
0.11073343527676162
0.08209068417903119
0.0928810506796693
0.005303399932311593
0.08578328414683205
0.02620499100213034
0.0018601852778174527
0.0812138416161165
0.97139468503559
0.015235066244084959
0.9460955792258937
0.21734958407963187
0.004112987576880154
0.08208117443918382
0.1096194866200524
0.17803388274787282
0.0546744378102346
0.14759554684093193
0.18841299442292395
0.050974795143918006
0.09460059123145677
0.12146984312717034
0.06106968624739598
0.15368619258056507
0.9581492817928468
0.12540884098461175
0.16619232713525975
0.1166583561912531
0.023430888449549905
0.11709957316420681
0.11249805366087277
0.11393684714407917
0.007832338471647497
0.12593630799658495
0.9213421010120394
0.10432566289073898
0.09995747275754954
0.09691920642981904
0.32724867674231256
0.030859072404207682
0.025169521407496044
0.09470893447192877
0.07607460258897111
0.02515468527532555
0.25270435462629853
0.05189818419068258
0.08143323671286389
0.8514226382741141
0.21486321874797595
0.04591925347029271
0.054664478791637855
0.047168622142529155
0.04437830989830642
0.04618008086115562
0.052465877550367766
0.03783084705181445
0.24790416992188213
0.7990018691253008
0.03260978092072534
0.04276431778898167
0.03354794170612802
0.037638010529466706
0.03366494551395501
0.036938622647976045
0.06339895323368733
0.04572491064898504
0.30532814108102135
0.007441248621589438
0.958446207854394
0.05595084480137345
0.9649166914379507
0.060917693366332584
0.09550973360237573
0.05042916115638729
0.04074063203391634
0.06726195948028466
0.06998735566290006
0.09489855041427775
0.011397906564130221
0.8991782250332713
0.25611046279511196
0.09370087253521163
0.06951634206050487
0.1947965145136883
0.008479845665936288
0.0898185049968101
0.9625086122390131
0.04447040155329113
0.023646263425857492
0.8809887329196399
0.12057762070429362
0.016558759658630046
0.38034861143508863
0.9809539741188811
0.09461258112833044
0.08592799649735694
0.036859356985177304
0.10496150893200264
0.011727994781081587
0.0806856177301864
0.024805899509917344
0.04900164878596245
0.040527730440890614
0.013155116770351397
0.07402305157245201
0.0021865362778895024
0.021126183937739674
0.18132649799213588
0.0695795810408623
0.25388410254713256
0.10582383722970609
0.3354181333698832
0.11902842534607323
0.014247131412771993
0.02226148240487181
0.15313050593743274
0.05831747015681982
0.8692226592724104
0.018904587027052867
0.04190587041628124
0.01930463958668065
0.03394370942972331
0.9558262549812342
0.9134505523324629
0.005128275480042209
0.00668576170904067
0.052384590195906765
0.07549885215821664
0.952930036025984
0.045277861145295195
0.05217791502744372
0.030705936616106936
0.030382918972034836
0.27842123032033683
0.12232403534486594
0.1445681791141582
0.9718731697877021
0.03402424635712973
0.028965319874210187
0.04237403892234395
0.021018216405225155
0.12757206377327654
0.08467955374309091
0.2500396417391677
0.018573892464882835
0.050647794686254036
0.12734578740821226
0.9654580281998338
0.9755506442443966
0.06590665597100263
0.0314621884362305
0.03259663150770051
0.9254240504625614
0.26876363197346304
0.02318436746895743
0.03658371622845921
0.023970707746012603
0.030602915754419844
0.02839468129651276
0.005091932403946271
0.9440760618272587
0.3603215529615178
0.010932431110922602
0.006053020837251898
0.40782553858608833
0.28180270924660367
0.010036313374259535
0.0300895377494262
0.022479743281839833
0.36775654485046394
0.03539174250106428
0.04231650097096517
0.9599745009615749
0.0509564130753392
0.007423896208007536
0.007873813843355086
0.02209823087534701
0.01913799516488325
0.01717161724265591
0.9652182885989532
0.3517598942075825
0.9387981494295804
0.9594050353692772
0.04527282266768387
0.09993596272554511
0.06533345375835806
0.01713697936623499
0.07632327321228279
0.024500252848423196
0.012780827781436513
0.06317454774567459
0.9731982303077966
0.03418191519031022
0.02571826046611019
0.01990473842464237
0.01072385292789766
0.025831051813478955
0.06648692094973291
0.032581089812437146
0.1049619468150651
0.00561561728259985
0.043278278567520964
0.016850770075542167
0.006187727025255132
0.0599268283636182
0.8337428434274881
0.1235879904235596
0.10710617618050453
0.038991535603113026
0.9523198980325844
0.06931495959700822
0.08917830001420088
0.08174340281592964
0.043418560656421336
0.04037935212499084
0.14629382611504874
0.019616125534912474
0.06485430641157607
0.21025523713724617
0.0025353031493861584
0.9189821081942176
0.046111407148195734
0.05768879513857832
0.057811792798040586
0.025417764452359593
0.04656232404413256
0.04776886285558248
0.03454881061849988
0.7257885747480773
0.005870039435431869
0.04953359087403009
0.02792362460686441
0.0669893635501254
0.07171255427288668
0.25824326964899774
0.04205063262411643
0.03828402435183842
0.17427111898344996
0.12465855772930423
0.9729535109515929
0.018448408897626316
0.03166060704503101
0.0076034335941729935
0.03374917569338929
0.037590523919550076
0.028363485463682715
0.03248170602678158
0.00127695188682882
0.05175555698656573
0.03283961991841445
0.08203472711311058
0.9857756391769451
0.04483187835808773
0.043565415716563374
0.0375029228973007
0.315032566008955
0.019470178648928565
0.03026777312918759
0.004754315825729732
0.023955714021458303
0.9692139627928384
0.08909009655688332
0.039343128784508546
0.019424953304865444
0.05216701609183783
0.8739353842546932
0.04513217600705737
0.007029905193380394
0.8821121384263108
0.9348048395456205
0.02862810400140598
0.051756233399974025
0.1426115019025302
0.06781394542254068
0.006130273712226548
0.05218584848591345
0.04654333664827119
0.28711298425905746
0.056108922267757544
0.061134512946128206
0.009252360716470093
0.03218007452338161
0.026286495753689545
0.010739293571337308
0.41668693701845144
0.006868155443730077
0.03793330784093456
0.05111972943677386
0.002680615925833558
0.07177857371478275
0.08883146937822944
0.08162479840407925
0.08715043501264776
0.007555669876180938
0.7887116654028844
0.0030897917387174814
0.923240958067393
0.040890424227765426
0.03622657394392939
0.03646531936226416
0.022816457836977277
0.041094539599027445
0.04851642259725452
0.06975670323334184
0.04578591143209234
0.018943574972579414
0.18306205308067336
0.009189302137694089
0.19775017444345444
0.011688962232095005
0.03597871087970355
0.04236466197476667
0.0022150602016832678
0.3967371134710098
0.04341462416546123
0.03992056468170612
0.005578103575605401
0.049486505921025346
0.04792270174788656
0.04835965723158897
0.1402000491121201
0.0030227127775944045
0.008047384974714654
0.004052562434525688
0.034706504668577366
0.08223048178558771
0.011567985424736606
0.12626528125109365
0.027893685458743076
0.022947657759201413
0.01228909712398304
0.12272856913445376
0.920088295634408
0.009159357155907074
0.46255849366001894
0.012799508187094914
0.022144539426450203
0.0351142214015529
0.1695870330065676
0.19524989566698547
0.0857246368538198
0.02465002290812222
0.07882182056767939
0.24249049548217985
0.024631651874080968
0.046966344995463274
0.024757614210059963
0.03978282509728799
0.03528422739699054
0.007875302895691353
0.05959923007628113
0.2501131749765578
0.018345212423471136
0.2920868450140133
0.057896309126354226
0.06246920257040222
0.028861140930823308
0.20081156488993193
0.09474926717355527
0.011366289907714306
0.20233039042796408
0.0058010530541294444
0.003628096936544422
0.015598108089054036
0.015577138216717348
0.05982998833565348
0.006275326282016824
0.3575315871533883
0.03932924937499014
0.005948824003228338
0.4072551639322031
0.10275247857369692
0.271426159822855
0.32757758921070473
0.012288751644887673
0.01404621783093336
0.009576628036547364
0.020061104298095486
0.00739516521592715
0.04722140925834386
0.1891598204054467
0.045154990865825105
0.007486193721598661
0.050540523643318576
0.04474315052751877
0.29031751128552097
0.4464065322755847
0.0070586073312190085
0.0068258415522420585
0.12191607022161281
0.03680740659536568
0.017007873041615076
0.0054077631917503945
0.04814576184682775
0.992357575668236
0.024641831272977754
0.05540735376866652
0.17165101426326362
0.030409808666534883
0.13408404303998778
0.10065112216484744
0.02307093382790902
0.013548033748171118
0.05205340165863843
0.04395375124428596
0.029794411248662736
0.3604943677093749
0.03462948738907758
0.04075980722927892
0.05922959961966353
0.15925935862167126
0.02501044701409886
0.11916133257454552
0.009337411431482368
0.12106193990524292
0.9433036645619503
0.04854260252264393
0.07075472513784424
0.010936166468064735
0.0038525401393375044
0.00678622277276982
0.025276807962417058
0.027293687953940306
0.020632319140055918
0.02691562804857583
0.0416454342462238
0.27495841064306625
0.04044115633484331
0.9613720571279614
0.01987530386267644
0.010527997675953348
0.01984489810565664
0.036280357954071696
0.5062546969726999
0.07847289591705076
0.09331994897666186
0.08637125776719447
0.23340699468530096
0.573689237098716
0.08133421520452236
0.025240293923241303
0.002684781017169731
0.008153345275989005
0.1727806400956682
0.0045353115615345
0.055186306898422875
0.0054876531567176635
0.8855375835066136
0.022962873640224347
0.01741691252876891
0.013379072170389514
0.2241628227122105
0.007019491818962821
0.01849784684712359
0.36874420772520017
0.2322991839954725
0.0816659177609771
0.012679769320827074
0.008985716747042034
0.0065954038390334795
0.14942517458472285
0.9899042702226806
0.8564368945721722
0.015327645134405071
0.001255671287487387
0.008118039218799576
0.018593688248051188
0.18058160268247886
0.18894486588011253
0.1330063703065285
0.02631325481712327
0.15126852446389313
0.9947795299138462
0.014887408212501889
0.9859260016101763
0.9733451155728648
0.9821156710081028
0.12385239255776005
0.17282855248551093
0.9831423528865243
0.9745705266408335
0.96364005109956
0.9858790150145131
0.12177063544922297
0.0681060363049893
0.032106635253485
0.17102098120734
0.022090289994584844
0.9767281564510091
0.05292460782176974
0.1433651820071861
0.02580846896323935
0.02545817339882155
0.052301790902863805
0.014842773866072089
0.016801079194942517
0.049527409866993555
0.5962803980679995
0.0974692139925315
0.015138451757002826
0.05127701675237964
0.05875752844841354
0.3499971319550265
0.8546724943380293
0.01304868923615236
0.038868762875680654
0.021078175004879678
0.01749969459558852
0.01944999560322112
0.027035319244988223
0.00972497305211368
0.004477451310127357
0.002075080349725576
0.0183577450835632
0.01267754450686918
0.031237629382950372
0.018002420934304236
0.08438358367007492
0.0027671101587241017
0.02325014614546702
0.03584409830179889
0.016288349445166935
0.01783329039883172
0.267488931225
0.004033005550180159
0.9790902470210688
0.008823375972476066
0.016309118885864643
0.028359957256656788
0.0013567279739568716
0.9561128637451654
0.9835878653798792
0.043810116970580716
0.3061128176409269
0.0044278102997781996
0.05522375855369155
0.9860264261659814
0.12862476363130323
0.9687512875497954
0.04133008954265694
0.952218684525322
0.9400777480247035
0.9709793142560114
0.957478848136407
0.9627210227682566
0.9705607020619356
0.988095595034823
0.002811988146001045
0.9626957791821006
0.9727844112340578
0.0021886224345588953
0.963037433395397
0.027030211584846902
0.02385660552477458
0.017666846186556152
0.9519312249094123
0.07926940104420291
0.9593580217617388
0.10444662007249547
0.0020151971541667434
0.7282912545501294
0.12166036875571246
0.021182220270603243
0.4894813736069276
0.19867814295821712
0.19455518935332825
0.20775725345794882
0.08131069647961021
0.19406830344649031
0.24810057552522824
0.1184737792045759
0.1890674526638678
0.974479055898828
0.0035884616294584474
0.3198783793867648
0.009338228961988092
0.060917731703074476
0.01742661822827829
0.3580850282803886
0.1650774233648567
0.030684174691448424
0.02939621032333706
0.9679296138371921
0.03828708979188226
0.0031271003566014028
0.276557133347413
0.015665691263246306
0.020193504733937634
0.038412622410038365
0.04358889930966944
0.0518210715210588
0.2735438037287809
0.0018020602258823999
0.029305553533837
0.13518833640126487
0.20419650334718428
0.018511229727471788
0.0425784697306038
0.1122575012882708
0.042910063194773744
0.008265649260268017
0.016211255627737963
0.0464727980254383
0.2864388899707543
0.0034033213013060703
0.31182576727189243
0.06598494713737318
0.14392804866139777
0.046737055817075726
0.058436271650032116
0.04274097681477823
0.0011796102821992314
0.026178259469806342
0.05375135381490932
0.016451609817478837
0.38891152444597615
0.00959010866276591
0.01318431823449401
0.022382715511765166
0.010613359600155173
0.02523353914299466
0.04258263805779382
0.02342572028621165
0.019057012498503625
0.07061183300051548
0.021314375627321226
0.023693238817228332
0.07983889114205989
0.9739268592203406
0.03410294070866749
0.013309496539660902
0.01865372257656087
0.10785711766504473
0.016213399487420992
0.9607772421405874
0.012901146457753714
0.2526465170415673
0.04505853290143874
0.025144957510526044
0.008243134188124692
0.021961608434054408
0.02909180274126048
0.028282996239452105
0.01774333090751496
0.00797197802642371
0.04109039693670865
0.014251061355761109
0.037604497599046306
0.029695857023836304
0.08032091803221163
0.3326439846368826
0.2046456057418577
0.14586974431969543
0.38216096136522776
0.07101951777431359
0.011726264638657535
0.054815071597660546
0.16326757151729832
0.026602723613510196
0.08378991360152416
0.04301014543012644
0.9789151297826546
0.0023237461851945917
0.013521949983458088
0.028694996677248952
0.02923544421095231
0.027430873178605632
0.005271623848858688
0.006625730529846289
0.08484163184737901
0.03644394460823695
0.0024957014917274057
0.9419365273205739
0.0045051526988686185
0.05025917947637806
0.017420970656476454
0.33931905041707766
0.01681142744847362
0.09003593378748397
0.952342592067764
0.13539900548966732
0.08645207012492052
0.053096279717060504
0.2193851012703855
0.032798526619037704
0.08478712472971028
0.0608928879688211
0.018123128101391352
0.01728390474453237
0.06913367210092873
0.03290747242764076
0.003192025435263869
0.015121478333703494
0.07023240589060142
0.18155147701515997
0.06871450860711037
0.1141263114384487
0.3542867721962221
0.8152107740160526
0.04045206873010074
0.26546401056203117
0.9337346697361869
0.02459516609917992
0.01953891615376864
0.0403119526925092
0.0703797195360931
0.0019355577519461567
0.03208024940215465
0.016503626781164276
0.9835186463873513
0.015576997653166105
0.08099305880645723
0.04365782199466076
0.025481166158967356
0.009520686452835669
0.01951177337414012
0.004911471361306051
0.012785828288144192
0.023459530669706453
0.004542061376037294
0.11955957627577192
0.0248014879966935
0.051404479187741964
0.011314306547236709
0.034200473314367034
0.3448326510536968
0.09652917334616273
0.0401194990099044
0.000979705614386666
0.39262087666784734
0.1936932814356203
0.07018448576869325
0.08478475478895443
0.06272575348575339
0.03905914673719128
0.03332091875621047
0.00851582612272127
0.023528633696767814
0.062415763923237506
0.01146077740887939
0.011846528786419766
0.05360677106934414
0.05289748740295365
0.019919369499287583
0.05346812979179764
0.03899242543052305
0.11014537506347533
0.36502234196281214
0.04164548311764681
0.004706628747785654
0.00701030818910078
0.12677996263785962
0.014332100011098728
0.012560804865890583
0.021918716729293127
0.005739129299330701
0.015414042801541359
0.9843188573022803
0.030413105318081734
0.02372357118701066
0.0021257920949995656
0.17971436268815744
0.019351342039606673
0.0019073571878037016
0.07498344388416696
0.03324619914090992
0.03917213604486874
0.35602656389462634
0.02004439658391384
0.015703553080089156
0.03020326613391277
0.019661324876784333
0.016252677432985252
0.22529372676994175
0.003920903380269661
0.057842399352089395
0.9021546712938083
0.07161029432645971
0.003197388557187719
0.018946787904394965
0.010178819496254824
0.006201256884837399
0.0386552904497782
0.061425672817736074
0.3528545567318475
0.03525737818455351
0.014037692476656767
0.03972154940775205
0.02425701024059444
0.04810527569111394
0.0028937872261253837
0.11172008681048205
0.09679582725559345
0.031786216317034405
0.025605494801932912
0.97720860778262
0.020906098810627112
0.0146800220192343
0.05297055137182458
0.9754648559583279
0.01554485228734657
0.09373686494968174
0.008453159618107029
0.05113701739890358
0.9267440937763478
0.045886682944100844
0.5164413647685785
0.007341220768296354
0.02288885927011191
0.03380492015097127
0.9637940004204677
0.13396957579441804
0.03884412778871616
0.02100761904939084
0.15075283528021663
0.06492320297239931
0.14852007806000875
0.08508127136177468
0.006205941583358288
0.006800475398797745
0.04251880622836643
0.028091888534925818
0.037240150814735334
0.013737731505858696
0.0064191694482094875
0.006800475398797745
0.007276894416009304
0.43740664704352294
0.006062620000286891
0.010855087699388576
0.006261631137801971
0.0026405723365157097
0.04071265703570536
0.005245125914225545
0.025954045607864098
0.02946158170110598
0.039582713108773336
0.011102156781787446
0.06891204061661581
0.07341591755483276
0.09318643492093097
0.09317401396296172
0.8717063897656113
0.007567789813774779
0.040283624765142634
0.21075297225748435
0.09209120876517855
0.0850470016063525
0.26947345179400145
0.00947187697473357
0.1697022182368823
0.9348290853058691
0.19580348498261754
0.013282345187574025
0.01421895831864753
0.013350300641305666
0.029962027814077512
0.22806948339129565
0.014724175787470258
0.9751014899393999
0.011216453897240028
0.732067899865879
0.008411861314861541
0.024648173044272564
0.005425776866114888
0.0123601504843811
0.04603485306888475
0.10187816791996787
0.017175084268126282
0.057675209382839
0.09668238637552017
0.13897221455843523
0.9726379874160674
0.07164245450852715
0.6810337177811867
0.043093246888088466
0.013323811446268307
0.004629809704917065
0.01958960302973527
0.092953061105632
0.06451467664624118
0.06632482949386158
0.0031828549911899224
0.0068680091222221564
0.8544053716930231
0.10389678324696085
0.002625153173626603
0.011720867401383336
0.009140116592647343
0.12030994501826657
0.002721528018501441
0.9111610567075181
0.12408408029339828
0.007428884180005545
0.030712518995917985
0.003491919124596652
0.09622755564965077
0.005469050598333049
0.011047465321389428
0.018557513361256276
0.002601567971877939
0.9070238407139846
0.10299360190071873
0.03788735133370725
0.048813128478979624
0.005089251584691797
0.14924459789513222
0.01122234587523108
0.07914920102717014
0.02475627196894008
0.0037735517849546247
0.9660754139030281
0.7993786146054322
0.02940223725676087
0.012478929085110451
0.0016950721019662399
0.011657607703441002
0.012228694190245313
0.08990544411062483
0.005209993148653441
0.020206032574600644
0.014661280998360792
0.020262954896355538
0.02081330061547792
0.8473023545839456
0.06574171376047308
0.02086571342003935
0.007263182384415486
0.010606293770146972
0.02874146313831592
0.8914590061436551
0.021289302405622147
0.0076890940436344
0.07774551242222809
0.025743147547216405
0.007688799151712053
0.00780765097484126
0.955967161701988
0.02941621838755257
0.21064332172415554
0.08400668975406783
0.07019632062050107
0.12292339414249552
0.10567765559398397
0.0950962764169546
0.003075094743611684
0.08648362653533924
0.24165024798324086
0.0875549545588344
0.9799729985904801
0.1934654925877067
0.08915537206535212
0.05229503058724156
0.03894581172906263
0.02637706363469309
0.06450935778362427
0.04333859806299546
0.04891920747884739
0.05375855325774043
0.03941515182449771
0.07070418908460133
0.06619281973250132
0.05757175502543072
0.15093164000732526
0.06792936282981353
0.06976737774635376
0.04547125151470075
0.18834119262259283
0.19895324598821937
0.9580652340382334
0.7834186527065439
0.12042762642036883
0.028740995583878808
0.11843270350356529
0.008291298237559105
0.09272864636410834
0.1360358088863607
0.1775856483681929
0.010744548316625229
0.06444921276728052
0.0777819226875476
0.9507323906088548
0.927359580811363
0.09441338568639218
0.026760195556575186
0.08322688070002619
0.11515351385475531
0.9846306644740808
0.026870116006960012
0.060637599771732754
0.2326557783717697
0.11964380864818079
0.9713696365201807
0.13118768344589093
0.06579052073127524
0.23798433955727039
0.12849862334568274
0.029285425759138364
0.0650648011221647
0.012155016601885777
0.014418587178864442
0.05009455036440228
0.006172995552563083
0.03631862170904771
0.020047968734770737
0.006400514356037095
0.3182806504570565
0.012726523856771423
0.1250409140298429
0.015327902012599422
0.03784806773637913
0.9630363460813032
0.007574947457738873
0.8884547243408103
0.07095281162990921
0.0670980728258822
0.0518745924876213
0.05574485758870602
0.04982056617747995
0.13807282404973342
0.025403688680055502
0.3520194131608147
0.0545956291983262
0.01361564921293989
0.984416647301291
0.9870739558924103
0.9691373934182019
0.974714397645122
0.9650832887173416
0.9069121585713432
0.12883997244748274
0.2715502158467383
0.08293030517700734
0.07316419075242617
0.3498843600690656
0.02586682244336609
0.05930600523831176
0.25752922669540995
0.009884131775180537
0.03668504990526273
0.9909367923788561
0.08214799037414984
0.10075839704527764
0.03408098135794501
0.03620569748799591
0.004964767635034281
0.11947689481622321
0.08057014329007114
0.17496588109051273
0.029790346085274748
0.06828713791400481
0.0925830046594078
0.0585530059234302
0.08711908585384857
0.005752884182961549
0.019136959644746446
0.9344798028229253
0.07773831721538428
0.11569096679382262
0.07796324316896783
0.14810424330672992
0.15776133057898836
0.03567592391571897
0.07063746616865711
0.11669594149736055
0.008717096055376837
0.1481782051201216
0.9274121414917352
0.0970364107070823
0.04380384760255064
0.1745514286590083
0.3898995102291285
0.06352312174356403
0.11274307036195563
0.09899721541153984
0.0015221707862953548
0.05299948505506053
0.4426242949310435
0.30424061409217396
0.4007141147458641
0.2917912942895818
0.0015984804766466481
0.056108777198402945
0.0728256870762996
0.3133126602111293
0.01237174337364977
0.06369158101650738
0.01968182025022019
0.005811771542894672
0.031295575382722214
0.00363901795570355
0.004999448683326102
0.13354552687994914
0.09387478901587094
0.053862477837454396
0.09901467069411375
0.031210605302603823
0.9491472052624109
0.053224631320381875
0.9591804802684165
0.03141999158430618
0.10276921343270531
0.0140818768811921
0.034776830203559955
0.022201412431511847
0.037312379551536524
0.02393930673337307
0.040712978397651235
0.9855987540770808
0.049522493934998454
0.010016840000271705
0.007879752414468479
0.02834961034318958
0.003660330392550687
0.972236504321535
0.015057077723934194
0.07244986710930554
0.037697132681332984
0.041983825660148376
0.05537036710740145
0.08968707610759062
0.07635705592934175
0.15907888393898
0.08315690516469439
0.05705965139831957
0.0208838542992661
0.10987513806627057
0.09113793928517136
0.10136540722139084
0.1426158579272984
0.044401705564781756
0.04408998373127106
0.05915049921345937
0.11128054339892034
0.024776409256121144
0.11098020407934352
0.15243212671215034
0.013798650779780078
0.004108794074677312
0.10072645988802448
0.06579667383186123
0.11565450782476772
0.05572575825985328
0.14814147812331485
0.0077954100761484105
0.12531988861707025
0.11126290685360868
0.0015951971764941726
0.06634784059093472
0.06897741946251146
0.9929167883573905
0.9967852525127754
0.006676915093051749
0.028851577148014913
0.9309145352420988
0.08038509278145602
0.09163449908495416
0.03818351472279691
0.03535122492323577
0.08983737611782361
0.0297167744608605
0.08799212014408819
0.023505675030968554
0.05654733174323888
0.03688883232775826
0.003709124489142154
0.9458208018384593
0.07850251420212517
0.9611753620165903
0.11776517443602619
0.026012295990403986
0.863369162572594
0.08067136698856502
0.02978297247115307
0.09305623293281642
0.09312354950518341
0.06238887509877133
0.023130059323749765
0.013698953296687494
0.1783139215952866
0.05888611856583748
0.33698384726487846
0.035008174289003206
0.05828825556918368
0.027125751640407092
0.013156151342971661
0.006962974318170133
0.07525501623232514
0.07596316470310432
0.13957824334810318
0.12857823217911368
0.024952054312169684
0.03453867997367196
0.5507578176377823
0.25513030624170746
0.17410799568932844
0.026927808148550777
0.12226997910666429
0.02805366464403609
0.02626387766567279
0.0957638953537381
0.9934444787257452
0.003674031411541127
0.013364081505627526
0.033026400898895254
0.04404226841780211
0.0531274694222296
0.017272371877318136
0.02765320591413319
0.024206495621746527
0.016253946403516795
0.037637819684078165
0.025415031852730332
0.10044010190700303
0.017474943938446456
0.015715136308000643
0.03756733261642241
0.014431205457015503
0.012185074786367808
0.040410418188531624
0.018306057370213444
0.042949936715111825
0.051615722029702986
0.2765170802070224
0.04858278187412191
0.001177822464684978
0.02192179518131505
0.018321636697297364
0.01127704810158248
0.009917044499792227
0.05116916658649064
0.00957389462701895
0.03848525777330688
0.05915785469244831
0.05525023369528834
0.8372272764788675
0.0931934232698898
0.06954564223151574
0.0038196939553067923
0.03754028088379711
0.02699105016857415
0.047774163338853155
0.014198556293874636
0.012119298737638461
0.008906645136846879
0.06864441563362098
0.02245668891262176
0.009373376737692214
0.0024349847263972152
0.05415092839904099
0.005299368489520637
0.9370782681308929
0.12486239964412749
0.011226193117264272
0.06601771491435889
0.006673920084116945
0.0025724611093470174
0.00362518979010902
0.024211011290673306
0.10770461933587977
0.01805893763960168
0.07796133411084231
0.010948126815252923
0.04854242387045136
0.12919203331804294
0.011205923084059594
0.04398529941645413
0.016913622917036446
0.07137170367755608
0.9908994899478956
0.03788999251877987
0.021372758014995587
0.006396243522680019
0.03292076269008246
0.030118644985250576
0.04866312947909402
0.9778941173768404
0.10944566375080014
0.025554763508261736
0.0447977563449654
0.04703738270487726
0.005409488400863741
0.08021747878702641
0.008874403272720835
0.011468993905659834
0.0009505227755935479
0.01446746286631919
0.14514969612050108
0.004683970620762611
0.0024364956425376384
0.9826920516709376
0.0022340041143905573
0.06802760812886553
0.06581444991720777
0.057004779994677464
0.07773669003698598
0.06246169477082447
0.12792704936884394
0.02911611907305024
0.03686978967243943
0.0012318815538707993
0.008364745568740024
0.01171164711554231
0.011927275637431907
0.05987574714488667
0.01983835527642628
0.050079155216251045
0.08439190479310597
0.012809183113668824
0.006226962354198987
0.9909514830481789
0.10069876655073084
0.12741559198378116
0.020538440710402617
0.024491951961421954
0.04887534008666779
0.0014545404769616686
0.020470730979773817
0.004525521474896329
0.038668106181664545
0.9839651009608187
0.006822425041746671
0.02530274541089739
0.18352293771184894
0.9913977610914149
0.09405457698160699
0.05952515898914049
0.1065683860503033
0.8777634452762078
0.1893012935426792
0.010638072022766456
0.03640990235587148
0.0035418118834503565
0.02393252786947722
0.027628008778844287
0.05533582561094593
0.9253992591034473
0.9873462470349949
0.9924225011149942
0.9838302779862108
0.9933230946666366
0.9920670289007966
0.9898880903865227
0.04011759757101909
0.9919555927449503
0.9846358301109484
0.01877277024162469
0.9801621448425053
0.04351615426224086
0.9808275362716826
0.9826712833642788
0.9969951347891794
0.9915785938052997
0.20374076266947277
0.02741421642012979
0.97472111636787
0.9530228019580347
0.0952845544219451
0.9747717115804414
0.9890915266585572
0.9810798907022035
0.9901565450552242
0.01441321340344891
0.2568178984970054
0.12499241289953018
0.0030048412559947092
0.03722980864711044
0.2876022097264379
0.0014231332056053995
0.08937392624555462
0.9078156660728943
0.035906347345023425
0.19370287923527535
0.10816262916928335
0.08158244325193023
0.09033997510909192
0.13380980362260383
0.1183285918582962
0.015006447023830161
0.10879850673375281
0.0039424610366747
0.08910448164133307
0.0727998006183873
0.07920394803239203
0.6627111072003006
0.05318800090023114
0.16603408937420633
0.0821087548932819
0.021267310749220756
0.06394642582137336
0.04391104863012336
0.05358244976060825
0.023456959761186866
0.031696518691990284
0.08043027303371993
0.02110993067286221
0.418966881923099
0.002909731888549785
0.09283637355621234
0.0033596847354654203
0.10177573171666507
0.06269370251832018
0.039561610110840674
0.01823691556827889
0.10950848717504516
0.9443084272974848
0.11110580069356928
0.06497155267955151
0.017617470333711235
0.09373445030788013
0.0031750247345718
0.9739103719744696
0.08722470561389997
0.06269107405885158
0.006354935536061589
0.10371922399630754
0.05191929130409687
0.0024462972306415276
0.0473436623279505
0.1662993216262786
0.00282595978190246
0.059681097749108736
0.8962644596800754
0.006123564055252482
0.022662812725584396
0.07058467304922456
0.05497588295018436
0.09878246231469648
0.05136152103444393
0.09005519675301449
0.041898725444926545
0.03987974894491811
0.02034749917583453
0.10115057408679902
0.0024295179187853954
0.12391100920937267
0.0762335869709998
0.023517749855793624
0.044557529394897544
0.08990276022575798
0.08178357317492715
0.024056994676228013
0.03331709508764993
0.07696063971839903
0.2595073497777108
0.08886966700632612
0.0669542920554723
0.19404694629988936
0.006374444729598972
0.004263521491891736
0.09584590570717116
0.09449750377477345
0.08582625487064499
0.025106575578925323
0.058180575952639445
0.018872287893524145
0.04632483586480533
0.06835723415542976
0.07258074196532605
0.07518348144108739
0.9457324790231948
0.062454976022987364
0.9549086358686858
0.32709947705422515
0.03906046146496922
0.36106821539036654
0.11481772639213944
0.10572112526557076
0.009497166114238636
0.15610991687904083
0.12997133460712298
0.0011567446656868409
0.0759216348689288
0.15973241351277764
0.02773387349707887
0.12110988623557373
0.005318536838381697
0.06678354816029641
0.023224168838382086
0.14117646180462415
0.061746629668489254
0.04436452652485869
0.14927438696920745
0.009036519704095351
0.03187223243446801
0.00956906781085901
0.06630532958446562
0.12888914270023905
0.12246332895327885
0.005845793274815009
0.020841813669035005
0.12407792796396527
0.1383971616640964
0.05686307093903277
0.9808046284191515
0.1122333107617576
0.06737378083265037
0.17179878333729048
0.07685249890137266
0.13243960719762987
0.9351499173944687
0.09700569465753901
0.07944564695415779
0.03505640077866454
0.06247964267389768
0.03597137883031942
0.03141666378006375
0.037825740620325655
0.2997382194329595
0.978493112186006
0.15837719254566213
0.11257795919902004
0.09574291116042809
0.10775948557263584
0.8874031132190469
0.04031904290041941
0.08159118277178705
0.04660358406036944
0.0857800341598226
0.5504078041081414
0.8968943114152972
0.9245048532018165
0.3349259411277588
0.10637595328413717
0.9568325259223397
0.008851385042537949
0.8802652483341784
0.1586972864261519
0.124698237148372
0.14773172507396096
0.9516394760490859
0.19487188964615496
0.2423484494142351
0.11665428920978248
0.1464103696024495
0.11026645992740788
0.9209775713670428
0.0510111472444438
0.03290754351284483
0.4281139776536461
0.007325362630509428
0.30241459727797315
0.3034481685785035
0.28701840657167355
0.963880857769571
0.060770434316966264
0.06960716927066593
0.0675959031241742
0.3252754084958793
0.03681560700632044
0.6940626747520177
0.19358237335847706
0.08285504953045819
0.031715042506778826
0.009687485043899288
0.9879180180406136
0.02672493481558039
0.95142234488203
0.04568522555424443
0.32811443272562124
0.04626071419815421
0.052358021597076934
0.9467213079580882
0.9174879028043461
0.016412153057034733
0.04815607624391106
0.16580631372966353
0.03336279639823501
0.09137002997563166
0.9779356701851764
0.059626321743133315
0.06966391581982542
0.020975147914894524
0.06892437021732799
0.21532297243714715
0.2867524669547993
0.16019791687065793
0.9819792849512471
0.09623689794915906
0.08038545330846637
0.9784756669833291
0.0059395216216369656
0.10705020943148039
0.04597479108126183
0.07765725759196386
0.009101518834243741
0.042444509616885624
0.07151438824694213
0.1004372660632277
0.008248069300049976
0.3676752037756798
0.04368264361591103
0.014078831509357173
0.05226287259585012
0.012602150090964818
0.964280666857906
0.09259740669103649
0.46826487774578734
0.5387911691521098
0.045708960758418106
0.09042661839811736
0.01524227224874073
0.08941095476413653
0.6783035151030788
0.9565543970337916
0.2960193479910309
0.11964443496795218
0.08790434056669741
0.0037596429322135153
0.04055324554351651
0.9692747767669032
0.0758813327658376
0.023759828715518398
0.014507829030265805
0.025648703090933804
0.046684528805370724
0.08799941553021681
0.03872462452575289
0.05177935577854741
0.07328941382216979
0.22428529222847846
0.04668113368092102
0.09502385723018746
0.03491714687137279
0.05229503058724156
0.006148915394762417
0.0751190595904214
0.0647590571360615
0.07410572789676934
0.023241337747533442
0.0066757828082695675
0.1748493964045843
0.0546684055949958
0.024902282361676662
0.04278580069418125
0.055476529608666884
0.04205554486217412
0.0318481216470597
0.04194146649544237
0.03307022145938814
0.33518549304117445
0.3978230031562701
0.1680144418806868
0.016804410529538568
0.24880893251545808
0.9799101520113572
0.950951962283743
0.9780202349328054
0.03372407525518323
0.026578903182804165
0.16669996968476627
0.8771383947960444
0.1303155379492038
0.9489626055668964
0.032559881995973976
0.024342226598831524
0.0035746406864511074
0.040554734685293636
0.008367971309504686
0.022529709880929106
0.031275674744270614
0.026054885784794608
0.024042085838066513
0.026398780981476303
0.031689203481930994
0.01458131162666622
0.0029128859081866665
0.053063625914689654
0.018104973583525162
0.0285730919948876
0.04702712093876061
0.00515390323050066
0.029740699586929053
0.010036313374259535
0.02185612340022293
0.1827528242373259
0.0060470767147442666
0.02305348360369249
0.012209479874114993
0.0181410583626565
0.023870686684503883
0.35926858445978926
0.018882328591457692
0.02958047617924738
0.00448877191945472
0.01921720998368423
0.6053311194402818
0.0007222323212668949
0.038541050174924436
0.037727127257490924
0.008765509605980144
0.04488730160587407
0.4509721551206881
0.026759318691730764
0.027797855194125254
0.0018768285918851278
0.1494066675010763
0.9096226115248562
0.012201157290136256
0.05093546708046077
0.04447165629375515
0.008840650898531265
0.03278261312363014
0.04257947512206245
0.008820987200523385
0.0676097989977007
0.07167429255005531
0.018724932208320357
0.038887367274837686
0.11890372231316804
0.012687743304035017
0.05712411109014295
0.00532153942180698
0.03424719597202167
0.048499808593880166
0.03213072215730514
0.9237772850615859
0.003144313691956581
0.010228223049645874
0.1974814818175639
0.008514618560114597
0.0011837812622130903
0.008750418435087646
0.9719861788857246
0.29997188101943556
0.4134382370780477
0.0071526592787147965
0.12792259390151334
0.004974117061941379
0.0008914416976590963
0.0018103632778738445
0.029730264124245443
0.001953525876704003
0.005577071166057688
0.008554160035929861
0.0031374516944521207
0.21649626302448088
0.02677519337883913
0.9741264059151155
0.007365331913710713
0.013823787162064428
0.001007183819970383
0.032067767572916406
0.018046528937123427
0.033291182614330964
0.012568996435107374
0.21655377838781423
0.8789524013706408
0.012153203819656764
0.05430801641777017
0.007779660109993991
0.009252937727189901
0.01780154394847926
0.013576966206709007
0.020047923571750496
0.9875323262633218
0.04352105153005815
0.047468828607692456
0.03338697663291957
0.9765508683042328
0.0046253541653847215
0.0013878603502682299
0.36373811251486016
0.0028051450641953606
0.0036332586991517195
0.0026552671034324156
0.12589888810149683
0.1947792870066076
0.006735339464012011
0.04245174349663551
0.033810555584979154
0.009611044822286132
0.03377333138215905
0.002699865717007386
0.021953624766542487
0.04132671401907217
0.9024670472800372
0.005953212411536437
0.0020001496795155347
0.011867691718604627
0.04420779618983709
0.03062714010286101
0.016039784928484076
0.061604331543489335
0.04244813474357876
0.3272819535534242
0.002361679674973633
0.07242585754230729
0.04565720551904529
0.3293623439144318
0.04111044701246735
0.07170270880570775
0.0009618826364301142
0.853158605747927
0.0021001979638435152
0.04435213690228015
0.006858115517748797
0.0380103676668682
0.062270293412086127
0.02207620499290059
0.0014161681770674876
0.036356855742348926
0.002331090403175356
0.34437960239864496
0.07410127317367482
0.9696545757422055
0.03294955323532246
0.001970045814136577
0.02437512584919562
0.023511172749985893
0.0361416559083921
0.9128949236165468
0.004114366512486737
0.08555471373689612
0.05299495122646001
0.04639094607730002
0.2054828357717069
0.20835197232467104
0.11383208289556628
0.005613129725978907
0.0533392276576266
0.17909994577790236
0.03714572643001096
0.02347194608148812
0.026504628349470816
0.436845742024157
0.008861639907870818
0.015178579385792436
0.02293144657455962
0.023275692018613885
0.012575547776939245
0.46653893347682523
0.027314046736506486
0.02410813688543504
0.03107526841512298
0.011399734165964385
0.019511642935619394
0.03650286580682828
0.005051422671981114
0.016739730631121604
0.023815768296420074
0.0051134650756906805
0.004317439205457673
0.01035892659733356
0.0203758784710117
0.040856355664981685
0.021717480833074343
0.015172515333581686
0.020727988661866485
0.027050855562711463
0.053616338084697096
0.023098987291520715
0.0010144184169902485
0.029602177454784228
0.001514702903627108
0.02009768281859925
0.01286987461485932
0.10434681527954295
0.005688808994825257
0.019418967876996967
0.012644417356841247
0.06105442033971876
0.01381009054560869
0.04623357558867853
0.9582776423545848
0.01318573453128616
0.031383433691019084
0.05969316722710378
0.07459817195603112
0.5095832641757421
0.06643698354309717
0.028664177762696655
0.04033316917035107
0.14873300065445305
0.34675422734123373
0.10200602945485535
0.000566681074757476
0.04042215864626727
0.0024420340757919305
0.03744532431708716
0.012512234560932447
0.08031151964099344
0.018974603019927917
0.0019456973794178601
0.029591270557848798
0.2849961425796364
0.0834217503211842
0.9417172630147437
0.033059821820650814
0.2823255928906342
0.2083751389417123
0.014205792800183383
0.0014838063089005196
0.009380107868528338
0.02673384945369331
0.958750722311981
0.014204273507179135
0.0017462288490265473
0.02423382185285643
0.021378202552498858
0.04494339658242705
0.026279796901090266
0.015861627819672958
0.06569413393826656
0.012711483709054191
0.016007014558437987
0.010604578529174536
0.0168332636138652
0.012369175831155977
0.40865368930735224
0.018195512029649943
0.016380364912970652
0.021806015373373157
0.011733150238949216
0.9522447683821121
0.015214962165364365
0.019209231345813024
0.0188608056497884
0.021713732057836183
0.7753628167557985
0.01844692852160578
0.05882764269561952
0.025281651042475393
0.03882385412749765
0.009856688344234954
0.09558503497286336
0.010183632846358301
0.1509078081528059
0.011112186519515595
0.02916389090857316
0.008587726916138834
0.0371667815620054
0.018837014041208647
0.06463823750206482
0.01970646782467806
0.11899710786113343
0.026134059559925538
0.0464358320443185
0.003982621148928909
0.04782302304482782
0.0024820325304319444
0.03612769206707503
0.17289306554417588
0.13519760935621886
0.3292095177364624
0.059085110162653616
0.01466376397730391
0.017169249379365627
0.039907063337985306
0.012064159443878758
0.0036016309034829007
0.01933900726578928
0.9627098152407805
0.023815768296420074
0.2563780039193178
0.017518192940532737
0.12496432151863851
0.9722242796648075
0.00618842330136493
0.013996269851279435
0.012911007147719306
0.04248094175876293
0.016077210245188742
0.01740602756898569
0.004792736122214798
0.025784534871660603
0.9610999159637458
0.03129949292109238
0.008861898090704689
0.08394099916370532
0.0029423313094252925
0.06579412035761024
0.07483369054594369
0.04959906143657201
0.02843159888507709
0.0038764253809169774
0.02473440297643808
0.011417321414414311
0.09660103909333477
0.017902898656142755
0.6032830771625883
0.07358944006807841
0.14040846495501796
0.003784076618829301
0.016484630343257593
0.9877183841359093
0.1221502612756617
0.03770424925992021
0.2383157336667145
0.051991912768222
0.015818193028243624
0.009311976893345748
0.007731372930282719
0.008619519093139058
0.05753778283677681
0.9966535201941679
0.05835386791327468
0.003714712652965161
0.9841969725082923
0.9895150394602632
0.9923037044280899
0.9938800723000906
0.012549025283308765
0.9898120744372236
0.9941478120022333
0.013472743751630318
0.9861567927538558
0.9941406015473777
0.9943172798783902
0.002015956853376679
0.9464183421250298
0.9688844374256713
0.9814930147514083
0.961284981089514
0.9604847669666736
0.9836378448036307
0.9650928277838748
0.03177336157573641
0.9435683744787569
0.9339508314787284
0.02828049960142578
0.012588791657458244
0.9311114576178431
0.04999843288451003
0.0303342938436628
0.11164200240914753
0.08855977694733355
0.14207388885810926
0.9728957115218401
0.02419795126254308
0.0008788704834328992
0.0019379891545919345
0.011894788038108037
0.41520264313531974
0.9765977467805902
0.1052392070554055
0.11023178678691248
0.031003810713311167
0.05176984603763007
0.08340088213037494
0.1841159514614733
0.05232221809630673
0.9488829889255477
0.042146713759321684
0.014377078039734125
0.096210233250549
0.3399844556240773
0.19982982002235225
0.028472299914640137
0.01698154521546556
0.030395556443416506
0.01768747835019616
0.9850595594985978
0.013231870375613368
0.034798889880592855
0.009866630691392226
0.04374650588120649
0.15429220255329718
0.029282694996005446
0.9201201735942979
0.0429531273805838
0.014937880591027282
0.02587059360912935
0.04558801873046086
0.994691153237801
0.5482987205130357
0.002196252173915075
0.014309668521737567
0.01261628260228533
0.7693576052761728
0.06028546830282001
0.9450029031234605
0.023221583799136164
0.28835874686889224
0.02617538446335463
0.01459800127349863
0.03639427632794121
0.014687100770903221
0.9253635864852441
0.008313460257132588
0.023170585643268626
0.012269900870161193
0.19288099940351466
0.015790509602103323
0.004810415911898425
0.019616089583449865
0.033391631411284727
0.014036733862493114
0.013299132698032777
0.02237362998106427
0.0036157634339469336
0.004377556734546402
0.003963261570272896
0.08540409000495572
0.051201144035232196
0.9274064452229729
0.02090083432442703
0.1109216747836917
0.49328859944073034
0.06060559472903142
0.0011877156097199843
0.008442895107365189
0.014999458286133792
0.1811019258908274
0.30963951941586987
0.011434865752950085
0.0019210726474372436
0.08244865416641357
0.07356806638663446
0.3382330728104546
0.0032424070452475775
0.052980597360960016
0.1094930794672284
0.9502704084903385
0.01581295206729767
0.28267711217023256
0.04749253084621146
0.067363756775942
0.015068277375333755
0.009836285997614058
0.029101081860969387
0.02899588586608624
0.007911836715928862
0.0062962142758834294
0.009928290056267157
0.9863374032802027
0.0200501373291012
0.0009402628214269723
0.041445809005128675
0.026187206808040493
0.004622658084776725
0.11001062004849231
0.0973740837216032
0.12651665808018353
0.10001189213651805
0.07515877593592389
0.003898949141738447
0.009614693752977688
0.022030388911309706
0.36894463212109085
0.0033653392579397288
0.0432785933991666
0.014868963704508738
0.9639452975568932
0.038760386302937606
0.04577262348818635
0.02508230352782179
0.02385137934609513
0.02354271447404928
0.04329949497020844
0.024511514982610113
0.026648829935205485
0.015773693939624227
0.03497233235219254
0.018264540277488892
0.009725392255126173
0.009383309663403382
0.003985695519413949
0.00345406139083444
0.0021003407882204364
0.0016754624206816746
0.016687187794028547
0.00754326541725416
0.9717416262092041
0.03424115857787141
0.05698251213212596
0.09407725384834414
0.20001336218634697
0.028757650500835178
0.006630484218171184
0.009237970408766519
0.08966918849649003
0.0025648434694794777
0.06378084728497624
0.02100867415971987
0.04433076601028151
0.029734506976190535
0.1334611593231762
0.27503521279075205
0.02445179124229964
0.036838376900610266
0.003161771087065716
0.01079281658471859
0.012145086975137507
0.0847389252263155
0.005605476255614545
0.0485571034267351
0.053551754972033364
0.09637027096737984
0.015417907555669054
0.016186507769105976
0.027091366037950943
0.028148754355991068
0.0008919266824127704
0.008659171110037545
0.047445980157407946
0.03945897850398398
0.011526397428957709
0.01214301607698796
0.02525073900150154
0.01589718596891534
0.017193208401615128
0.07247240001816405
0.9280556095655234
0.006029835603502794
0.0009451420673821296
0.29505171624698245
0.014138487391329578
0.9424451550211934
0.006018089425909253
0.020277730956681297
0.007650524015853739
0.026064292600874464
0.048243224265735025
0.017438053977580394
0.004012969059290048
0.0391589505064683
0.034161099399032224
0.029338365637308784
0.0624452040115848
0.027381764081366233
0.03446509776461715
0.4128690759229732
0.00544301175274733
0.02462390065045235
0.018090377861771537
0.0040781959293670865
0.9870807153991993
0.07282980022347539
0.050145305309237005
0.01946718718177038
0.01743892792344137
0.003673651567024061
0.9961920675683494
0.09627159215668346
0.9683515476381075
0.012668292477581245
0.9719903864764761
0.043707124994391076
0.23550739991963998
0.29155466688808207
0.05827327398187512
0.04411716092115742
0.022707003228931513
0.1066241088402271
0.045676415779397184
0.029582664426896402
0.015423816472495744
0.05654629486387301
0.05551068720224308
0.16585163414774773
0.10691039305091411
0.03005758500048311
0.9472956277700878
0.04132636038771992
0.017870973686324034
0.03731053446725902
0.022330134605634707
0.03828681195704607
0.026072145379502965
0.36709516484538246
0.007123638786839953
0.05399971401946093
0.01933604705772557
0.02040073036337409
0.008255294549362076
0.12533920219391526
0.03965067294991986
0.09575459254221201
0.07316162010583475
0.029807518967810243
0.9924431869104439
0.9855059774246753
0.00711454235001836
0.9774497484974388
0.9939178736546611
0.0017034177586532817
0.997169686982813
0.0665025112832107
0.9481116666332084
0.08471388209981354
0.139127143674533
0.1278181065663609
0.02799966373746834
0.2183598266815372
0.1249364012196651
0.09622651746755322
0.06959185931727746
0.0290579931969998
0.8540607778009007
0.0033261402805277846
0.044762338618627016
0.016449834211933426
0.044137194845957614
0.021939055042454154
0.03505657131129891
0.07888907417651672
0.9445989163331314
0.00666843577806811
0.0698765202122492
0.0409514161687139
0.9053703563707851
0.15740299726459386
0.07379442404385174
0.07563447403675869
0.07445719849598591
0.02308020524117514
0.10556583676354844
0.09341891442240981
0.043766517348595456
0.006676197513714152
0.043102488871416114
0.9887625968060443
0.005059668729463436
0.9823591876405532
0.08493255562442185
0.012872628728655158
0.006192581321989542
0.009499454620011212
0.00290748773724946
0.016566228521786276
0.008951362881699322
0.02781786777254564
0.02192290899561427
0.021644797258426093
0.007667098667533118
0.016472655040662216
0.9344607360513
0.0036629072306294686
0.9512983237303968
0.015964700760780375
0.0077891136616257
0.03635020498756151
0.10747753615409873
0.09912940246737346
0.0468225667775207
0.044852850140369965
0.009038535824969166
0.0034443032464525243
0.039742465016273126
0.004106870656598409
0.31204986371512783
0.032954926433261096
0.03810610613542419
0.023897675521865603
0.04231499799159049
0.03280293499743461
0.13388964500029066
0.03315334514163927
0.040784327158339746
0.06250219625610542
0.0226889671911332
0.026653866980443662
0.023531962854367143
0.06748009462526969
0.09244064895651649
0.023425108951580936
0.025083337213936695
0.01008832223629083
0.013315785862978281
0.02237167105145384
0.01142448532246552
0.03803932128475363
0.20203353944285227
0.004074677057896627
0.03312121807845855
0.00446669492110306
0.02869317831294606
0.057319267336587376
0.004839603199246343
0.006711513437879574
0.007167815886212165
0.030565044258391193
0.11876971147926067
0.043420179738316966
0.03316187211087389
0.020202683325945187
0.009695516542815572
0.06290496526676033
0.09335839152678889
0.017799986762448095
0.04747491008599248
0.025915763925198943
0.10949478678449859
0.018659553797741157
0.014030988259221848
0.005951153715846702
0.06595285115070149
0.02358556893574655
0.9673189936653975
0.039987717874729094
0.03308339917330128
0.036585234540382
0.019755065855934898
0.001313305682857542
0.020025732852019886
0.01622774116888843
0.03226502264450443
0.029566419069569572
0.9299015135496533
0.21445581685078713
0.33251291611755146
0.04908269144605935
0.008509820184725646
0.021037709302762712
0.013573420687473298
0.028708276207029593
0.0698286386201537
0.019688653088042362
0.003242330162764302
0.01884872225350837
0.03715611557320541
0.025109321631714115
0.0056223248894415895
0.1032618963613311
0.03213699402376614
0.007792429273548921
0.33584235764466946
0.013736095216234376
0.005714786424591342
0.015042998277394259
0.022584095707781273
0.006661315030513248
0.03948164335174597
0.061766901131385984
0.9096966003972053
0.0604408605226539
0.04385552346925003
0.026616203982850695
0.005933464610996502
0.028945574101774667
0.009214613941431967
0.0033215316697037226
0.015494766035289646
0.03176765138221699
0.036640347625266044
0.23376842795910174
0.05456503992670807
0.018010290903931556
0.049498616259506946
0.022653370922999152
0.08155366502234293
0.041473290138615226
0.9896716416937548
0.3678621479526742
0.9578422646974318
0.22171952025432118
0.11179769625748495
0.9109203423858712
0.09420383064154073
0.027670444646814896
0.0011336354369854658
0.06313781449940456
0.9921706192791582
0.1374164118717496
0.03181293879633574
0.013345832802216955
0.3356975972001316
0.1698943840092905
0.043116351194677396
0.020059587327864427
0.008563423736867646
0.964493695445947
0.016602134348243352
0.05313642855027195
0.05022291167310573
0.022287548870923952
0.0020762155710215857
0.05410918506081309
0.03191415380990574
0.019468791165624076
0.05363629670841909
0.009325405951190165
0.0394577724185763
0.013187270261740523
0.036883271757587904
0.043445644032634026
0.030409438634149636
0.01290668356942364
0.0038469942495958616
0.01545946086391379
0.02341534564433348
0.06295617247001212
0.0162162727145963
0.09729121589563211
0.05246721646280338
0.9049712160556858
0.14117723620798
0.2994317361534581
0.14456966588532558
0.09065079706571888
0.023016987825553004
0.9486328481726619
0.060700816012527345
0.08389260314591589
0.04206698506376347
0.021963935052396272
0.06711669605992218
0.08635694055854701
0.9114328108611355
0.009694503943545268
0.07267645381225658
0.03312071910773191
0.02245053918918005
0.8250669874216188
0.13092976763609604
0.19174176662192913
0.006788442293705212
0.04959768491882633
0.9744716623566236
0.9709051658741912
0.06835182180327559
0.9383596946531335
0.16125198616563144
0.20542950430090187
0.1461890993227569
0.03533793899369944
0.018191086137227946
0.004612267952601798
0.2326817285640432
0.10684894405016379
0.003003620664057589
0.005702818586538647
0.05317049987100477
0.10229909307808208
0.7167567132526769
0.002992207365097582
0.019261557884651358
0.06246169477082447
0.00434268254008305
0.8885345621777655
0.08759638878810311
0.015490269899439735
0.005978039585429004
0.05442453828693962
0.02798723630952788
0.11628965117098367
0.012395461901160375
0.08007684466975289
0.15641537879094355
0.05526527199139
0.15128593171964508
0.04026521908787489
0.062076162394061996
0.14906942914879065
0.06524176493139888
0.036437025682654
0.18342250409321162
0.09996810574741008
0.8175093650762094
0.05537438045320592
0.05263593689452431
0.041736508138473884
0.05831100808561293
0.046896089997789964
0.004606257707588857
0.42160902125493904
0.04970993414396013
0.026175422768756153
0.1875271578466652
0.007381833093829878
0.047041166012874246
0.0653130079490225
0.9927836362767737
0.011759327163901885
0.05464922513566616
0.9543544285644482
0.014504345700754429
0.055904637220538254
0.06705345625600367
0.02713714098928257
0.046501064414876156
0.050496457292356196
0.007441420031030366
0.0067806815320882955
0.04903219755429178
0.8382875378571927
0.14541818672837742
0.08303745386713353
0.039380488968973434
0.8231850387122366
0.1424308471588981
0.039970041821009494
0.02355097242528429
0.0858660967682104
0.15411497632805138
0.06252432071775069
0.035552147641784645
0.017187181779599985
0.01798717918481122
0.06764823262919865
0.11464275058909182
0.07605283319556225
0.31288845782937047
0.07034282397862329
0.014522177581026282
0.042015723294393376
0.060474918178920437
0.033882939168841525
0.02628626163970433
0.04173220786801743
0.06658184220948055
0.030412877995575165
0.028326492619997944
0.034269971324411536
0.02063390393296895
0.1384612265631581
0.046642822850847136
0.022681916618011413
0.047418991954663516
0.013570265021267708
0.006293867649115549
0.023645228414847196
0.017430851249560946
0.0184520712124583
0.003493149168197129
0.011199845705787718
0.0328456394366477
0.019329783274366446
0.018254033651208063
0.09463293786003088
0.009988088646655159
0.02490709722704478
0.06690201293475066
0.9629079800788322
0.11651676956449102
0.09101428195288894
0.31493333657101175
0.873353981975631
0.14646310447298921
0.02303634300108076
0.021161766227640055
0.08016256636694272
0.00642838156691798
0.20199668116117225
0.017675983262061615
0.09252347721923856
0.028261457317824933
0.03470569639788584
0.9681721590438064
0.028381001401639492
0.004418156745412348
0.02949663799959664
0.016381035312742726
0.031222221162860827
0.12376957348002375
0.05645731008037495
0.007342497808037208
0.154924108776487
0.3006838756914501
0.012789824873560595
0.0019347408264037596
0.017990494506635996
0.009727720238271651
0.10123545617389221
0.002515267057217351
0.012870505996338944
0.019193844746281313
0.0010058217972667251
0.008738909590112294
0.003906052544906176
0.05642396898517683
0.003949387279934996
0.06478231452930167
0.9818970006981528
0.9923567863600423
0.10869563050417626
0.12707240798478792
0.26231575966340237
0.00258046436537699
0.01338836424287756
0.0266660591255005
0.22208347646203527
0.05159032101981396
0.09322328397453979
0.011487629436843545
0.1652238067691186
0.03712737172921938
0.990401876037268
0.937304898790438
0.11679635681359744
0.1969895794284373
0.030250610718559924
0.975219984517679
0.9453664766805819
0.16281965918474126
0.04215454947300081
0.1522332435565017
0.027711424415885352
0.025926056789456746
0.3624309016777008
0.023008020333355774
0.009721364761311442
0.19109897426571668
0.009084886833590494
0.029926987294574083
0.9623358201282914
0.0053787902097204516
0.007733861807122928
0.005515817150214068
0.06506639781431622
0.0009909967384662162
0.07832690880057662
0.004731719687132602
0.07649371329749884
0.0323137347799206
0.2584949355735849
0.9623160930354769
0.044315897566288114
0.013480623353323486
0.0045739302491126675
0.12300084233063063
0.961666372225862
0.02613469883197892
0.2994191420610491
0.09273183068038403
0.02242913073617719
0.2345659908624105
0.9581904742150608
0.9184847057957204
0.029174989681788235
0.03585679574403595
0.351230654324014
0.019952998284200992
0.004127186376278858
0.028825019637152775
0.19800499721453022
0.012009227322277658
0.026976433785313968
0.015528992759871805
0.015280040475350335
0.04216123831866997
0.0066193405143881385
0.016696299213504774
0.00493330723741794
0.0436169087075726
0.0025158071226577656
0.12486462884293856
0.04037507896205597
0.09852190937037307
0.06144829846983409
0.015238554926795364
0.17998245957483883
0.0059925556359624625
0.08783042423893976
0.7466239426774391
0.09611997429174259
0.03640873959327722
0.014105347546186284
0.22459558532316715
0.9660271881267561
0.03737600703022031
0.9780384351422466
0.004743466190546431
0.03841219189612961
0.10541997180303893
0.9647546968197115
0.08796966226646478
0.08873938493527134
0.11283610780338325
0.06594588462786735
0.37103358142336096
0.25832659834136157
0.9883167506388427
0.059079928173238455
0.04935310505635754
0.9505060087612204
0.113912988989612
0.0974168207014365
0.07785053062304347
0.2477926309288039
0.9761313444978765
0.02033205892753255
0.021953034413114754
0.15251491175532542
0.02595148733026425
0.1272255958862037
0.16192510188510206
0.07545737978590089
0.08811822544342775
0.3848486274720216
0.10295728549281538
0.33000912828212126
0.003220412491975891
0.029716328482720062
0.08050012992108722
0.1682723739227888
0.027465683236083147
0.07043962149002332
0.10540132510966552
0.9822814626405346
0.0791452684394216
0.04018725010900019
0.9651345565305257
0.03863584353259416
0.034637163537447516
0.03569111601399341
0.1513799922476216
0.0336813644321334
0.06666543485758342
0.023226952863935238
0.03992207481075057
0.007023281829366557
0.012591542020665219
0.146991828144394
0.011875243601987634
0.008044640052933033
0.15302565418436895
0.08485156312919592
0.01409120773663633
0.9740871284874145
0.2491325500995805
0.04458616944616495
0.033078465011754
0.2071323572917573
0.09548673305249784
0.1418139601743219
0.02562454353919845
0.16892448983182703
0.09096867223017302
0.05095641720627664
0.02144263507858288
0.022970081977687785
0.05825170571663868
0.21153666175750202
0.04056609505582852
0.8883791276275027
0.00305442856190468
0.10948563292799564
0.04333293232152587
0.2582944505248911
0.842426392475487
0.0032443523372081375
0.2882308813166457
0.04849242853190977
0.13800433306597906
0.013150954536452724
0.1694422240268446
0.05299134702296575
0.017264464828244595
0.00351053913572838
0.023472778264996677
0.004691127569664926
0.023185263070863864
0.004262847758530704
0.003885153480969525
0.15569124320996955
0.07616677968157298
0.050074579905738686
0.035924177617550915
0.012384223764872247
0.023901918534254003
0.09528848611653244
0.3763229216869421
0.07338867727729263
0.1855860609124915
0.0071299834790237515
0.03593910132534248
0.005292269337110795
0.14832662596142546
0.01746209174354996
0.004875086425754604
0.10226555324381952
0.0192097092102839
0.023723295696077153
0.028670293397437884
0.04486279288175908
0.011717139541582563
0.07546275604485306
0.16750088411394434
0.8465084839889777
0.03801017788421735
0.12767204347839656
0.07945931778923326
0.9654187353533406
0.031269158271963145
0.1587678099190215
0.31030552077632273
0.3374570151156584
0.009002727904928289
0.07224420088024275
0.010896658140820852
0.09339163332936874
0.011209403962072085
0.04254009197091227
0.050665698088747796
0.1563845874012109
0.010942061961086078
0.03646312887901017
0.31138908248321173
0.09624723125103092
0.9844888710681073
0.03837562551398402
0.006315034784689816
0.002193363206688763
0.8278513016853124
0.04419099040997524
0.16847394952380707
0.006444731733893373
0.10814910237510238
0.06109870488150175
0.9737995808715341
0.018829243294627245
0.025331190489252343
0.1743846018095014
0.052881970929162324
0.1763410502050336
0.025897952041907146
0.005112019746570817
0.15101766136655873
0.08013144654276519
0.022178599892542755
0.04462103475201067
0.07323606825795391
0.10460142874965915
0.49708604412031515
0.004925450577182559
0.10327947497018401
0.1677119536774403
0.29304197704512935
0.040315944875489645
0.02968957159857636
0.10995355246128667
0.38628244481155694
0.19144847776635074
0.10394996790781752
0.0768075770343868
0.07765827017115311
0.06493745168545918
0.15694293617985203
0.08788366845327461
0.27536907865334254
0.07286547751633518
0.0484600865143657
0.10247425502531103
0.12975506987250643
0.029889401508298028
0.06314951563538503
0.06913086431103793
0.10167145259097768
0.12945619437787562
0.2545305800881757
0.9674973175867458
0.01684855150487765
0.05558191870308357
0.13285918777391872
0.12902486442890626
0.035867160376913045
0.08068175338680451
0.9801987425840208
0.018989916899287286
0.12420101433895653
0.03383761617612116
0.11050421654157098
0.47927078829420994
0.09356966807483164
0.1426418861343424
0.08363805163622286
0.1280113649269612
0.049521597387043745
0.21394660343533323
0.03814035852424879
0.9618026805174623
0.07261484294766453
0.053028880660671164
0.9635771498109968
0.07499501883335745
0.18514723673938457
0.026836613239664728
0.07571542866474676
0.056288120077028575
0.012032650552316027
0.08155954048404537
0.030892974853139618
0.2025617431036355
0.042009827632068744
0.04194801504355673
0.34006580681370213
0.1434517097295911
0.1769705481578811
0.2389053003643092
0.10546621406104861
0.37919069131232724
0.19235354357147094
0.048206224011388674
0.18016339927244807
0.004908427944008415
0.0358605836831411
0.3257452186059241
0.014002498636461566
0.0021169045487966992
0.09433231682896315
0.142521976343102
0.02681095259875668
0.008969195303302566
0.019053728766967395
0.03197374260331922
0.09853483560052861
0.046837244857496775
0.06562216702912017
0.06004565763949469
0.8970637033491059
0.09910075102684122
0.06199058606435465
0.001451996419282803
0.13446056919155627
0.01663032033370415
0.041296324021224746
0.01330881419198904
0.04650413520528522
0.09654056478714963
0.03632834243906357
0.0030798400426585463
0.9352630837863487
0.01115427119961765
0.14176585005215084
0.9513653330675353
0.07548994362621998
0.038063615006281505
0.019757624461282475
0.09441000265353997
0.0815772861169733
0.010311914956336361
0.19607319775850598
0.06753825451397129
0.09057696187119174
0.056809632640104205
0.09663106537745715
0.0372924034224241
0.006030635520779331
0.9387462229011536
0.02924352088342443
0.022929059181777046
0.20144164804867704
0.342447465554876
0.07823056304222789
0.9797928418600864
0.0012394041655723858
0.14543687908090405
0.04927162211427675
0.025085261657615716
0.03589346575088844
0.025630145527066883
0.02676462067872457
0.09976219136745039
0.005027892194870333
0.022048835889485363
0.11989005660094086
0.017864177974603365
0.975162570191209
0.00380318497922034
0.015804846992704766
0.027300103423173853
0.03045550931059699
0.052819453760272445
0.9529808307620415
0.044374516943920264
0.1138817413106821
0.045751273354437384
0.021326590681346715
0.1551292436143426
0.03505682041544195
0.03776421561422955
0.02819423520513407
0.9539280751067981
0.0019130015598701736
0.02428994139450969
0.053960667447331585
0.009982341324578104
0.06374748840651684
0.03698051525729183
0.057367683648167335
0.05236320964914321
0.05425006760360139
0.009358646282523217
0.059142484408850775
0.015475025940745625
0.016913945773903222
0.00264796115968137
0.14795169496943633
0.08682277681235813
0.042949145122822684
0.07117055655657537
0.9218021933963507
0.02028763928071744
0.0018988660743671406
0.029051028468204176
0.03646705236983055
0.06775361635802206
0.0018483572183812772
0.025591194239451907
0.03609981703897451
0.1805650917883732
0.20064025333835897
0.03337604157690825
0.04012104263249195
0.01730662352998862
0.023611468667237415
0.009178816991981493
0.05679118511818537
0.00943506090692584
0.0032967392291478126
0.3022207479883031
0.13065816887578754
0.001124072745910816
0.001797419766087929
0.016924149688730492
0.022943097653489255
0.027409498114742817
0.1984058615249976
0.0018661170913114053
0.07135227263124957
0.297096368746371
0.9686659772618579
0.0063708662700588115
0.0035877896206088886
0.0025489262613245752
0.3034106687695622
0.036625566283175336
0.1060943744536737
0.015913336459632464
0.006995871379578534
0.04619036083409079
0.03111728893941152
0.003906943085394665
0.011316534832074399
0.35948894001221354
0.030827227657277
0.057712311582678595
0.0745227520283299
0.029823291260849316
0.03393568563175294
0.044375077787059854
0.07020292310231228
0.03132378088522597
0.006995871379578534
0.005244349867743183
0.030929976787078806
0.004502891136555899
0.026412344971784754
0.017324093897429955
0.011008126185376676
0.2210083205671168
0.018217906152159968
0.12467735073522974
0.2952724102298275
0.053108809187787556
0.01229630075424607
0.024381036492623676
0.039634813859430344
0.024522802031940575
0.045225374539165766
0.09097491155606223
0.06107167750070908
0.028525454410763092
0.02486550548343911
0.016406832612961653
0.015711864492586766
0.005505166773186366
0.0018593203975664331
0.015378428899706656
0.004746902136510103
0.026348682953028318
0.021328815652757467
0.011294576335393162
0.004310689795189037
0.009519371529946197
0.03534916936871774
0.002973892743661818
0.003308326707905796
0.012123325396387219
0.01688289196073773
0.07779304620279884
0.9892811071507982
0.023499011071799768
0.007700533459180383
0.024758498886524948
0.9213602679673957
0.016362107189242022
0.02668883643769876
0.011565294391968578
0.08392247173131513
0.08085539238581833
0.010143006263953853
0.019029691149295893
0.035282057908354966
0.01702941034424327
0.025890138095080152
0.002013450127364588
0.05523723856138119
0.0006028473670140472
0.2343583351534783
0.06283403672246504
0.9719128459428307
0.0013382785289453194
0.25421270839837934
0.02034367555589828
0.18014599793060593
0.0325311363691953
0.0914934707957587
0.09155712824894677
0.020652722132784018
0.004449485012993183
0.0030890955019976184
0.046917199089644326
0.007841614774564541
0.9652023739902889
0.014220580265220056
0.01705981636962142
0.026429405099309453
0.10145639964224201
0.014349661910071703
0.014798883249179539
0.017118513895156885
0.09464569250552922
0.01323426243075228
0.02856719178364408
0.029610149404166786
0.009999263380944161
0.9895106417269346
0.0022737856804200493
0.9591254383440051
0.01106242622716246
0.9519741846910391
0.9551266013465264
0.9637362691793492
0.07109855171332434
0.13527297147772396
0.04549965164816972
0.032332951100929916
0.11633908931818139
0.0033696681826307986
0.1463125756687465
0.1316965574366255
0.11115855866571445
0.01517399604298931
0.01763780329741267
0.04071812428048046
0.13064978726146595
0.0624754861603072
0.17836761723032135
0.23646020860283037
0.07533152036056238
0.16815963679380572
0.0452816074645387
0.1589492477689391
0.2156631992864741
0.0009365749961769291
0.12188369629575081
0.8178343356283658
0.38099637155767807
0.038187552611599944
0.016179291761882895
0.0019130015598701736
0.03149618712755458
0.003912626156000083
0.00715485765446301
0.04867471291584101
0.034789812947337774
0.5495721080507854
0.9514764257435976
0.04097415278704681
0.0846106370033811
0.048484764467800326
0.0543370799592308
0.027187108745378642
0.36047966787993857
0.02269020643960323
0.31486398480390165
0.27081055370263224
0.23961703009203483
0.00380318497922034
0.002664936050317197
0.02230132021473484
0.05777248745101823
0.04757700763159218
0.004672911666292553
0.022084287809252246
0.011032383637411054
0.007999723703307508
0.024571993833470196
0.05300902375206802
0.002132437838327237
0.05490025676635366
0.03425033069123463
0.03470147350417839
0.964097039952325
0.07684389085640972
0.032329112693542605
0.07580105535285302
0.05039666992574926
0.21133552917367332
0.06558642098037065
0.03836017709550692
0.06935825540312181
0.04489328379262985
0.16724458009973195
0.06934139686459398
0.019028580601588022
0.0032853372673801603
0.007243248278696926
0.020647535197292382
0.22378739292439662
0.018510836726850607
0.013477017797231376
0.020199412839822094
0.052753776571728535
0.6911235381060121
0.032948986605341415
0.03877467389408727
0.01885759098249566
0.03499704728790946
0.15348274030552148
0.11812150917475961
0.007787129141890332
0.0284726136609852
0.043706428010799964
0.02416489866311554
0.08765025680101854
0.7716492759970862
0.9388730479928709
0.11404607295207339
0.1123634740816596
0.005564287521075537
0.07882911859195411
0.007159202880605676
0.023890008715272013
0.02163986726415439
0.15499114574582978
0.021030187174341262
0.0029349176308651574
0.04264725166888718
0.8271988455890782
0.06734281871458836
0.034106089752737816
0.0859592629692103
0.03896275926785915
0.024291431934668584
0.34509501331709463
0.008020708815868149
0.022267495831497418
0.003687665223477899
0.014816692182029396
0.20376185767240604
0.11644304825857246
0.02951022511664167
0.028039338079913385
0.03239030500674305
0.021799711550370065
0.017347679154901173
0.8266861351082091
0.07105113131413346
0.010350044294926601
0.03247659214310721
0.008575261893497011
0.08648516327972401
0.08650605874544091
0.01438391697940312
0.05650396411417557
0.9545768936640967
0.02049258814224871
0.21790830006594164
0.06128315457599834
0.003947362135135746
0.19785040737854342
0.0127062746599584
0.18593711159263474
0.018057843092628197
0.03031398569344246
0.04922119604919546
0.012260200228813046
0.019119893159689278
0.2524697938508799
0.10617986797481474
0.024728557996061537
0.12696966356502684
0.0019449319515353427
0.017509857390025252
0.024002541273400943
0.03782219526378673
0.04704369081954447
0.15562169051478694
0.00208454823364338
0.0010456905582783321
0.10457298550105698
0.23539422027645615
0.0032990451579903053
0.1953759503406328
0.0177353725267102
0.05309163603967321
0.052389192826123594
0.04389845143393784
0.040239252597907574
0.04618086896544964
0.02622536715000708
0.00990423643801555
0.8587482218859058
0.018666624469460952
0.006682026967063143
0.017811785882234827
0.08639327841385658
0.07993222840304685
0.10704863671086051
0.00952754550813987
0.0018705322763354322
0.11316304486365575
0.01368465506546127
0.9868210324953592
0.1372749092042361
0.16809656366403875
0.009148173812485696
0.03871310727966557
0.95084361541174
0.45730806652776607
0.07780534367320309
0.04323108588986584
0.01640760615196216
0.06218100181500795
0.1576430215186965
0.14396528328433042
0.03365689078907864
0.9891059365193061
0.019813209299556694
0.017938532151372342
0.027306592165373733
0.9421435667947916
0.029408545503425015
0.05772005965778641
0.9541841032580289
0.007714493200889465
0.9713261929163758
0.9525756744975673
0.9661299869754801
0.973147159470974
0.1560324518619981
0.09936579191239941
0.14733120355888676
0.004044013356336088
0.8899819743396328
0.1704081697229589
0.04441648640230788
0.3173758121529683
0.11786319502181902
0.07488818714592615
0.9229347468288436
0.03023441032026278
0.13729873294049807
0.06034611927358375
0.08735458369520731
0.10329882306818139
0.09160108961540997
0.9587833512900161
0.941369181864648
0.18352742456053106
0.1652849576981047
0.12448132197460521
0.12680488174224777
0.2299056309258934
0.10975221271071459
0.22776198630019615
0.07990965849373861
0.11236372062073433
0.05425655926326162
0.007971726748321943
0.058702733417038064
0.9947924361598669
0.24096445629847632
0.03292804384125395
0.0146212621665371
0.13231844266389348
0.04462046684613106
0.9481726578742934
0.19287899312547832
0.10146994817982803
0.0966003979098735
0.014206508727803576
0.17658295446076028
0.07871556563987563
0.27790128623609356
0.926839852634945
0.2831423868527879
0.0018034060414888033
0.06698534160037938
0.03526436793279042
0.014588819936066377
0.02117242313427254
0.6736908440177259
0.12976992330251064
0.078580901808792
0.10927760494603946
0.0946595248882599
0.008146570305614678
0.026047497587950767
0.1438777458115659
0.009911102145491726
0.01445211202429598
0.07309896645975632
0.12131797888015995
0.015157159185003629
0.07317076896986088
0.02987669062364951
0.11590686855314657
0.4798043105512398
0.135844609628968
0.0956591138812907
0.02805866693902312
0.0017027940999743934
0.00822931235421125
0.03291874800368914
0.007118780756186052
0.027670711255232315
0.1624098111992047
0.057442530422929405
0.9265566351568043
0.07017023656359717
0.03297194834871803
0.9931545634828935
0.04238326516720729
0.2299301323330713
0.004376497215448816
0.971365568610039
0.16437131757115064
0.7986889103441491
0.11100409472781542
0.007068113414069396
0.0712245310284016
0.07138628411653819
0.188458774312011
0.9547062867605108
0.014906067215936965
0.06498063040513107
0.002364088663332032
0.05517435932768275
0.041812539070157306
0.019283723095731998
0.04629115470081662
0.03841480264392648
0.016714430224611554
0.011306158387362302
0.010000956766186684
0.9618803757072478
0.04770042312798144
0.184157847921428
0.019133475830024553
0.15638872943962362
0.02017736493845364
0.04670805859059732
0.05492101302316068
0.04868945261493829
0.21932095067113633
0.916472426842273
0.15261881842416217
0.021621134399916118
0.27219966394177647
0.9818152617324324
0.015009576849114093
0.43301590559040815
0.9838914918807551
0.8089593727945539
0.024223879464426376
0.02107542880714354
0.010561562289203607
0.019186847800364136
0.9399658448023583
0.07883221851951773
0.029000207607504287
0.04857309562959406
0.05787422392338659
0.9410747970333758
0.020755870609357265
0.05073318618657308
0.04778146269002839
0.008097945401872532
0.03556253012357383
0.012101217479906733
0.051643250056951334
0.012385139829462344
0.005762197017736738
0.009620116543028709
0.009554303801061325
0.004252240659296119
0.009680420222527885
0.0677629924394711
0.0062840811515130065
0.08881286451012628
0.039851207144399076
0.020678620592755364
0.06719833205855512
0.09658194079777858
0.011569619098946484
0.983381012738422
0.2663697205755705
0.011927200927038946
0.028287662877189975
0.06079424085763005
0.6957244855302578
0.010757986750268478
0.026765005471179666
0.023837653400098274
0.018221627758352163
0.05467848119440634
0.15672339404527302
0.018491314509501994
0.012723760748694374
0.023687082391678813
0.017209644684251554
0.024454455160735473
0.0063859263462663065
0.0037088107092453355
0.0368222152969089
0.004257782895970627
0.003035467433281644
0.020940766766303923
0.03905546345001582
0.11744672623494874
0.11168787915409464
0.019154567986690584
0.9212806906507095
0.026352301364010903
0.048940534314470166
0.020390576965041998
0.06423027441718351
0.017506654952507913
0.24982727875480346
0.013497820110430034
0.03862474407916299
0.02786184688446381
0.025945256601544845
0.11153063600289087
0.01653204101590272
0.0012577064234304462
0.003514080910785823
0.06420567551070613
0.02871706908238593
0.41236433090792296
0.003798403352203601
0.005039695952129754
0.0032655713775784903
0.9953250953319117
0.056233575772420955
0.10885113711536977
0.020949703674362937
0.01269300015995715
0.03136410730735736
0.0659101983965699
0.03459895889219866
0.02559655351682322
0.020943317519704817
0.02801197990256425
0.06344075885993572
0.9230544864907334
0.014241489503952293
0.006459458280480931
0.0174138521135244
0.880734459187524
0.06103687181225051
0.0047648392436192965
0.06338975664006999
0.9901198944685395
0.021790420606946678
0.06653882333951713
0.033693778402463063
0.06000186974200855
0.9065895629924093
0.015053169579859952
0.044979772676007
0.18091030793208068
0.034912597365139963
0.8853402219759317
0.014784832407362484
0.016692129109712635
0.01784963364410556
0.033448873293428626
0.048067222959519575
0.02120933374352677
0.005634137716479153
0.9742800741105043
0.08239838893945493
0.02189969438964231
0.8211431374085141
0.056518568884941604
0.015796731822439177
0.20362151293928268
0.016448515731281397
0.988273436912378
0.06777029407154127
0.05187214879802781
0.2658708598682157
0.004307329877727876
0.08090084919104842
0.18700909955023934
0.10484717273846961
0.014377716719933304
0.005833456374506757
0.952533714769922
0.07501547822007895
0.25056471423441384
0.9702737348967905
0.02835012885286068
0.010696840718370425
0.019504346996295434
0.03187013088691907
0.045292757302619266
0.013084901366258407
0.014256510017262261
0.016904014185475044
0.21518141015443726
0.012283987948388987
0.022398324437115487
0.08854686105650601
0.9418669632655663
0.15846088647226717
0.9653695850324684
0.07612947537412376
0.0031810419114748256
0.5507236456478739
0.017758324918648614
0.018862480603741096
0.03269863563200104
0.1164516969896805
0.994344709131909
0.9577619171776037
0.9899434752744006
0.06247201691200485
0.9690656911451949
0.012193211955901595
0.9612258822758671
0.1460998130210893
0.11870837256772351
0.008307194706517836
0.007021902782157825
0.019676037590878562
0.12674801554721926
0.43467135619674124
0.9298374231430321
0.9031764959164004
0.017959197418925456
0.10448338392505652
0.16029039140924017
0.08563902063580457
0.028466930411341282
0.10527389890261356
0.016205883611492493
0.03089335674643634
0.12903310659769038
0.02489828853712034
0.15438656802564218
0.9713398879694388
0.07837516231537178
0.008461053829845376
0.4717995510989881
0.10117128950965452
0.02478482341882053
0.31285373246581166
0.010992993587712644
0.10878913702113518
0.023336183815413785
0.36551995529482134
0.2781188487246178
0.13310676808009106
0.008952522242961254
0.0120486740411374
0.024821764471094583
0.3772726565429829
0.0481467622221505
0.021706456568318103
0.08615665423402813
0.00931845859518039
0.9625801851769683
0.04636324879693329
0.10024244452863254
0.19918595704862835
0.20602637646675
0.9788317266754067
0.173268875668525
0.0043073580894609585
0.03486760902224768
0.010720611413510057
0.11036664899501832
0.9677410461579381
0.32879562288729014
0.05581370277425465
0.3667821902997238
0.15985673480693632
0.0592136088526754
0.19622913445506135
0.9205996995479157
0.3254879529049078
0.040296370471534046
0.4274029194280491
0.011029872708148205
0.17025768084290646
0.9946102219201963
0.9972532273991552
0.9946545053835565
0.3754056392822241
0.9962358400087963
0.08059836462340284
0.9914840610970074
0.16932140028015413
0.9904761817822874
0.1738871203034664
0.9849733389492831
0.9873449147027926
0.37985672450853664
0.14230390533493986
0.9822648178722538
0.15660933628402512
0.029598090537989362
0.0935196052941547
0.1545293479883351
0.9696931728576601
0.05678622387875533
0.00462209580934737
0.002883017190046465
0.22192401777149146
0.06267562247677948
0.21515646994648904
0.9803850836394339
0.8595641970850801
0.2419224649920548
0.022143974085592634
0.9816409688139511
0.9591738656995449
0.09311402613006683
0.15760217295682608
0.9843567145340184
0.9836143254433484
0.963559853859013
0.9566939789776061
0.08495632311438685
0.9607565529227657
0.12574247861818522
0.02268049058407278
0.96584008226082
0.3321702195744061
0.1815970087793195
0.24477357749496906
0.9621544982477529
0.9868443536168438
0.9635908206474142
0.15903450633394076
0.9715096151631942
0.9548051206317711
0.31285536478217874
0.16157192645124427
0.00239011134385073
0.9705277680845542
0.02922278446779263
0.9599850747326071
0.9559299940230324
0.05002344897954988
0.04795361564941903
0.08358023679814633
0.9933697127214856
0.02314321205234194
0.26986631276203127
0.007608029099751475
0.2311347917705086
0.0015637636842704013
0.02994006729522789
0.02137949948719861
0.13451562823064547
0.10787338452997823
0.13614490633856205
0.13661851488961269
0.00699310013118883
0.034852304466349265
0.7802998967707017
0.006529687670038717
0.14036669684587805
0.9708247391796866
0.10778264791500736
0.11734718915147573
0.039216567209141684
0.1689418991121534
0.17141017343038042
0.1175107996972257
0.002434910922210358
0.3724776913231552
0.011803539124567497
0.3456396627995828
0.13183924174466624
0.15924397230953183
0.19503677615324408
0.7576430844520198
0.17131275111740468
0.10958382651311666
0.24045221504773712
0.23802641610111813
0.021110480321492067
0.5113710375887014
0.0301673209442622
0.18476562408234024
0.1400664350987269
0.17600357552670953
0.1965679261117521
0.032305478878736596
0.04754555042467422
0.2010318605649516
0.15680779096873593
0.007166513265621538
0.144482718109382
0.09900745289936173
0.21140947012675598
0.1413544177889524
0.10970853223291324
0.004320319446442078
0.005929122350369589
0.17387492084531886
0.05259466393624496
0.13073562671735156
0.3131264670187973
0.2045691100539584
0.061772229732708836
0.08856282937694428
0.9296982315066306
0.013792371058258961
0.1884315195390569
0.07226937972711443
0.173536238126425
0.12473213440183689
0.024828336822015056
0.0033326716378517195
0.12666335228758901
0.05302143881204784
0.08226634909972638
0.1416164224676154
0.005240773617450606
0.38156892341777676
0.2837767384566835
0.31983817254199604
0.019788926387569794
0.012660934559060822
0.023209926637759486
0.9444944583501796
0.020740391146225317
0.018541834003853667
0.059383248017995854
0.018405352575092914
0.011344054615128288
0.07448537126644383
0.01582470869521187
0.10938750425341336
0.046364306319591805
0.08007146033336719
0.16732404627314992
0.0283141463976673
0.0014827248100859989
0.0026842318110349797
0.009874696536434672
0.9797944605336169
0.42345720976123385
0.01976061705725174
0.056076152083298345
0.0689778842570813
0.0021152131292476836
0.020717552347626126
0.0316269152765635
0.013161771275257167
0.015424032768294073
0.9196966906103987
0.012136476632035658
0.0022721643741537875
0.013571539279217799
0.774674464150208
0.04118122762117806
0.17823379572283035
0.0008007598966994233
0.011930678005658016
0.015314994068442899
0.5349740708502162
0.0009818142292189903
0.03758931760938404
0.24131383719520022
0.0739319122583706
0.016686972330658502
0.02185075081112324
0.0020990906350250534
0.08582938025067506
0.015253880526683741
0.007910193417552992
0.010681291771611152
0.07233530952765442
0.09726700678109985
0.011593773158388113
0.04937433522666055
0.018101595817039594
0.0008561724097635366
0.7373065883225948
0.01273575800996297
0.948240302434148
0.20705684958686965
0.10357017457556027
0.019245769082234406
0.016601806885922107
0.006388987168572952
0.021206408140276262
0.031361824913469304
0.030892622020308055
0.006146911513046975
0.046859497508929655
0.06940019034847768
0.024116687099612587
0.05682154480403271
0.052446501915475924
0.012577147187354079
0.03763862244986624
0.03969819715445505
0.03654530562746338
0.016117186000256314
0.01995163856457303
0.02063451912486601
0.006740761634708865
0.008623716614952709
0.05573839779530295
0.01403101458530584
0.040471798089982226
0.0169142993477111
0.9656205607511347
0.031289066061681664
0.10167279699318901
0.0015093022172277765
0.20975871467960536
0.021447924835878422
0.2273329243514832
0.010744922365230333
0.03518217266694167
0.027097300376234753
0.016649567608723378
0.005086810630336425
0.391680776885505
0.034600284285976
0.015240233861055153
0.006485414111379207
0.0043720926642945085
0.026370563570725713
0.0014369959074620753
0.9714381834657615
0.022815535930226217
0.01337933506339663
0.021752097705711976
0.3926730332071897
0.022529709880929106
0.014300147591253197
0.03264481513087565
0.0028606931723097616
0.006042244657977548
0.0020020767892628467
0.007452460109144923
0.02112747928021623
0.0040474281724855125
0.00965506866134216
0.040858239554376806
0.00680307262489773
0.011126113767008972
0.9435772154010885
0.015005208619562695
0.9678673811033578
0.004510227979163136
0.02860768419158842
0.0017133602809680849
0.06400953079568164
0.9580663017988441
0.03714838011125608
0.029111502289220267
0.06577133804183688
0.043429296649309404
0.01892394492597706
0.0076270176049009234
0.028215375712944808
0.044299691961562505
0.10243546880907167
0.9754386894381853
0.006300732819139239
0.006261574280238583
0.010431549880074229
0.18859886167128423
0.016059423469550308
0.021926739005435774
0.005112525334670573
0.0018102320668406176
0.00937062748232563
0.03958799387153341
0.12336100478979405
0.006203217150728042
0.0411145724092347
0.9413840244082252
0.0680346727223119
0.05888010000907553
0.08707984851438942
0.25162051906722843
0.05606154264211379
0.04405724307626636
0.007324554967634462
0.9354553690075117
0.005831667961754965
0.017756699960092378
0.05441278669782594
0.013642125147243667
0.007627530464632599
0.014479379911863415
0.025702552714784388
0.2565680726556128
0.008333915615135959
0.46138392131064904
0.048762640664351334
0.05083054047145252
0.28516334240276586
0.2532753834115075
0.004590233759695044
0.968758819068997
0.3044278573041662
0.005216043137611855
0.03691841778278219
0.009662721576624914
0.16834381138084234
0.987953641279728
0.04054482784219961
0.016344114293677645
0.01481020105665997
0.0027302316482724484
0.01211977667669415
0.01395302738668166
0.042863078224009955
0.04807660347022914
0.1066960806812238
0.3281265650932142
0.038289284225467554
0.026519294954842804
0.01484092369729752
0.016327432456293055
0.002349922257691313
0.01867205335750673
0.007276283527026342
0.25154874357876983
0.02254761791903671
0.002259988861301894
0.08710937353846465
0.21882425867283567
0.038905415425971306
0.05822914215452035
0.04639090435826076
0.01680568113834465
0.027051843692530216
0.09019474995288275
0.003537915699003632
0.009786215545626446
0.04369518388295914
0.0020725387403202093
0.04666036853586913
0.008633832280684081
0.7432972826574658
0.034467300220824386
0.052193678740103465
0.005182739582991226
0.0013414711524406962
0.008818824926727736
0.04278826602896688
0.014154408124328253
0.0012977574252911771
0.02032829719819927
0.03344367452735681
0.07140676993871951
0.7852393205551759
0.027033371591186444
0.0677926352962263
0.03623662411864056
0.10104739772405666
0.0014278453749983972
0.067542273043229
0.017438810621829434
0.10809044544029488
0.47026164654543073
0.041413780426662654
0.024123412915714477
0.03316578216513286
0.00922368720262352
0.008605497743887653
0.012097321205556394
0.0030350012729365296
0.004908854513322913
0.3259249354305472
0.0022883937397664626
0.020485587205540518
0.012445776815038716
0.010029461929706414
0.02074481902905637
0.0018930954782208403
0.024220727496373638
0.3798893065007543
0.0025352312028339213
0.02433450116656512
0.02119819617012567
0.016940729991722
0.008326388524417885
0.030497647293855575
0.016127484597706195
0.030796349880570978
0.022414349775762475
0.023255705871595967
0.019643918703910006
0.012454060259738279
0.009211396846854372
0.02663497939773606
0.9505602430744481
0.008203192198158165
0.04059247642448826
0.004952394307852281
0.013863455831816252
0.02906456544037512
0.025868574834133438
0.2450719388327334
0.014208584124474816
0.007081776668269724
0.02183775396817007
0.010919454026591002
0.031732504199921255
0.05820154922863551
0.02860736026382929
0.0396838746055404
0.05653430052799569
0.19608084733696604
0.015250083298805965
0.06329745067902916
0.8170100924353602
0.0033398494319336947
0.009292457128696311
0.0024608256696168475
0.4823764744094003
0.05156306143262967
0.006976140312333193
0.029144197711936864
0.051975188531031044
0.11956788293510724
0.007664890425644213
0.0029520836066825717
0.06081353067071829
0.16743865870854072
0.9253502025305127
0.05248117115899594
0.02233713700935363
0.12187271657429112
0.9722962831876456
0.09180642899472793
0.023663203905892247
0.16543198415617494
0.9525980095800102
0.11072517069623827
0.9053691606346381
0.03136979259160473
0.05688106684167093
0.03907742577192807
0.009269033111684406
0.26143381152013107
0.0009194157841665234
0.011565645855288494
0.003936980267784317
0.06388892396869345
0.017988914967026582
0.0021630239992363985
0.026516228861178638
0.0376694009589442
0.07313433005139906
0.022627961012973215
0.009512275814161975
0.0014092776151799931
0.032833395250290096
0.9921707073056033
0.06475691670111994
0.0009390764130051344
0.005711962235602672
0.0020183696220787166
0.8982078390603079
0.0015691772045711412
0.038630254200653275
0.04441643215505197
0.3078187870452393
0.009173588653741174
0.020060121555499508
0.009068254537995011
0.01441983676440721
0.03380470545442401
0.040133485431716354
0.026120163144225623
0.025172552238205855
0.07906684983805544
0.0023758585590682307
0.002841846313849739
0.06935322334370227
0.03194876366184771
0.9498222423677944
0.005432765121691941
0.009222841381396429
0.01547801249191555
0.001704467866528892
0.3279864948078267
0.32201585357022566
0.0026752309929991658
0.2992017569460965
0.023503551839722803
0.009652636981743172
0.0025972480864773417
0.01848300076796897
0.047849985105353605
0.019020499837012476
0.014582287982286946
0.027534674440812004
0.03647716424572113
0.39836094905153063
0.011417499299448254
0.01492806504638349
0.1997812280566203
0.0012992885494857653
0.021083729232964723
0.9671069865497604
0.10034181260717225
0.01278233291713661
0.004713314490873699
0.015951317048934103
0.01177473878201774
0.01250666257835506
0.011946820396586016
0.00915140826616542
0.02366083651260829
0.08699237053703293
0.009091591860302293
0.03127084602847954
0.007398130789546067
0.33439678331221634
0.04189191266777125
0.15221848021382547
0.9041140962257299
0.05138370822982627
0.035371430594394515
0.011692330657480174
0.11671808198231358
0.010307808146305587
0.9737814426458912
0.9704462217891279
0.03881933979653228
0.2692745738788137
0.12150017655127694
0.0020725387403202093
0.3141365355617942
0.9799382665414993
0.0008333299335916149
0.017953027159926686
0.012552341118191613
0.9625903308532768
0.09636214096660276
0.0029690493760162616
0.0561291245024724
0.03537287989359629
0.03861580103382985
0.01838661495196707
0.08998929700655366
0.0516106978679493
0.003229957245816691
0.025480556039320118
0.09421500599268867
0.039621180046386754
0.0098352331661867
0.028789777986468423
0.0359097820922915
0.1502563473300241
0.029480851740207325
0.044957704924853605
0.002856121581638508
0.2297629231748836
0.04083756755208597
0.061025144751923555
0.0028377809218006955
0.8256917814317511
0.1229551729843362
0.004527998157482035
0.01051699731029964
0.05008666719966586
0.035771313088168936
0.9904840962475777
0.012842352685770693
0.9933913974956928
0.9910469417062718
0.017709202353785723
0.9762272655921734
0.9915775955137021
0.9832836411629142
0.06317480089999374
0.9894446154646763
0.04051373016057493
0.9879371983891985
0.989713951062035
0.02653010732840339
0.002588616673386049
0.9906271502353847
0.04640585146251465
0.0026824793273591122
0.003435958974803855
0.9456789761541197
0.9889446436107487
0.8574179704973236
0.058263061815097536
0.07361147284619526
0.9886081004333996
0.02528381232894751
0.021586593580726992
0.9786143690165428
0.012750122113469816
0.9807282939226002
0.10146843431527731
0.017481224998603124
0.018202934421651634
0.9265249938610348
0.9275944608243276
0.20442772088946076
0.2233207447022269
0.9021556755502198
0.9233902199742954
0.017715735035844678
0.9825501675039411
0.0338764050156255
0.8940571002722634
0.9847428462270018
0.06160022554057758
0.9891918778710647
0.41064187998030893
0.024473851767731484
0.9278382868245055
0.014171328539009464
0.9145514608512854
0.9657646436437194
0.08061523205837695
0.35603755054432207
0.01757559670440308
0.9335431273660251
0.07084322463094789
0.01900376303254975
0.002019517796146994
0.0025525312819933373
0.07203494493482253
0.08994882710077202
0.18397159196016968
0.26652924608473594
0.030951598830726137
0.0023213697829436346
0.36089234539023785
0.8825814508552431
0.028062098084139158
0.11845946388681836
0.061285136890344705
0.01457278198180853
0.9521359451371816
0.09296759326784289
0.13998132397285565
0.9863283555189856
0.03206714404737358
0.06693574558426972
0.020411367731355837
0.11038210986734744
0.05700531504057897
0.18514096925408732
0.036268018907505924
0.027399438824937936
0.6452136497902685
0.023617573100609787
0.33140306686178655
0.02425576248172424
0.08243899287258685
0.10348725161436466
0.11063279414202554
0.8422147721852374
0.09921164931445099
0.0795758136161815
0.020513481855067222
0.9044849588777838
0.022248440885831652
0.01919392697513859
0.07436476179376768
0.067697864664048
0.4789693635822664
0.315891855117427
0.011786151435912775
0.0673893171545228
0.9475592213421998
0.019406750346713852
0.025444895017341825
0.013801621322336735
0.04308261310512021
0.018740569579916513
0.013142181208950795
0.018134691446715118
0.09043344239606468
0.14135500076301635
0.08853547502024452
0.08329363891237336
0.043986978951120255
0.09365314763357642
0.09365314763357642
0.0257217457825116
0.9160132587748515
0.9629976908294409
0.7894714172905847
0.1290639316936664
0.08339564827549195
0.03133639023408981
0.0017339906111943863
0.1640257051055405
0.08278940780070822
0.027159611426948553
0.008404947998104081
0.06912951253661082
0.05287998717392114
0.9555944154173347
0.018238826741125782
0.032605538035636525
0.08782433886932416
0.0159521109677685
0.07995653718327643
0.25675203037667466
0.04286560474942254
0.9384925862498154
0.01205449154703474
0.0503067410859081
0.14140167661750158
0.10757489770861646
0.0467111837487661
0.06133552159517237
0.08132547757640705
0.010840972626319207
0.3349733303255623
0.17741378623585402
0.012130817189539367
0.8859573207264215
0.014231602238734474
0.9663699924526569
0.00817721990246715
0.031334405507965325
0.061068695287264566
0.936324508828694
0.08335772043086989
0.025860343771184832
0.07294483138927442
0.09663336370808151
0.12041834880895717
0.184434759104609
0.044383835587885535
0.01895494572655558
0.013828288223571919
0.08526409644037955
0.1305173269544372
0.019176266754140067
0.04557188074730137
0.9567956503592605
0.02099713767395317
0.014841638560297046
0.01020321006927579
0.13340174000377447
0.015622969976202113
0.011301643317547143
0.050056654951803926
0.25038586025759163
0.01643508809548974
0.03812710885200388
0.03851523206411134
0.9380726751955766
0.04579029202362397
0.017451711834274367
0.04473480817441613
0.011182877090344863
0.33574360633026584
0.8262150084349985
0.02858014348565147
0.014153284912874119
0.00920992120995125
0.04135139571381908
0.02068602620197711
0.022121953106906157
0.01863458524045053
0.006683261966183157
0.029007243504770817
0.02179852373585912
0.00822921508912849
0.009396344380554889
0.007154142485435968
0.01706986263509167
0.029774264884888466
0.052030436346902194
0.008683655139637885
0.016341359721664863
0.45870358947925227
0.8981264122769932
0.01052763037798558
0.037471633808747906
0.9418906138325323
0.08515406141409348
0.0334034578315762
0.02011206167093594
0.06752873888070333
0.018345144023824252
0.0031423191963208946
0.011692365289385333
0.5843499414346515
0.013449675903582694
0.8878003278771576
0.927637719908497
0.027988568178583275
0.011087442007607643
0.05878107019236491
0.0695266778791408
0.005954322302215544
0.009426057546939441
0.007313446759101227
0.03347549120280152
0.029685455529620233
0.04502350803286936
0.010147808908049095
0.07192923165363775
0.004903730456435885
0.048955346469038846
0.023977182741763865
0.01250703159511416
0.001212941216674457
0.025101563003106887
0.06213038630328274
0.007227190514260459
0.021164962888397542
0.9774108670590376
0.08633223077493189
0.026036365961531756
0.007878000881572917
0.002941847226647686
0.9404441909357573
0.03376971693966078
0.037533396341595984
0.016394005488235743
0.052396549559059744
0.04238535876162224
0.04180497868724832
0.31890308212615154
0.01730806713316307
0.012717080035152956
0.006523292839725651
0.6383105165800241
0.006940726491755728
0.02068901450672343
0.018965546595632533
0.010428184588425767
0.044632241464148466
0.012142424056831429
0.09396758482772678
0.0022892300845657096
0.03014742908415285
0.004978988111896682
0.0017204161696696176
0.3645260114958566
0.10645877556864354
0.0026864612258643387
0.02620662964534952
0.013554020734831264
0.0067637260663258895
0.02425820491882211
0.10415662796827971
0.06597055080725998
0.05451997787752361
0.09010003499145508
0.01033524298343425
0.9715558147081401
0.01211849678948089
0.06532985251450947
0.010685544211919517
0.047541159948015534
0.02192243920559238
0.19929509462572823
0.0485487794325832
0.17109341264758823
0.12185595426172145
0.009977965992896007
0.038243102049246275
0.04454966229418852
0.12373189436372443
0.007237789588710367
0.1501015500961301
0.04228770380962687
0.21000073247303816
0.04053729074333548
0.011419271381054533
0.02096247548725145
0.01782855272109042
0.03169407763799759
0.009993643094633202
0.020295779529452503
0.09280524741105375
0.07730811849475473
0.0029734126656777624
0.17818304306414087
0.03823026720022817
0.07775426592225242
0.9531474155821733
0.022342145243593774
0.017780564700799875
0.021825817233961094
0.016818299580836044
0.002277374174099808
0.0801094023395729
0.0340607578554218
0.04318127485535561
0.003755419592078101
0.028637076291258744
0.007241816390671599
0.06736355868417881
0.0662250598919191
0.04851199361983172
0.08457056288221589
0.03743619590042648
0.022692323199208487
0.24767358633450626
0.006942422611536237
0.04285284762564504
0.0023702667005767956
0.006653304454373811
0.02077651457400766
0.0692256255878376
0.9502805937037142
0.008063139257106808
0.03870021257992786
0.037024344754103496
0.1734606966280143
0.0318605767891177
0.02908113488380413
0.0034834552353110114
0.028794446594020678
0.017983242045426583
0.029383188627770822
0.018451712169046133
0.05133185157471802
0.02175456443457345
0.06481261899208646
0.10472552339399066
0.9384525591370251
0.04756536222293305
0.04699339318531302
0.1340051237827749
0.07335446048416
0.07780725101372542
0.0040541975850949515
0.09783356612929102
0.04301852186772251
0.009737975216190449
0.08610134888997933
0.016749620669222868
0.056566337930129745
0.9633684434859611
0.056021659481276465
0.012504655941007924
0.0800259618821151
0.07152846435107896
0.8870504095676357
0.024965959961243272
0.37285502077321664
0.008625541403562687
0.008393451041890768
0.9665012011138272
0.10082718528681461
0.011574174346561338
0.9489493723134371
0.959696259836119
0.017524843764619876
0.022917488664710845
0.006854364941741674
0.10689322986004593
0.077994142394391
0.026250651153235854
0.3083502247037086
0.015615663383505158
0.11755406321205313
0.0034603041156976893
0.02761702814921849
0.02224021099644964
0.04236482227128428
0.004661704750821252
0.19141759734933386
0.20912319344618127
0.41394917366758294
0.9314517324756845
0.011248462747383161
0.10899842916827969
0.05494564263822303
0.14453817161553673
0.05584310294901193
0.7687059451296377
0.16225077220321069
0.02804504344591594
0.008503089176605617
0.26306549384675454
0.023548917939401014
0.06676839800041819
0.020887694827688874
0.9579911604754182
0.01996732069590269
0.16710383510451257
0.055215439139783454
0.022835497479677988
0.060599927407567894
0.11665425862543506
0.9650763180771601
0.15788722232200433
0.008820551243903345
0.12494770340096072
0.001855123181851827
0.007906913072573022
0.04949730911841356
0.03562447771221608
0.07649959877148395
0.007828846829911985
0.962480884178062
0.1379833319153065
0.09862382555145986
0.0067838041526986186
0.017786030506332616
0.0021859270900944565
0.2191228865032704
0.033809291982237394
0.0057457706103339265
0.01798614506339213
0.07386742727433769
0.10349622568905464
0.9529785727430415
0.7304738146561264
0.028520883027686548
0.01569146274594243
0.02279261246135785
0.09585461746461346
0.06204931456630437
0.20766263576712604
0.9043656849607767
0.06261893067183112
0.24208728630059262
0.019559768514354405
0.07366147428725371
0.05726896487015133
0.004315153560915417
0.19412982865642875
0.9715186421624754
0.2426518111976269
0.15023681450537013
0.020837155082814734
0.03547961018468402
0.29343225227459285
0.016745340953553327
0.04118700193894372
0.39186921665207824
0.08652479897289378
0.06571539973717046
0.018330744456580297
0.05000443106896495
0.08715706226042602
0.31586250044212877
0.01390851595071598
0.1533916902091757
0.0727446276611417
0.015713826030049498
0.029407170094855578
0.0034910278221605665
0.01370880144716019
0.10829932275041067
0.02390934247847502
0.019300982232620285
0.9547721912140688
0.010258785656193647
0.07313858183262173
0.06377256187386701
0.006176749628965584
0.1572989512562524
0.007681774676882481
0.030920672529265166
0.2907140106703213
0.17358617571634247
0.015337222391316291
0.15493944445267271
0.04033628256628814
0.06130066054986086
0.039843993037704035
0.019792393354188344
0.9638295469993107
0.05919258453933979
0.07472686932270392
0.11534389512716163
0.006951582975505256
0.012184823856305652
0.9705660775905451
0.04463650682887365
0.0421376101620428
0.3924485833415373
0.9738333180897522
0.04733018438421431
0.04366840069961824
0.056872377031638374
0.005412105698730051
0.06499897893873056
0.027402036985850885
0.035048151096765054
0.04718932275765616
0.10130770451312152
0.014761192739773834
0.12266534526670368
0.07099639221204573
0.004662422702726067
0.15824498667263148
0.004537793149532243
0.21139618571800528
0.06435221847399658
0.33087078624464367
0.007465249564140793
0.08370437651782094
0.018185450060352257
0.06783621969169178
0.014458702136094128
0.11418175186047058
0.22648136575843883
0.04271332783388407
0.007097122745374952
0.03561504998388771
0.186301009956063
0.005701431901403893
0.05160219433840719
0.8961020560820805
0.01117757224490226
0.29793645931408613
0.20307930089267148
0.09087619317657121
0.00813506047884455
0.032910481251798435
0.03086034974799074
0.12109715107951234
0.016785082616889963
0.019510553955623594
0.07390349304785604
0.09170484095295935
0.016487168258913665
0.7702017429575351
0.0831214947104583
0.9889291173105809
0.9941017727039954
0.04105229741362162
0.9910357908491737
0.9899382508874331
0.003552203397342519
0.0023474296581365455
0.9399490793443046
0.04122911239479767
0.24665358629787157
0.05246723640314251
0.05629867457391337
0.025522011640308977
0.15889877021013818
0.968742325023926
0.04210336782097325
0.009628077787185697
0.0451398215395496
0.05754303424355397
0.12492702153969899
0.2893553515838685
0.05981492556940524
0.9756447328669405
0.007456686210641918
0.16129052500572658
0.11818563180544146
0.012188141012853919
0.050881501907300536
0.020160071253571457
0.02756589169975389
0.11505640206087615
0.21199948808619423
0.9830782505627991
0.014882061560001773
0.035945572886566385
0.022831853571888647
0.01682178343715919
0.2011725055413715
0.03573739719179527
0.13156509283906642
0.01882120017428127
0.08214964113004347
0.1692377735247665
0.011834248993010936
0.011906484849848194
0.017969699342451455
0.009822231632730966
0.1624386680133082
0.036885870491686346
0.017754669703937236
0.13897275418606422
0.14335431235560817
0.021650076348674226
0.12106862590098208
0.20108447486994077
0.9834222360211708
0.0465791198573901
0.977754614048353
0.9722330141671045
0.9911527462833125
0.9664826794993411
0.12386847688688167
0.062012818393584745
0.9722277081678067
0.9679215304237252
0.20058094349992447
0.9797853351922275
0.9788085336651656
0.36841400189125184
0.9820338999024667
0.022238415525186916
0.13361389254035855
0.9776230424600464
0.7724863317482654
0.14648301662571053
0.9736129576488735
0.969663072967847
0.9651939761630072
0.9265741205766975
0.9564490395504079
0.12921658626123775
0.24015866373587313
0.10427017574946845
0.04994904369710389
0.12768482093508002
0.017611847574877187
0.19664746488078153
0.9707811246321639
0.21088557971616168
0.09688626950373436
0.026085726050632724
0.013912186595130356
0.0358627205783597
0.004518407896058871
0.025819044264645992
0.02305207163765023
0.18900409740237212
0.17374245258969193
0.07599331667882624
0.12231283036193732
0.1774703276178276
0.45081503790930333
0.4492269862169119
0.018743437165060474
0.41906571756756295
0.07973862486864386
0.9581647879978903
0.04127227886412425
0.019028736886096832
0.06367389736729806
0.025352533589288996
0.9789743796827723
0.057321592043259484
0.051878922211094906
0.0016879319018568457
0.07101132275923593
0.044379167203589344
0.0022579368747407346
0.5427700842115383
0.06461188537372792
0.9710050151863457
0.037937135712033054
0.015519423405469275
0.001644808404928236
0.004014010657404693
0.056849461930732315
0.0911378376087137
0.981512746528676
0.0803771174292867
0.0039086905386474585
0.020323668464035806
0.38258587167698344
0.011255345933369472
0.009696338689683233
0.050049907916340494
0.004599770347575527
0.008050966908092448
0.001689963325847957
0.004319465437828846
0.01945702667153815
0.036046165461055844
0.039137602194816906
0.14215171088545964
0.11663905585765455
0.9674244411620428
0.01921516961466588
0.013164276926926264
0.01844406533737005
0.015354921766178243
0.005680852782769572
0.03410861743075486
0.9249001310506191
0.026707564672289463
0.015949082848823414
0.045402457765038616
0.0015696432928187132
0.014361286372157398
0.00537804023632773
0.9945556019755831
0.020526419166990214
0.05563666716892795
0.10090743780789686
0.010542058580598942
0.0015614673676747804
0.008319594394347391
0.0247814159655989
0.020352036212978465
0.030417932718238085
0.007164165287814816
0.045652091181040584
0.21883298754026467
0.03526530471426573
0.0983556438847811
0.13778981512943791
0.10144863187438626
0.20001242955079426
0.015778077952706117
0.03505624277217947
0.009676938278871438
0.28971550172779675
0.09685532278297736
0.18407074793762043
0.037473148806830135
0.024502454920405748
0.04040683769133773
0.03607461582913784
0.009902396043429955
0.03138744347293867
0.04938886247468593
0.011213864349059669
0.0030435516322838843
0.003992471878277661
0.026098718068822527
0.9739369758146782
0.025796937950797003
0.07440988091458595
0.006669219711359115
0.2323458816623404
0.01816073024429305
0.007302183079717194
0.0027914667589781163
0.002148426200440315
0.021223921095490716
0.03212126936167237
0.07598420813706469
0.07064717164677362
0.05750492904953761
0.055335779502754735
0.030626301898900896
0.044018612432574385
0.02797249560882309
0.022362301739982146
0.0009518598012121425
0.04930724064955368
0.04380143017750182
0.06048609791754623
0.09148165839524842
0.023655838113977513
0.017912637996252652
0.01218805209521074
0.020834296509329015
0.009546507435772832
0.013939167417362496
0.02086079334436339
0.03384474979239248
0.027691464352903275
0.04177233028512209
0.012342955899619002
0.01748781447875753
0.024524335758910422
0.024331932054774658
0.06650414282147786
0.019448123514206033
0.26768714787769915
0.03892524813652615
0.06861060399004014
0.014988764175406635
0.017326000651557708
0.03428058041527316
0.015695943040426822
0.006385964097998402
0.0406744375378699
0.0069768748236529714
0.01802803024951198
0.015372033293352409
0.009382896027907192
0.07091024190168584
0.029287311913132427
0.19972418746413187
0.003960100306712949
0.006646215595128474
0.023299983274756395
0.043819119280556665
0.22592879303001093
0.013536397898480637
0.0027047854637370977
0.3949749508819282
0.004938085195217023
0.027436300509259912
0.01549356123819673
0.40251857448927036
0.007185714752788651
0.950543276937013
0.028808721506473397
0.051279637027554274
0.03750877238906146
0.8808836931160695
0.006888743769231222
0.005939788359209046
0.0013768152293763658
0.004860175284785075
0.07619091831353153
0.02205347793196056
0.0193224829365365
0.1648114783587672
0.8801698801402589
0.027712523104974792
0.06705972930116572
0.01274672708625986
0.2022724240297633
0.0012746331146893566
0.9849647676757606
0.010041807203221063
0.0022290053585297394
0.9761320758959254
0.9727809616422012
0.0016879319018568457
0.03541079256562136
0.0039360175122064465
0.00827122048110785
0.1357715030547211
0.0028606715345136967
0.13719246570824936
0.004770450870657611
0.06082129566599952
0.07710026095812858
0.01758792637184869
0.04473055534913518
0.3817161182310286
0.3465111129758595
0.009936095434286947
0.0119566300671986
0.0007083618948605279
0.9916261335552933
0.0034673712257952687
0.98310227251285
0.9967411228964986
0.9833618851536935
0.9880955152155639
0.9708739111648951
0.0023896752960706927
0.023391120564930246
0.019950512231367314
0.007842723950134408
0.9736327561953256
0.004498167193419747
0.0016241994258710474
0.00198650363375928
0.9761358741407249
0.005762078907728588
0.0180468417597254
0.031183837607847566
0.03181889339290569
0.9758106255749276
0.043771621609985115
0.970174698068072
0.01599262511034125
0.05578220645940866
0.9078029423098372
0.8886555184452988
0.3086422605976292
0.028032192275796126
0.18391137633813967
0.0018468528104280194
0.008989607586576995
0.14299105196664022
0.016277596082778366
0.026829131315646345
0.1583748210899081
0.04354803276559786
0.29037348516490524
0.029491664208131364
0.0007590105065785039
0.007842723950134408
0.06185935327692269
0.006839380076811493
0.012702264840251906
0.0014216294400809975
0.975318638122573
0.04614193981232366
0.0031154685833511505
0.16632248641078698
0.37287985683604596
0.004057424744219738
0.03390240595669762
0.9837357074088545
0.02018811263386972
0.00468767568582002
0.037914311860307054
0.01604284478921788
0.050778019264775376
0.026666694016578424
0.986468241234601
0.008971973695592458
0.9885569881478722
0.011856829708299627
0.1247784878748365
0.06574757750188723
0.7745341679592216
0.9884057376782841
0.002544665037453381
0.00279029735960251
0.974443014090427
0.014545749298667018
0.00976586954360067
0.9950990402554194
0.9916115874096
0.9684006306211902
0.9655615378656549
0.9866825197894058
0.29693621287971045
0.05481777830557944
0.07859719956889562
0.01571016105197474
0.36968553549484917
0.6684918988549012
0.9713060347162485
0.004274374957028363
0.022966872234149324
0.26096753587438665
0.06730127400280311
0.026932353944621134
0.9922862670530787
0.06357204507749133
0.03301418110766249
0.01279314589202289
0.9694139752030917
0.0697897240237598
0.4145134209001125
0.002075172760182141
0.015159266835965074
0.07694113324028075
0.01879444762229085
0.3373192402227962
0.32047909019775234
0.005743425742365953
0.011341915548968448
0.039669515595624996
0.04610608067249551
0.917231155487998
0.018117055413174314
0.13157722040586653
0.008954257111215178
0.012572890177665358
0.007481709344706401
0.016719286690646953
0.025550497745361295
0.02107223537564408
0.9137242674468127
0.9973928211327052
0.0157163393127035
0.01611733797851077
0.019680184873719284
0.014795971466220283
0.006333826410962015
0.027446658235522687
0.9873596194301546
0.9867728831043123
0.9719731108847839
0.9930587045721966
0.9849647676757606
0.12138020050025478
0.009498367397313183
0.014830486896472792
0.011764617417974028
0.0020364537124488245
0.00669586636459905
0.09945932191016355
0.9686193876100262
0.0007201975465922988
0.022754282124986067
0.15917019399087864
0.3447625984843823
0.006925899567441652
0.017771824097586774
0.019673878490414857
0.04070286367259379
0.31664570847292817
0.9346953182816072
0.9204305385452722
0.02078920193282398
0.015000861088230968
0.050512646253022715
0.04219996049869873
0.017564427487210238
0.9819041714617104
0.057798091381479975
0.15108456112913618
0.9900705085042492
0.0033140341012159137
0.04881327536164128
0.09269373055280797
0.3143308311549339
0.0877567116348783
0.07128386016592632
0.07418393751947255
0.5613183529205917
0.1712324804602348
0.007221089957447186
0.06859528092931469
0.03254077802076836
0.03872485598250235
0.004150034618726075
0.005968612984781523
0.02372280681954964
0.2789607554856938
0.36853325957821303
0.008668494622419769
0.05832162401957776
0.0059937904148623464
0.05409833229174907
0.1225512477046427
0.2266129317650932
0.4568753150988318
0.03049588319410271
0.01076877503348379
0.15006708961778903
0.02207604862159046
0.04802089580588162
0.2240697386860234
0.13090276271710957
0.005232864903879742
0.11077198852073962
0.2415316040651363
0.06337252950039135
0.0482082511795304
0.19043167835869632
0.04883322825657415
0.013390960955160174
0.014265721698482064
0.03332697435232383
0.07576301491673161
0.07250187306505951
0.18855084926931845
0.9206116135280212
0.010405224282999684
0.017103882805174466
0.008650097983574783
0.18782372423685417
0.006773162811822296
0.0030141339182753802
0.01998484062680803
0.15332036562190882
0.02262383794478342
0.00670468386673752
0.49162859318540447
0.043150953234129
0.004777376275618125
0.16663743406836976
0.021548110381729792
0.00322304474904821
0.005105189690273816
0.9598846394039958
0.00636843466353653
0.007411442247218687
0.008878758951032769
0.020066591858798943
0.08554993172427422
0.026872709001896127
0.01564831071772819
0.014349881039964959
0.0800826893150384
0.053308949093837196
0.9693857789117644
0.3938270672987474
0.12290251857151155
0.09051010309189647
0.015127510671233867
0.027326301284072332
0.08640531585160308
0.013289949530635043
0.16667610794600798
0.005958323394467403
0.01673478225357627
0.031862237255621706
0.12018411387768682
0.07731142229645235
0.03040691737933551
0.06751932423684882
0.06397700528339169
0.06223525574643925
0.060372177571232026
0.06187633550164585
0.029513868036705564
0.02147472978813855
0.004505156709477814
0.10988832219630369
0.012869215659390277
0.02715811861399797
0.17164043288533717
0.01679213151974373
0.0031829180214039124
0.002767503863890442
0.023276657417881957
0.008377516743925222
0.011096818557414352
0.16185610064047898
0.030641043200042312
0.024819810636327485
0.06646525105642487
0.006935694758687617
0.15112025093334022
0.014056842209785841
0.059789627912379545
0.0645713377806621
0.05645044207116493
0.01630827768828415
0.07476367427957192
0.011447371538027015
0.06286120291343704
0.016409184578250042
0.08743474769234305
0.021277917385155276
0.041280506043920355
0.9441478071391946
0.018055937098797874
0.02623760281955668
0.12125522698744898
0.05548714815389047
0.0235603961538849
0.018921997186213804
0.06870963300349331
0.11549379954194981
0.025870902939459994
0.10148792273834058
0.9736497122528112
0.0391940256024697
0.028286095559542805
0.01581958905128504
0.009783644373001986
0.004898594753061273
0.06870963300349331
0.034520191741282576
0.05456000231480682
0.005587380667408487
0.03596880536950874
0.05528523472484596
0.9943484504998964
0.046925849959900366
0.07365800938140267
0.020777121898705956
0.049982420292591444
0.23370953315471243
0.0019776239961443857
0.06165269004566883
0.018326668699325872
0.08476308837376452
0.05415104880652298
0.13839750572054055
0.971875613915668
0.006944161233233577
0.04543027833097035
0.05823085235868272
0.9929364954612465
0.005125267558619506
0.9935823173874595
0.02396821418146411
0.0355817521228332
0.9700137403774594
0.128762202686584
0.9787422221086616
0.9771313244843072
0.9814944333217699
0.009396017801834286
0.975970471341065
0.984773938870606
0.029013070821688018
0.024088837745537772
0.01466831863472733
0.06863493229012674
0.027222434009017176
0.9913558938342933
0.9911568746266256
0.00477890640763117
0.992096671750221
0.970329874164932
0.984415777157087
0.00750669956426959
0.03674952595597285
0.030753528533934472
0.983225293651045
0.04090048592505683
0.9846191954011577
0.9847765251825755
0.970329874164932
0.9901122090949955
0.9770621166414061
0.9846920836788716
0.9792836339485106
0.03862899697694876
0.012317144325442803
0.014650113731900144
0.0016010046978451704
0.9805761898904796
0.001134148168263845
0.9793353860290986
0.9783123524901797
0.00217258835759824
0.9738415151054777
0.33524818642285154
0.009703088569183014
0.9841503164339727
0.9842134888028544
0.017285479455227223
0.9803436846325537
0.9892535617837598
0.00356432777785369
0.054897197158651725
0.22006684325180964
0.6297412071311379
0.034350054598633356
0.9777085201540332
0.9888653445206803
0.9797376711938287
0.8199176827758975
0.03007081673118854
0.9845044100093231
0.07719252922356495
0.9834090339648006
0.002932940805757825
0.015111127652852996
0.03909825803965489
0.14269108467934716
0.9766971385239392
0.05699154583632249
0.05818011783474738
0.9872968102969126
0.026812495690256292
0.9832407988112053
0.05718263264784803
0.06470761153928657
0.9807465589643811
0.10178814559243347
0.09614558801978924
0.02836184224964273
0.9849320805402826
0.11786827300440386
0.9178382983440939
0.9835353527743487
0.039788965215057856
0.9892343677683798
0.9858436951865142
0.9811523694971089
0.014435416141675556
0.9866644501375661
0.9862126201387198
0.9857607375408378
0.9905116751580298
0.9836410700175794
0.9835353527743487
0.9757610740774556
0.9679360313693008
0.9804132774787592
0.146524209954238
0.9787040808602332
0.980312915047144
0.9828350818336267
0.0541735488614237
0.9798926333353312
0.978292486608553
0.0019123535648672035
0.9560733066821268
0.015883894815793997
0.9884851235320586
0.025737189259601327
0.0020471843039321703
0.17230324418278734
0.9952886937422478
0.17226418742282903
0.03224611788787904
0.9543526358562068
0.9572397131920447
0.9850855150302227
0.9669246363934237
0.9710456559102262
0.1027719998607268
0.9159333532369622
0.008662494359104628
0.030583488780060432
0.8123786391671236
0.014940144682739007
0.021986151890198997
0.974328510697015
0.9402472288285901
0.018784206884994884
0.962858952406738
0.0026788725640755234
0.9662019467167661
0.019978033221509515
0.042692338943328884
0.964955929627694
0.9679853143734832
0.034631054292368686
0.9825056213705783
0.020127548313275245
0.04132716420300773
0.014564768588967261
0.9621434711088781
0.0026641857763579978
0.004613918426849075
0.9693503042032646
0.9689458962828262
0.0030350124116819595
0.9759067567442566
0.9495169782068078
0.009242943687515649
0.9730912559466508
0.9799465084609845
0.9769349719807264
0.013904893609130489
0.018573972064631558
0.016635902801556423
0.9722004223385327
0.015741121163377926
0.9736630531265056
0.0086012265727003
0.9731377275714184
0.9747223998073833
0.0013667355942832877
0.975744003360958
0.9771872728708134
0.9697620749472293
0.03031417301841451
0.9676809096510771
0.033245319953958664
0.9815777768483784
0.006829309390322197
0.020861637899009997
0.9775887786669057
0.00857074410123931
0.9843401036432267
0.9806687132398803
0.9628361948736582
0.44743562322306807
0.9609025940934188
0.030861165080495103
0.3414507905373776
0.04900805845963164
0.014132724394426406
0.9780458092237356
0.31821376847965144
0.8826198514204044
0.814425497421218
0.019233761738968232
0.9753331815660298
0.04220262054491577
0.050630911987042546
0.1733522470861305
0.957215487111956
0.9719431330903873
0.008677448399199567
0.9810649675737069
0.9682836754077165
0.19359214475638373
0.9646573273591142
0.9558193513361946
0.9656265116664209
0.04803750997380063
0.25542181905148004
0.02970968745326809
0.9753831024537392
0.9691193128790774
0.00516458365362385
0.006804367083993913
0.057873116277961184
0.18221033127950478
0.2063973252094425
0.1432225136365778
0.09259251924690522
0.9000086706704353
0.17112822018455132
0.09265620317028116
0.23253806087349746
0.12206393285030281
0.04479722371505989
0.18969808151313067
0.9683478246369539
0.05777269263588633
0.3532966399418133
0.2907999140422465
0.19180818505575287
0.2035659949652341
0.24792465591972412
0.1367640923227653
0.17646109747553199
0.787843833228317
0.08762225959144622
0.12849475531423613
0.8438242072873007
0.4069307118710677
0.41304038518462055
0.21753587422064907
0.39407346397914617
0.7917675418498678
0.04358472108910605
0.06954427597667066
0.02812852429234968
0.15116162899395338
0.11358170870213327
0.049962108867030584
0.02142394258003236
0.021503005744365863
0.03399675834634935
0.9922162489183364
0.0784800128430378
0.015738015627911973
0.0059043517533210335
0.07897624265655902
0.059624352164483765
0.4001883957109278
0.24333526558071467
0.1384377253648911
0.08412903921822312
0.02888029827378599
0.08419656698897937
0.06880197561377993
0.167077425431192
0.03391963366989607
0.043899507009299434
0.027568153383981765
0.09454231294644658
0.08787385505302686
0.15760238211549987
0.010107244047610165
0.25544065103756064
0.11276824197484757
0.4315008939535744
0.3160974757661055
0.0255024246915534
0.03028903016333781
0.021310047799663858
0.2652934102314605
0.10758101631494221
0.13977793325916968
0.1679018473035092
0.08043037199446203
0.0286226056258943
0.011155527433596994
0.023945892807408484
0.10112838459785858
0.046605107400939955
0.03080363643563965
0.1405882491474346
0.06603062538333111
0.0014143716817005341
0.03800253654332515
0.13749715130223877
0.08810892783945568
0.001322018457905178
0.18303683207285085
0.002262979645959591
0.24884166538580046
0.13412095507822633
0.0014307542754324206
0.07106823695150415
0.08498492825292504
0.003372691961373296
0.008920570031154174
0.1425246946048375
0.14180576996214278
0.055736770785764965
0.1125113115297779
0.09581843624365682
0.01689136937944316
0.033533012695181406
0.07744007414347966
0.9933436749895135
0.06551325515154574
0.991323857827656
0.015466309633900166
0.0013704252965683723
0.0007873546825420463
0.009037736746785307
0.02958805647824291
0.10963147076082724
0.03439555897774604
0.9781431440190037
0.9857189234651946
0.047533031973387006
0.05696690715775048
0.10245103890760897
0.0015591464392432372
0.11772527182822722
0.0044033932478929946
0.0018725466157569635
0.05361679824147876
0.0010641440772292466
0.04702545365492881
0.6704379142716255
0.002879284192948731
0.22054657115078857
0.35741038807415604
0.07603618375954689
0.9835720727854201
0.00698692361061156
0.07197427209334414
0.02880048185882392
0.04400458486162818
0.9654411530829817
0.06020580311196888
0.004266987199546904
0.03727902504775033
0.0016812614937679435
0.0021694415277243363
0.05077968579449029
0.016828738896177375
0.03703531883143026
0.021327599376388656
0.027417915566794255
0.018660942542842236
0.06204520326898357
0.007058039800929814
0.045350743711746556
0.015844779799231355
0.023517918893105436
0.04564323454299288
0.03564508194012783
0.048001635747669254
0.983300741676219
0.04196141041747585
0.03682463830322869
0.952851618556265
0.022080805618932685
0.0477291661169309
0.19632879650652396
0.9761507392082612
0.04589996575240352
0.0012964824105951907
0.3147485562223316
0.0054929155843281025
0.02300498258136604
0.33571026884953215
0.22624327898080035
0.07218861397039823
0.31593003024531446
0.18415398533277505
0.01946968108293779
0.028301532593450213
0.008094051471139261
0.9809685860454285
0.005012886584743163
0.006134125715186528
0.05191868511152392
0.14840981107918103
0.21937506118160927
0.3977763666262512
0.002790607026163275
0.009141869215470657
0.031776279867123974
0.12580292808498908
0.0035001869027102323
0.024588162886961577
0.009885890634245135
0.032746755648774405
0.03476882617680308
0.008375594302621966
0.17418349914843773
0.010157167356533083
0.0421477787942533
0.009108177244463804
0.01947385650296882
0.0016076624836568923
0.00659161956678602
0.015550311732493275
0.029268523110278447
0.0069232070556503825
0.8610587091718968
0.006643761169306286
0.4651450209503763
0.0006225807748951147
0.10304283597279276
0.020139538558894034
0.14891343089904868
0.9320541282949338
0.03277228543404275
0.019321845887073204
0.001633359383324729
0.002071430163862512
0.03072870615935279
0.010437453675752623
0.9802623932586882
0.0015385373562641109
0.02121844911994609
0.011610686415401975
0.0233604165465045
0.4243356274407542
0.018962889673948085
0.020446634384860655
0.05511709808319983
0.007057109710971847
0.022481792709270854
0.015267715292710572
0.0032909035720114477
0.017706084670222957
0.01513902729224328
0.006950992361486941
0.35899323547644124
0.00726554973760199
0.03746025434107503
0.009141869215470657
0.040317724974033284
0.03068866299509182
0.0073114253243107405
0.03591260896390538
0.034449794863998705
0.08103578001333751
0.028464120150294273
0.0033602353859374266
0.025219244323984973
0.0385335120572291
0.878518637375277
0.002309433941683268
0.9196650669923858
0.007058438367569871
0.01855556819300158
0.004972842441023547
0.0020934395960989704
0.03845516998621423
0.025555938440446273
0.013305202420402984
0.05734307569010891
0.17524331986784525
0.004273499858077867
0.018928462989782832
0.02523052918363258
0.0601983970900144
0.0026530546072451055
0.24840345317492707
0.043626894179102226
0.045297380532956365
0.07870052828190922
0.060198028369320415
0.008829031266229317
0.027176112094037433
0.04935958289177252
0.002661630366850616
0.06586521799658882
0.03895612167328821
0.0288481270490206
0.051485719950090526
0.12557425534770306
0.007806539796171055
0.02831979796583687
0.02305264508814833
0.08699375588787575
0.14453526639330946
0.0016146202784026221
0.011774692521959564
0.02951031709677016
0.1892390193220883
0.05774576249535845
0.30543253677118426
0.019242258163505322
0.010464000425075125
0.06367957048886855
0.021738935723362513
0.08744895541086463
0.0231430716781895
0.011379578547273467
0.015664082292977423
0.03779595248347008
0.032303162132083216
0.004254836682521307
0.028494243093554274
0.056370065403129076
0.016294443593564533
0.007647431417121821
0.16940793743754295
0.0012354833254463573
0.323158249522299
0.0020591258655462893
0.0041542630038921185
0.1570429771579516
0.006824534071778493
0.018519671957909833
0.4442985188050326
0.017681580577928832
0.3402818583637678
0.4981346993935395
0.44396914548784333
0.043092604595708
0.0007293921715458142
0.9836180510499798
0.004517693235774514
0.03417660710468367
0.026367630593247864
0.008461385268490811
0.03281086832968739
0.062176566445706564
0.013760470036680628
0.031581574221758814
0.05114893361906381
0.038442414362498005
0.0017092326058657068
0.011679287457961225
0.017159181433867448
0.049166639922950506
0.00452128679085785
0.0018595986297523176
0.01695393197786806
0.3642272208449715
0.007953397740271078
0.16438964544044316
0.07092322194584674
0.0639930288318204
0.013413405062442863
0.0191269763913191
0.04218258988507901
0.006658346932042984
0.01155207809799281
0.006632454235690594
0.009824374122612004
0.9713037336434402
0.019195931417310318
0.02409657325835002
0.02618741129924179
0.018883964018856215
0.02399768364113172
0.017199115655514796
0.9648309730315989
0.07060756205870784
0.005651978090908447
0.006974042430723117
0.00848813153197776
0.23035230191369718
0.023524088399191127
0.02021496919351507
0.007018197031886603
0.17730220921629386
0.02480744561573164
0.04421792673341418
0.04808295953868342
0.020387199795805406
0.0014870509705022152
0.04507039647270774
0.358614623370363
0.026147386826516433
0.9657405575043557
0.03974032764232169
0.008253655837024447
0.019175308963631107
0.009238060838177695
0.0020055611949647374
0.6072958845416427
0.0053846780677459715
0.0027481364135924025
0.18778694188532136
0.012319948503409896
0.07347688884071302
0.0813882148745308
0.059450501021035766
0.004204853748491217
0.00896972232596097
0.07827178810034699
0.03205427227903565
0.024175688654744627
0.03599094427899201
0.004030336697923109
0.03796084521178331
0.02828484960629266
0.02686100407202553
0.017031948419228234
0.04899467215088941
0.16240645958272207
0.05472222268145864
0.00792352470621917
0.08382658837684558
0.8883358965853482
0.016992466912818555
0.00133733492567962
0.14742741647110982
0.03370464886197227
0.025014635489878798
0.017763567199441894
0.006293241699350074
0.0297815028942946
0.02765415957077113
0.11430434814310064
0.012355933929432475
0.06015113542752244
0.06253906168020418
0.00901940269356194
0.12030398334026653
0.047016189569074295
0.05778828466234108
0.11239358634613102
0.01188443994828571
0.965366465008394
0.025442654107802564
0.071053012371547
0.10312593266457629
0.39334245531111006
0.00451100293000442
0.050858315732412444
0.015373294384231162
0.9861781084837599
0.9813975812375684
0.04670578066516466
0.9969188067245275
0.13014946182471732
0.09572063713328369
0.9775727707274764
0.07214128608722344
0.0049631851973659605
0.017399477664588544
0.024918323149893094
0.07038630811848598
0.1667349966206615
0.029469494608422953
0.04355591112016083
0.09802208462444813
0.07121458036608673
0.05768298727640479
0.8462969162488856
0.13742891715235414
0.9372290449793897
0.04651950508770708
0.007970110336359316
0.028992716198036055
0.016600685362039045
0.0887437293724433
0.05011650505716894
0.014881606459248218
0.08366710338695835
0.010475354697549299
0.08661572769660464
0.1107990533884377
0.012222228964411651
0.03133552915905933
0.014268282094019988
0.014594566654033234
0.011365370330092618
0.0748241795262789
0.04209997921159124
0.0033718057773416557
0.08990619909934179
0.25110776724979395
0.14948940485457618
0.006685876933390805
0.007523285621167226
0.0020432498549763636
0.010727116256659851
0.07034248708762857
0.0010927320579581382
0.033916417934081775
0.002962300695737356
0.06039463942250733
0.01446164089045013
0.023297411794931333
0.9502350040320813
0.9037933088565214
0.08093710542800409
0.06620551980501081
0.014675357629414866
0.034258852028749544
0.08071752957367578
0.005580232926248697
0.38928683986571583
0.07356297381101431
0.1378350899347351
0.0061325908080804535
0.04624855364295672
0.024725069982103186
0.8847662128231608
0.008488868968617643
0.041677467945339254
0.041268600258658895
0.06033892042988052
0.06688948681817887
0.005723615111485044
0.9055145689103162
0.055453579293284254
0.22483163472910447
0.024382509641807534
0.010068820382800978
0.028836964657085334
0.05232975440566325
0.10960768088248425
0.04152515295242988
0.9739820427595516
0.03428419321901535
0.9859766534056268
0.996617023116574
0.13583832626863257
0.021956284046578383
0.0342914510745399
0.17528751056745603
0.009898195905127437
0.14616431703905589
0.019315683620175973
0.027942659745673046
0.13600986390066466
0.15506423566790417
0.04858176183305846
0.049374327418477505
0.06260867204548272
0.002271892784334427
0.007404437432859912
0.04144175231660532
0.9500470687704673
0.023327861265094067
0.03894794280237826
0.005296747008843299
0.01065068668075512
0.02175700582709898
0.008658328042717435
0.0047083900975488984
0.994578192814569
0.007402724903946817
0.021067764682437325
0.038092771249898086
0.10378998048426144
0.0029181506500515074
0.0043049688407427065
0.2338318790100608
0.043775360674309836
0.031147883476357188
0.06316702563174653
0.04597401880713401
0.012393939351593811
0.02978046202460637
0.03730510633198215
0.09762778318078777
0.05907004495465654
0.0486562989836669
0.03890720250781328
0.8257839712388945
0.011925470512071832
0.001976719648908298
0.06728688097637411
0.8986852202716282
0.981583885683091
0.09601279128283148
0.08645263381938782
0.11896254747184827
0.9512280888879363
0.11254857937681012
0.05555157514841264
0.8496944461204787
0.005320619166579721
0.04478307910932144
0.07616588237490014
0.7718022176920829
0.0034535763330765584
0.024535147427768907
0.02664137036689197
0.00481958072212365
0.018777779752240265
0.014163913335960994
0.015908131831898955
0.01950944249683333
0.25723118855366833
0.03284781483344084
0.01204832999822982
0.018835463585854934
0.004306658480371673
0.18696109644704786
0.012344622591148931
0.016033612362038402
0.12479646263356566
0.023840546500299275
0.005904836218750787
0.01074515520533294
0.03462265300360258
0.00219538292085363
0.06742552474770365
0.02550825334937475
0.030405470539565164
0.028113589020095746
0.018756508157084784
0.010214888240057365
0.011931790642065569
0.024761841408270025
0.010582612815294068
0.012983974380426828
0.04147655040873515
0.047290861880872254
0.012548471587898562
0.011971444967801628
0.012397609154140319
0.02623513058494469
0.01719562498136357
0.9743671119497143
0.007650585826492438
0.01604284478921788
0.010711937689357172
0.01195210137928472
0.012853306790188942
0.0033798687285314945
0.023767105975121078
0.01636963627624672
0.9333025382816689
0.034450823782162056
0.01563892706278727
0.012612306152080604
0.08889833862570068
0.002386374497982303
0.009439442394700832
0.946872227184346
0.009571015999784398
0.002124642378902947
0.9889294678740074
0.014187503700687018
0.0046213420425277076
0.046164758937070824
0.1705820244430986
0.02750525612352855
0.16357584008354367
0.038113958732732794
0.014295893441795854
0.02161420906258724
0.11262290952026437
0.001331236003542423
0.022049062501592102
0.02116408326735573
0.021550313789388854
0.013275552677537572
0.011397752599272174
0.1546278752806928
0.008015119233374187
0.009160738302570972
0.09145518379272032
0.02462842524600394
0.02923199516374645
0.3690302954957885
0.27299875924766265
0.9766079052325883
0.0904391863459689
0.031442709090792484
0.7673664025912805
0.006976075589863285
0.012832195107011293
0.03154268227015459
0.044059494763884176
0.09716719629464196
0.011659730672988663
0.0038634798607980005
0.03180838852616958
0.911011387213721
0.0470272682850476
0.27686054616992567
0.18117141241223536
0.08495290958748672
0.06531431732159192
0.0520625573515918
0.047136028509815985
0.047658183189432025
0.09457060590433687
0.029347025120701344
0.048021382717973425
0.08117310519887337
0.14867656118792144
0.043270268635122726
0.014644519608287434
0.07298589063446166
0.8369651221051143
0.9675399672537175
0.028419693152688993
0.006367740015845705
0.009740871702015961
0.02325287134084522
0.006129670986725561
0.021467388622258263
0.017532958318367455
0.19373254287295907
0.9188034202563445
0.10415045418171122
0.07102707130739733
0.03722834290679284
0.014762861212465082
0.035475064110093324
0.03518640676724398
0.0638133049602134
0.024139284890558207
0.0351710149601242
0.005167832295968673
0.16326738068881247
0.6041852371572672
0.08285172070587174
0.7896820908120837
0.23742527879301736
0.28861349628685506
0.28579718238175955
0.03581639010698075
0.16917476341151702
0.8213385640436518
0.014241458660857428
0.07788597416117227
0.9297935612876863
0.10093571897560971
0.10060445220946027
0.25439068313581353
0.3856205896508876
0.16311303737304525
0.056432345349517715
0.015240831150171772
0.0027655482916678496
0.13699870892309943
0.6284238357993863
0.018545348566032828
0.08277594072720139
0.04309262803776162
0.1580065885595962
0.25338614007014565
0.14067712707768587
0.0563590263829342
0.07038184576190279
0.07617903283302117
0.6391963819068476
0.49987102848515114
0.01858535133976225
0.0034074292649338
0.025213629610925315
0.011534104571745992
0.06073407199507438
0.20353315052627022
0.13854323995850323
0.007431640726542945
0.018036651667727784
0.01800831821991983
0.029979433118711426
0.046263856187455335
0.12280535949745314
0.0409849926555571
0.009926601524736582
0.014485616520465216
0.0627019498345247
0.021008070141340176
0.011164584756297525
0.44990807993637694
0.12270700450203305
0.10452887525076357
0.19710420771158332
0.025482556250629482
0.14552008896232144
0.02719232054019086
0.08941812756132227
0.9303549915502695
0.056729503447862394
0.1633822073059838
0.04850192397528219
0.06851491152933058
0.021624880282796185
0.10513398886952412
0.058027491994947195
0.07750338948710676
0.927210911221056
0.06512990763399013
0.41601345259708566
0.08620547510018066
0.13792093188882537
0.33754519706937913
0.005978127857270716
0.007257508892166803
0.12460665403412209
0.1272859280436658
0.08422031191080487
0.14362738020030535
0.104379732814659
0.02267782118544497
0.03285952536565012
0.6144115080640251
0.01866411515239831
0.9594858031810265
0.005463295920036931
0.06583356722366025
0.03985280525568766
0.183027133284107
0.0291335278344492
0.047641729440630394
0.025692771435587517
0.22006417964626945
0.028699049206729298
0.08340936710992758
0.022825480973742273
0.01532170979033937
0.0960473705224729
0.0890975514230606
0.14612959054567515
0.840880880387961
0.31196137181709577
0.004002836988629861
0.23856807919830073
0.022471808518494885
0.05271259582456748
0.10729862660544691
0.29030869096189404
0.02520613893741118
0.08424401535893951
0.0340030928840503
0.009539152314613525
0.0040229947744352176
0.01126576393349804
0.0511604872437429
0.05548634547955302
0.07089351496099477
0.0043647868175598625
0.017733246646696402
0.05523874831038301
0.018737498108852967
0.03176175362724971
0.3815824075229782
0.037489932050065344
0.05900796037222206
0.8928005718678893
0.12994271329364512
0.16849811079903126
0.09163217934847673
0.0182010273583324
0.031175189119835706
0.009822465877601376
0.060018476734433085
0.011018117063698046
0.5229976084422245
0.1524198666646971
0.17322279608475685
0.05269565296790596
0.011497744280091107
0.04147091688587338
0.010455858671119606
0.01677367565560602
0.9737982005970202
0.0036397791159741826
0.977683523171475
0.021995308580297995
0.4211017555463758
0.003620397385559872
0.015093347096180956
0.9745920957509109
0.031990981339696814
0.023717655243968728
0.22567959488912434
0.011296545317907252
0.26165408668727225
0.006963251806752006
0.022033428612545
0.0043647868175598625
0.01979407970486696
0.21587315357442877
0.021193994275612645
0.012368937011971812
0.9751097210376294
0.028620109267137966
0.010458106098659145
0.007170520997490578
0.030041723820048823
0.018028344679852225
0.04878848454701564
0.9411561604829372
0.011170207748779915
0.004801897518103346
0.0014688886818544277
0.9717546147698648
0.23463917810212329
0.004781969931861906
0.056228460764569436
0.35461581169601725
0.02050868510497093
0.9636903925674669
0.9100800807993589
0.2205660031770932
0.0018504271199622589
0.004378790429512411
0.028315774522681303
0.0020538989836363635
0.08045079431406706
0.03496362641565856
0.006363569392016325
0.08480142136221333
0.09892127708018893
0.02232316996958435
0.0980162289558905
0.04782800496636387
0.03752031971318233
0.008321642330483395
0.19359706819791983
0.002684444464774999
0.05029752969440548
0.06216849745981867
0.0658115934897913
0.03607461582913784
0.046101861872342796
0.02514063636671472
0.013090082323077828
0.019278368439227117
0.003662344965944059
0.1114326655807629
0.9532248116593417
0.02449368517931832
0.038124828089736336
0.05140501112856746
0.03393332144067946
0.08816604568725912
0.1438542105311388
0.021132710493171048
0.059793495568215733
0.0018952125815511274
0.027491701816163186
0.15688008029936867
0.9900410245864646
0.110367618790638
0.007211744237596081
0.041980152172208934
0.010510345486183539
0.02580592723598773
0.039324379547055116
0.045658661350004126
0.038692969354730385
0.007561808070918082
0.0016184589756877115
0.028541818883197984
0.05352313071155394
0.01021833502320553
0.04198255584578338
0.010506564892323317
0.034309450499989805
0.4080842440863011
0.05439808906051891
0.0022532731361177716
0.03332574289108844
0.028399180987388545
0.024578880992839187
0.005139364315750623
0.07945388743190408
0.3016426799371602
0.0483536111759723
0.20556829468847276
0.0018698273008767713
0.001579323609161161
0.016576715415408023
0.1513715920068983
0.007443525894462442
0.005451217997127505
0.022870951465950844
0.00665660975852763
0.009472775437033202
0.009988446632536015
0.024698565987987673
0.002586700557253707
0.045438988361767525
0.020001827901530184
0.005590275011123373
0.01171019266652557
0.0021619503151349357
0.3282622234226349
0.9839547933094067
0.08801407651489218
0.004970711602607828
0.018680881736298786
0.011258374894606255
0.030802066789798223
0.014577672982749729
0.14325321406401195
0.013167127691160707
0.012521361756205216
0.006050983150237613
0.12474509801306116
0.01476575788873181
0.012035537591521204
0.0347906819802607
0.035705729940072296
0.005821504079587653
0.3149111009750657
0.01117669416780183
0.012417251310904263
0.04323387123287768
0.0024434612818204308
0.0056541054878556886
0.01308800409383639
0.20209225480883164
0.015081408405653435
0.0030264019378094704
0.02166733270061017
0.024712214858185078
0.0176235977141809
0.07905989187441628
0.015655910172524476
0.005180959262849744
0.010843812742332074
0.03623205992574654
0.03244711257214439
0.013782125997510785
0.03678449285401751
0.010649460788882572
0.0004975287464897385
0.0238698413629315
0.11747726842967213
0.9819160159014642
0.011264027403254323
0.007996381441788278
0.027860668990583655
0.008739318952361358
0.047227544750985166
0.014434803264143656
0.01181925093367782
0.1900045217173132
0.004331719917725241
0.1709395340414166
0.008937740249659638
0.18541574602519054
0.0051812041961107
0.08432042327113053
0.16419184454708785
0.29699811618810656
0.030599048302185794
0.04421097367161315
0.027908718274476687
0.9407976595679313
0.01081244369563141
0.028281734834995305
0.09996411225485478
0.015747716799731023
0.002103617146137437
0.019966506581732546
0.007831554531103829
0.014165702677311603
0.07798584639461349
0.055714874620286285
0.001253145822383601
0.005642417529049967
0.13883612964209438
0.1607716431454012
0.01334767199310777
0.0011297971790904316
0.9475933356828313
0.008808349108181825
0.07314200598860138
0.007798087091472798
0.9392914623279075
0.029006938122356093
0.01348309316579309
0.034600980274355535
0.011282329572408862
0.04748374170592823
0.018674710807031723
0.014422989874092873
0.0016094782616855514
0.09535465145253529
0.06651005788048195
0.021978438196929826
0.006094130875373492
0.2141969626119407
0.016013370755503204
0.014668801645297758
0.017205223297306588
0.0410461232190986
0.022107281118340753
0.022995325117319845
0.031681901554115065
0.02056259643000529
0.036549269386996444
0.018653220330552004
0.012139992714016378
0.01475398567911114
0.037214049435970536
0.12782844846371366
0.003479548011896955
0.18625343481179332
0.0023667377949011486
0.9714803629218436
0.005326875276071899
0.03633185705721286
0.031413126321365496
0.03134373477850298
0.005484434817294979
0.03173974974081416
0.007175627822520752
0.010358203320828981
0.03655723413803265
0.04280543218180902
0.010072048329130983
0.011793375673145466
0.06934641063395569
0.10715912173376514
0.06402902522801886
0.036505301792396874
0.918932375031426
0.02012769220914852
0.10765157643841745
0.07346731219027113
0.03306300123497909
0.012125782128440916
0.08213792143566177
0.04033264607444114
0.015101681311128715
0.8684982036350516
0.07779520536643643
0.06259029702449062
0.005755452373643241
0.013223532818555513
0.9900656130204729
0.0035693142610370592
0.009720348880344827
0.025425516785851067
0.009472542772467812
0.0741979993900566
0.003659516410413367
0.004808489496708412
0.0159481611017709
0.009770693690588474
0.00849913191287693
0.5967481229827626
0.0310389911401561
0.08593156608607849
0.28388598839698687
0.014825216145882265
0.0064029918163059476
0.017000276679581986
0.0014282647976675174
0.09734832347790592
0.025231363148186556
0.9677149266330425
0.0716149668712844
0.009469941525892173
0.00559801846570994
0.07924253488620524
0.013430954865971994
0.024478523116673256
0.0025636657333782697
0.35421206138091893
0.07515831572476175
0.005898659251786676
0.00183238584604029
0.13613590123261338
0.007864408085518412
0.031735019742808894
0.033756915570038064
0.019765586269707293
0.018735002823372187
0.01795725268550634
0.8395264787040986
0.006217381825291236
0.022585193950586717
0.05508898654081276
0.0371674222494252
0.18142812159093508
0.1290252564747865
0.021592391731075983
0.04244564024036
0.04050220874806673
0.024287832426721098
0.02378729880128489
0.006669509536107809
0.02471946850300725
0.08431076557866848
0.02335416507213557
0.003798784014720309
0.040540345865237054
0.026755726324798428
0.003735397373753865
0.025576943138446526
0.023481202866391066
0.03338152366526526
0.04249796455808799
0.014796122690660878
0.015517779281083173
0.019258259784332172
0.07763030068811987
0.06756231283429509
0.038023097382263574
0.023863453915996403
0.036593013418896876
0.01901682100022151
0.03764292974496398
0.013353312014990725
0.011795194121095379
0.9515381737738211
0.007939371088436693
0.0029374227503445177
0.020880229934366862
0.006232545176818889
0.1817341628172809
0.06270586770792909
0.01476857688170587
0.27635612124907255
0.00553085787471817
0.18579274370171814
0.07054056635414283
0.08162411520896187
0.20807624368242322
0.014611565615752808
0.02568576328944999
0.03322074168299443
0.09474554335353728
0.008781255391082838
0.03838125531322225
0.02850307843614561
0.005808992598399346
0.0007873217620017035
0.02273791096635687
0.03198030012031166
0.005283855568880507
0.03553155943057099
0.05228176461347286
0.04530049978723765
0.04099594265617391
0.013227826588759484
0.0024322878167325427
0.10739917493126129
0.020117662664461734
0.026462931436963502
0.19639306014192004
0.0314388236009182
0.1478405236736119
0.044995947807549036
0.008071241690889611
0.044146164360164386
0.04179100922609122
0.020524847631734497
0.008682364581635679
0.0323850489552476
0.08599908063316716
0.039651972868243554
0.07282752883582154
0.15707817573239455
0.0536768661668109
0.02825884918888285
0.0033951693067472044
0.7886145215221764
0.09235425870660141
0.05237594446303768
0.04872491963403917
0.041028761721382714
0.015528501785872721
0.9734303480548413
0.0030806353754619896
0.044729197422082805
0.04010762303196174
0.01933404132315877
0.0103341216342199
0.03785159117072987
0.07631550569592782
0.013296432816824062
0.006300716673935825
0.01587596464732015
0.02090644343854281
0.03665499247946139
0.0811997917021194
0.025436077264024238
0.06855460330035823
0.9354502421063939
0.015254336213136495
0.06872187067143777
0.0303165365312247
0.03675191395876295
0.1722177503422495
0.04608849579322634
0.00808772201138706
0.9795532887109307
0.01480266279481058
0.04643395090722642
0.25233475740763633
0.010913551242427055
0.033866062035751904
0.009232935140251185
0.021296895349795338
0.020877430430074225
0.09177427751613036
0.015112505238134613
0.007022272652500689
0.002971207624972744
0.09349331146958974
0.008907113031502625
0.9486619981766983
0.008942363389157723
0.017698203237943733
0.02974823664635081
0.06181607067979089
0.0206959575332807
0.9779271536154669
0.016431808114227096
0.13488418846797876
0.003656702835364962
0.2256911515827323
0.013435261031145092
0.03606967010947795
0.40094438408824734
0.013750576270384852
0.05350709136356651
0.04806620765915927
0.014228344443695211
0.012207474487150607
0.21130693852536803
0.16459990977845648
0.004292295982536569
0.005401275739287316
0.04599234908494133
0.1108015006386766
0.14685100007998456
0.02442103120896755
0.021553515033486906
0.02197859838148961
0.02814619782041279
0.012444057447554899
0.12767877183322196
0.94468226146733
0.0012071631781967566
0.02606522504297206
0.06822531613496376
0.7874669686278761
0.016200206973324176
0.03850349917226037
0.7861846842987379
0.006087537470868263
0.020376819490323075
0.01020974416596507
0.12064569994682517
0.9812440838591352
0.027573942612533504
0.022221652489629606
0.02348278750035443
0.1864534566048343
0.2110237410502114
0.2259248729860078
0.036203787872683225
0.0051560601049738
0.14542661353853667
0.025210785042438923
0.9407930347992708
0.040615632723838876
0.05555217518842196
0.08231942230608057
0.036616088441415486
0.04047199878084687
0.004645716591332298
0.9431275584371528
0.9299976897406608
0.26977642972695576
0.10418440970881798
0.17711860481128686
0.11530886609718853
0.03652676651700887
0.052903940232742704
0.01950407444175833
0.01414972299160865
0.014201031334235031
0.28457587712345167
0.02201258337317495
0.9767390113034201
0.9906987605135797
0.9906543264345775
0.9864079983009949
0.9883294890787672
0.9882200373149196
0.9789078310036725
0.9902473700260574
0.3111003461730296
0.9658411987039099
0.974270591751258
0.1638942436398418
0.06350753963472391
0.9687630088255503
0.18111607106629926
0.15581863712333577
0.9804325822084748
0.9882743202036669
0.009369447301956137
0.11347402958321333
0.09004306515472214
0.11849544713067642
0.9907997276363046
0.024350024406652137
0.8919884750686791
0.086285326254846
0.09402399330440751
0.9857802646785344
0.1937757462685193
0.031162816151759823
0.06458494505882051
0.13446003507845783
0.09415976456461098
0.09059219247979328
0.9641797733720733
0.06413924817511317
0.0492845505030774
0.049264916633992434
0.22998985163446717
0.2614195290213808
0.05595243348446965
0.2614995492320788
0.005600909136116426
0.9931679884817729
0.9574254778255089
0.1135372363171837
0.15515245545240183
0.014952763143963944
0.007417809684692048
0.019524850374636037
0.019785221757863
0.0008393718875858051
0.060884854666815216
0.05128439421608856
0.9482862486789735
0.204098853774871
0.9813858263510804
0.012247660263432493
0.06380356775884337
0.035165671511008675
0.43561089705992534
0.016051478312544717
0.004463797764879512
0.056536433976637435
0.07853596828389613
0.03763344984962735
0.011674847261322995
0.046566420578715614
0.04646917610393443
0.02481782112004107
0.07217877028539545
0.26899151544466005
0.18967479302759746
0.18491226554393206
0.07416725594117962
0.030606848657997725
0.17950547129278405
0.034030860491197704
0.04659991189746418
0.21014861349091266
0.08830927807777755
0.0563022265997136
0.14094588197084593
0.13998571601257864
0.037877388381068126
0.012009540038222095
0.010093965846604373
0.042199953197270976
0.01361559930936782
0.011924336660508822
0.19205315065987888
0.06446859566458066
0.18847488269877385
0.17399797574134085
0.08849056191553392
0.958341448938808
0.03229492916357821
0.009441556520283443
0.01163068217969297
0.08272567282193577
0.19355666011086572
0.028679875107924788
0.20168159880429049
0.022234420579103152
0.018744242021911953
0.056357775813549345
0.010915381945391036
0.8921759667757785
0.027081313813428282
0.004061958611324883
0.39363128824816024
0.0946228392343209
0.02464288248745537
0.06928558275537619
0.2967866086491314
0.01338521838728483
0.08434917292016884
0.07995042135540975
0.015920728055850642
0.01131263074677755
0.014418092463206406
0.007165746551132916
0.03331647901251488
0.030440035099240863
0.04336650862551885
0.9354675347748517
0.929841671818478
0.0930181766034999
0.09005743581952237
0.17310127783735227
0.0018911181985707885
0.18081978773912658
0.10788971702840221
0.03540926366856003
0.027103820788800775
0.023219890577425586
0.9891579026955991
0.05248826592843078
0.01168168076287365
0.9504648522973042
0.0139724173229233
0.9687948551454473
0.04905565482278499
0.053384773463017045
0.0011773503043496008
0.09272503060500509
0.17796023096608923
0.03397280313295774
0.010277737531833378
0.08048621392289548
0.1153055675662917
0.021007481126167113
0.9790504128962454
0.04653294937846072
0.059317128034789196
0.06351785744092525
0.017829862142027208
0.006807533155657666
0.10853381401480225
0.09115544280437096
0.14502241771866065
0.005122044464338768
0.12208143890628877
0.05209619696631593
0.1278305326422934
0.003164140425102243
0.987505222150418
0.01625680509766126
0.0012322987578347474
0.02000709496867479
0.04933136363867393
0.001883121138212894
0.03375352715208088
0.01989371401967809
0.9497465338892512
0.018253074834101473
0.24723857396542565
0.9690864668054798
0.008266886756875919
0.9903534135411228
0.04161808795296329
0.026107953075382568
0.015663187192057924
0.005065856613202685
0.004746318295528801
0.008161282130789739
0.058602036411445076
0.9779142446736689
0.16348599245771486
0.003699478013420929
0.07836888359476094
0.05670912562221425
0.055556227785904695
0.04902045636364076
0.044671487833554256
0.02498357840860354
0.08380713183958728
0.020273449870480333
0.08362301700310847
0.058175005407981574
0.01454288411885035
0.061457721256000644
0.041651649083371114
0.22451186981853413
0.002790288101722659
0.013328165643579174
0.03742780899137473
0.01681904027792345
0.051016900569927706
0.0485647236053692
0.0049039959360796465
0.012267698351960267
0.018947164586932137
0.06637738520089524
0.00678240646403395
0.0014181888948856837
0.15616468728860514
0.035927223555720006
0.0072523253230157275
0.07912922283185493
0.967293473533559
0.049351520522419874
0.006974528646615695
0.018943497925096673
0.007866928423950448
0.03943808993913563
0.04111555068753659
0.03215979158329188
0.0028097862976373257
0.08080825489612321
0.9872270076470288
0.041438496518044765
0.0010932359389425937
0.0628381801401674
0.004951560089820849
0.04494930778079555
0.010538766988814029
0.9762762057310077
0.011450304356449557
0.06466843247296054
0.9419705450382577
0.001997189549128447
0.014480312479974026
0.0028291285046103316
0.0741702281022411
0.0629037177097468
0.02149276462713409
0.05776198651393035
0.823192569288915
0.022485116630869103
0.95482545934371
0.006132184807852438
0.02264307368092705
0.003513176831586823
0.0015316348999136267
0.05897688784629227
0.9845582243323582
0.042409725367801916
0.0008833686513753305
0.0021946068569666122
0.8826959929446722
0.985613208464514
0.9795529464730172
0.9860134733106785
0.006886189949076409
0.9892578093474425
0.012992314529233173
0.9877045463389976
0.9865496560458179
0.06669606615741991
0.9844221158651432
0.011344875653190012
0.006133745460781923
0.019915327153258736
0.9810510595969586
0.001592528324699443
0.015442118763340803
0.9961213640491909
0.006609103820458479
0.024196386463533465
0.9563279791310679
0.014591893639876117
0.020720720822157628
0.979243534715166
0.08082056554093693
0.9729558909976593
0.9841339374437902
0.006010277234815238
0.0027178094683073094
0.0005831620506555084
0.029994056985463702
0.9799334953431947
0.001227997649882731
0.982760543522952
0.03010539117206281
0.9812873008122569
0.021035331305874934
0.0007460657737460678
0.9861072225021454
0.9804207926907013
0.9856786935568321
0.004716440170968354
0.0015477209623794474
0.006998668669019831
0.04856893964878293
0.01864585674591279
0.9873215737886826
0.06913157517385074
0.9631113082041767
0.006147854780134457
0.9804823970262254
0.9803142221905666
0.014486503541703348
0.15565617613954755
0.9832408624530106
0.6100777528007693
0.06350683004139626
0.0017903663258005457
0.9826609323918475
0.027697744263302636
0.9786337067879303
0.9661802305700365
0.9812599277447238
0.9846593960161715
0.983730292598504
0.03683196564082432
0.9877175255960964
0.9491281168733372
0.02233698557043856
0.9751799474324514
0.2210596015884594
0.953341305124138
0.9586673752637038
0.9740954436194409
0.01162492271446069
0.9738723769736831
0.008893580003845547
0.005844618843602723
0.006992282981890004
0.9833296765885965
0.0024984260299327366
0.0024314953871468798
0.0046763612727478065
0.9795335864522081
0.015243819364505607
0.006399501132610291
0.0028291285046103316
0.043197979620829684
0.0038516934841959544
0.9773163530323437
0.004444700921818193
0.967474174581585
0.8799686486514771
0.9635371966839095
0.0034976633395849693
0.02982928092201954
0.0066163927157574355
0.041003821824981294
0.9458268331169264
0.006517123926483334
0.010530598551059124
0.08726234526701174
0.9482831617052164
0.9485775391704231
0.9284583773155869
0.9488896920400589
0.07163870310279923
0.0915260135922761
0.0011975676248947985
0.9872259196851179
0.934594368829819
0.006760514404327492
0.005756059039638527
0.9583011040380098
0.9839986740697767
0.009537160716131827
0.00836126314794539
0.0009979690568277585
0.9573741597904435
0.006970875912719349
0.9610451023503647
0.9502307808483793
0.02673065509333821
0.042536905357533634
0.967596392508804
0.9558749748409371
0.976107240949892
0.025486286984611875
0.031022727084831767
0.02613833867380438
0.005449193978658965
0.010473916788265822
0.05935178332830436
0.009648554278009043
0.0014238307808216986
0.6064999894648629
0.9774316323092239
0.002633277487330607
0.013810086111256302
0.16059894704503827
0.17416678790625081
0.9588656676940395
0.04914327951830872
0.01532968595494995
0.9826983818913775
0.07087740367757582
0.06433219089416181
0.9564718551470888
0.9603900407037347
0.20788949743765933
0.11173572082367937
0.9498966585336157
0.9560760836837991
0.9515572419630846
0.00841531738352528
0.9207235323238793
0.005987342745311651
0.9457587179346336
0.016441169373736395
0.925977934513173
0.18013505985481215
0.010431034411892318
0.004226135863786181
0.9357532603014349
0.9848679207809384
0.00915542939561609
0.0010485164589218619
0.01805037246469226
0.9336045946028998
0.027776443074857344
0.5309232726057184
0.9353725184938425
0.006862580181832821
0.023227284993343443
0.0017739687758548093
0.9410977484017246
0.9642574695791811
0.01596964765020275
0.9489791549823839
0.965133336658856
0.0013856654958502048
0.9721310231669243
0.039201996402622126
0.0011182835283582403
0.24617155993817857
0.06291907377316533
0.016768644656532855
0.011703921567109834
0.2989570231818352
0.014441975188738774
0.03597558525635219
0.0625558619190425
0.009620378005495905
0.13551821792010232
0.019872223104116384
0.11449609766294154
0.0034286141638985097
0.877928859228801
0.37905482664447016
0.01285309947513506
0.04808410582889637
0.014671917513869774
0.013586445240986875
0.03628560309137483
0.9347209955540361
0.03188289641020531
0.007772668203143399
0.026520398496725165
0.03846610709210082
0.03692862364569915
0.02952736219274321
0.007974182062938635
0.05175107095769699
0.06468738302750517
0.013641894158157272
0.046329057272323004
0.05031224829567094
0.031351248819672536
0.006989174478087815
0.06266133207284268
0.08757733614923215
0.03748922997657774
0.0034334253965822856
0.019050823114185544
0.16411932328272122
0.0031421064627345984
0.08143473371016233
0.08971518621975322
0.0046313670010058134
0.23225047010539546
0.0026480129402233674
0.9592995405932563
0.06802308462804275
0.06129953430503401
0.014422415952333165
0.12891709850135719
0.05349649425452126
0.019993069479475937
0.05583456078913282
0.9013211301646094
0.03723832860207467
0.9383286538148857
0.027439482991901167
0.07759997073183408
0.014100758587007186
0.047989897397908494
0.07541397787461572
0.15619353681391765
0.025820322871999354
0.0912776838067631
0.022265635481208995
0.06824545799948752
0.08300075900346164
0.0643334858528234
0.07830156819656785
0.12141997184857432
0.030158088326491563
0.01267115687732613
0.03198953924628474
0.01883426990335527
0.04810119330544193
0.06320605500899783
0.2489297899489138
0.042459187144593506
0.029644153392759894
0.8681560992605425
0.3531995813433424
0.3172492968549876
0.016722392923264755
0.30997743156816715
0.04832752599538233
0.03179495233802453
0.005546973788879566
0.04417898631785696
0.04928257879688911
0.034642020432132666
0.042177245973607266
0.02864943007765768
0.03618950284380778
0.06308009265284419
0.05791375700933127
0.060261149782052034
0.03709011471841353
0.03274639412110389
0.011998765431337875
0.01849570263174078
0.024792537068820772
0.01162979210192746
0.04061114701159157
0.01351545744203219
0.014410266332161985
0.04460830645685802
0.0065109418367412745
0.02200044645116589
0.0716666874504842
0.03305028370300372
0.024708863998538486
0.013283775463888108
0.039191508318748805
0.06072387708479966
0.051629641274551705
0.01738843485721857
0.04975306707914698
0.007136816718856761
0.02080185883657437
0.06135539339316225
0.03510300556127607
0.07292601577201721
0.9741775973847876
0.32743086288728873
0.08146989474099726
0.04945567461362665
0.03619324835886934
0.13408322301116055
0.31109830239482156
0.00524401779476105
0.07502034930950202
0.03706329125157053
0.008321687878911611
0.2136341692640728
0.09652135449992076
0.145990686205183
0.0984982830899743
0.38143798695607467
0.035328091550340335
0.18758594062160194
0.03230481383890601
0.020942869573916712
0.06559358136635347
0.027099095241929477
0.015578764048952885
0.007035076119347576
0.019342908382302855
0.06324919404061857
0.07990105634765766
0.009317218556193588
0.05070851716332165
0.014526992382354198
0.01610509096302075
0.1537229199637919
0.05343879985225896
0.02673848203173084
0.9713532838738046
0.09448704991560421
0.10467568824689563
0.06392087660499762
0.9632126706498553
0.031964014350173306
0.05582363164296779
0.20152963435461557
0.04095966185969192
0.03561211607749465
0.031131974660207354
0.20051117439198146
0.05794383998071967
0.019751685326832056
0.09153999634424759
0.9321434571608971
0.018054102344192396
0.013787759143001281
0.349234139908496
0.14736613666035475
0.019296340060050095
0.016608003773937795
0.006041403614729692
0.2905873415470943
0.00808778792555964
0.009911590769927226
0.026460579470454017
0.0009866062787208928
0.11712717907770005
0.009395289013998439
0.014426927438514979
0.014305459826057899
0.03855919066427017
0.014924578245657023
0.016017403406182566
0.020481721186581394
0.252353377395933
0.008681474993649537
0.002753732755132264
0.07574735665590102
0.0008748018264683256
0.005358571568216179
0.006305246516555574
0.009730673642689983
0.01404352243898487
0.013890764822263296
0.05271421288228245
0.02203605186914987
0.032643904590142075
0.004302786566615447
0.0034871270729029914
0.01485049123518132
0.01989841085792447
0.02054830416694989
0.04990481144872834
0.014357408193359981
0.00583110217784148
0.2268123859966612
0.023072301808181653
0.014375549109004881
0.05001910632634434
0.01689827164691011
0.011951659200872563
0.007199214824138599
0.023090827120719398
0.33215429200139224
0.17507517520616378
0.1458059400240248
0.03803135877621688
0.045010583447204974
0.023805287378295355
0.0076013332760318485
0.955143147367845
0.03685126660241382
0.018112950041887777
0.09298091265438457
0.06151173722970605
0.02556057189463989
0.12605157841283207
0.025743510268858683
0.11322810225635548
0.045711826757872415
0.006590347115297187
0.013712056373018072
0.01579903695794805
0.1007701828115348
0.06717092167483804
0.107086747002449
0.11875385375216871
0.07757705040068558
0.07784253779805403
0.09963507048099325
0.016517582906535006
0.01926782706536022
0.0425072249813933
0.021157713226716376
0.006600488413682661
0.08520270236377958
0.06834937098355912
0.052003069950118434
0.149463704842655
0.01593299807309022
0.0061919280086205385
0.013454765906410353
0.29742075348827224
0.04652011285119489
0.0892467594342704
0.06443540173723482
0.067247710162674
0.14190641730284428
0.007907479770081894
0.033103641293339967
0.0036741249189487873
0.06735218726292969
0.022163339438210312
0.03663138697293865
0.1343181618405161
0.08338231842454277
0.06750298151875359
0.07146786493350141
0.08657303668265365
0.033856177708833965
0.0573644907349875
0.04895437269946602
0.09063116654871857
0.013591929678458277
0.034722815937181906
0.0848351342271066
0.021887716457460175
0.012793087030645217
0.9955079512696176
0.013178808783669161
0.2216680361879056
0.15656596330472397
0.13789153894855172
0.15711727265975334
0.03362544154590576
0.032784349366607665
0.012514705836250473
0.01122412958939763
0.027827169226511073
0.016875498564498166
0.005911779802638144
0.020438892881228757
0.011312145783062858
0.1540231956501234
0.03982666673641305
0.10820011845764904
0.04252534228522904
0.032757481041568504
0.012377656775316527
0.1491692021015338
0.05242604492372983
0.019116690728594794
0.09352833383565136
0.020545841333064554
0.007870703603686819
0.06143424044233078
0.08053707419099425
0.009686748552245923
0.03293758592607942
0.0359350238233752
0.011755340963616408
0.14520509185239902
0.043399843973313174
0.093683881842565
0.005784996026200686
0.0993212305533539
0.0006589410369207759
0.11886539319052872
0.050629558697216547
0.0013439770977059003
0.01545336755092905
0.16903340644935425
0.004168291931338567
0.018345356144504416
0.019841278622436065
0.040972521439067495
0.012839543822460128
0.012296248700397064
0.012288244827620143
0.018379552762222775
0.007318111668050129
0.02428595576068276
0.004382539084434114
0.018827549578750123
0.02580559721068136
0.9421017792542092
0.07632005723913617
0.0017010108420563285
0.020260956732052474
0.008983674603553145
0.02572799773176574
0.014967894182754515
0.9899822531118437
0.017351667045364307
0.10046975229240379
0.956530132374336
0.054578284037037704
0.06107635549748796
0.016457854798607223
0.22793369104323827
0.07229955299187259
0.054581125823385826
0.017791508063948608
0.02599178514461207
0.24349620882590398
0.9223395125192059
0.03795501152954438
0.002053636907867725
0.022210702585193354
0.021225356827176616
0.025575899665525238
0.016066047545788137
0.0008657221491505716
0.00898467292302664
0.008836334165652781
0.002759420954952581
0.01618171039003362
0.003961015328791308
0.003583181305596277
0.0013994952102546728
0.021303347592144164
0.012381837910531952
0.033319497941312406
0.01430215969676945
0.0051985866612154355
0.01007040718041559
0.006125402748694351
0.00645554054949807
0.014519737334667236
0.014867976012468863
0.8644892979035587
0.04553766423465346
0.005595448565574465
0.0036858461715098415
0.12925646638806512
0.01371451606715222
0.027984035570947356
0.027825614626593147
0.07680883937787933
0.013028293693345308
0.00765083299006361
0.005648084824732551
0.07581227397299176
0.9099281336970667
0.010488174474358328
0.005081447054605359
0.017237199214645945
0.022569573981048804
0.028599546390084267
0.0017349672605670714
0.06848492177236268
0.0548431470664451
0.00110776581980459
0.007167322775698718
0.008575155180245177
0.005327113033711044
0.03203057814944569
0.04233827119572258
0.6669771919593092
0.20113495888917013
0.01021700810832334
0.0042668892862896355
0.01783355548415089
0.007522350296717225
0.020264213971051232
0.0025475728562808597
0.010232207682395437
0.0318148959989388
0.01582735780877074
0.01238656904335197
0.011673294400069052
0.00277080601661974
0.009922760238881995
0.01486929388162562
0.0170454154608851
0.00807301460962008
0.035254286704588994
0.008132788419458551
0.9547552340467163
0.0021797869865878296
0.013182399059660467
0.0028619733885281457
0.004451824150734062
0.04309314471094257
0.00953668567442668
0.005161461803251042
0.014232045379545942
0.023067291765134394
0.06373227854997776
0.010618592375135544
0.01453805191581204
0.00890202137711526
0.16053463011926034
0.002902555122704189
0.0806060547887519
0.022777821738676197
0.00811629236743162
0.9770864473309675
0.020830298286939792
0.0011988710904217324
0.06244672881382608
0.06261725220739192
0.48569454739793344
0.0026859480932859853
0.027390996925341495
0.007783849280459861
0.010391392136186246
0.008673283665582567
0.035605389851084975
0.09077099372967344
0.0024349810172135953
0.007412439756605811
0.007599603615415958
0.010571688831298722
0.0033332557091729476
0.018017020636017993
0.07239641368054461
0.861506768943121
0.0007109965449945872
0.003861192507915684
0.006170561184442159
0.001985222703672893
0.010829154418973934
0.11640225589534733
0.9357716502268084
0.010417364723435617
0.0015869788626270143
0.034477365804067184
0.014323906529653062
0.01223735121043363
0.016463716701894743
0.0534576725397639
0.015311803942368108
0.24974457693108934
0.06987695846884814
0.015120523809257776
0.0012363521903350745
0.009147714391833983
0.06448746907959353
0.02961305833303844
0.004197306678176509
0.03202283479863268
0.030092839526127874
0.0016307050999722296
0.01305658845657121
0.004513719382792206
0.007489516515193249
0.013387340441764232
0.030067849298267967
0.07199594467960391
0.06873367677024392
0.11301985758637124
0.06644477056432258
0.982561364129185
0.011931022154375154
0.0034696234250962995
0.08926071754131489
0.1723343385524992
0.018419935244910923
0.006453563819233434
0.03237947692278309
0.019453560932257623
0.0332278405419368
0.002521695859334613
0.007365628149364792
0.033386396555204444
0.003812398109969556
0.07437109482644948
0.029324648184766353
0.0071474897335014635
0.018446919395012727
0.006221699147159501
0.006207552197362679
0.09269227070328699
0.0260013584112207
0.006282034995818533
0.017897811410700376
0.02148907596286934
0.02857678893714951
0.003202070645332965
0.0388667464770653
0.01719742594095694
0.033617630681990536
0.6513175566158697
0.011900913796646187
0.03094428485741012
0.9073061950175422
0.12440142024912425
0.02948670299708461
0.035695358149647194
0.02112228558208461
0.09125320947749782
0.07735927883960898
0.16980116746054863
0.005286026630719972
0.10723988052274155
0.061093875911533424
0.19210297686080108
0.10345883836924527
0.028662239151948512
0.02840695111019993
0.027571782370533128
0.06148734925333493
0.0050978775439077416
0.032877665050881265
0.24709483451056213
0.06967618521339974
0.008953483614240008
0.015367669502067468
0.9831146769494286
0.025341956546659845
0.013702173342370012
0.01332004928772408
0.0769059708620398
0.010239603294108114
0.02553650655635956
0.0084769941984758
0.012492322463227441
0.8619735603694009
0.26319945798129657
0.004016256971317959
0.0899856191408258
0.06219831481234687
0.023358649613919005
0.01900985337228771
0.004280959738397311
0.1447756731775547
0.044062055664659254
0.9674700519662413
0.005119090663593608
0.030462475250679508
0.021447768230466253
0.003266642113573403
0.019796967059582008
0.9387401517938366
0.020634124437852324
0.005967480526985527
0.03976647273627574
0.005825287889335817
0.04704920158605138
0.021895817782304094
0.16084426585691816
0.002849825019188011
0.02103896737221597
0.01989065174206186
0.1373630627298994
0.10781732834512224
0.010046314601520355
0.008462408717729233
0.06664731300773105
0.03989255130358681
0.037100825621518216
0.017942699289305815
0.005512954115808147
0.04571396981666559
0.028621124933527784
0.044812776507057395
0.1236197083723582
0.005945555162820799
0.0381988520441735
0.03734278890051058
0.9640212990788252
0.037327179724233064
0.05137868906372468
0.03646803756941793
0.15173536408031355
0.9824169368311154
0.03890119377231044
0.017752084391856285
0.045962790503320604
0.9919109147808989
0.005245324972613547
0.031746851026616243
0.05597089195680484
0.9811364301087634
0.01818164438163068
0.36259299208719376
0.025737831313334292
0.0921472422602902
0.018481363012331352
0.003916198802941407
0.028093399763674417
0.054749383393317023
0.05621460036125166
0.013067669500311884
0.037476553277969435
0.04931911286176989
0.07785769730705483
0.003882713521367104
0.8384843565791221
0.013280678760043123
0.02339214987078935
0.0164040264694655
0.1259131412414739
0.012600555015708441
0.9008086022777914
0.022221248699497886
0.01673412464712871
0.005766820696305141
0.04340747007646673
0.03565914998643362
0.012753463043205734
0.014186718803367158
0.012663554856615248
0.003072350467043437
0.01670983938638563
0.015260454132079538
0.06570032825298901
0.032759852415815985
0.08011234265652599
0.03284255423944848
0.1586406841220626
0.014179188108817922
0.13629535975465118
0.042832396893497965
0.19305281214631917
0.024232724705154637
0.12079128617017836
0.040180693084239376
0.06936909363099193
0.04054653126428606
0.005118260850997075
0.33446224748654074
0.09826591461855107
0.17798400977442974
0.02102297353983833
0.009717815049253151
0.06443881903300579
0.03818321607498882
0.008571019427803086
0.05833903677419819
0.01327941163945593
0.011066274219454499
0.04244971045513277
0.29291010431416736
0.07386845212286204
0.01213293941092823
0.011357904743055074
0.0046631716196579905
0.005833502490774572
0.0028877484948413097
0.013992119143164632
0.07210339532897954
0.016511156099251183
0.025885843389576207
0.0109629478350345
0.9374108265703334
0.0021987493158498127
0.0053378974920827785
0.01707683418971916
0.23338507914404982
0.04791299476169929
0.11367605585406543
0.0027153425319966736
0.01921410987972534
0.06621888695390162
0.04118992795491131
0.012997426806695559
0.08915062000581911
0.15053217809328648
0.21042289733877395
0.01896871585917914
0.2362012083960885
0.01638073790985534
0.011902556108663113
0.012219791927218922
0.08630253317529298
0.1660322986477975
0.00867277148306025
0.2509870834738374
0.0022075021720663517
0.007156156686194483
0.010249857174463296
0.007767897264081244
0.011906276590814105
0.05493781897561555
0.0703579534533442
0.06506399555001993
0.024374699798826855
0.06261887277692701
0.020059513872319502
0.22880718154483362
0.023952125730807607
0.20898389569678966
0.07177325386635569
0.015271016087591453
0.9760905599753634
0.051107461346609914
0.01861003305960656
0.018664833022203724
0.012913544802228581
0.003602233166827585
0.013953393755700403
0.07704119950362413
0.007369212842325382
0.015460336654099592
0.08011601708490175
0.8676310882195898
0.018128988885060333
0.005151377774007783
0.3181321661781657
0.03129739198034465
0.01667141607966481
0.12347232148275168
0.01063033211098353
0.18321580042461413
0.07475845318510356
0.0031516803580333977
0.061907102071496765
0.008805813046437972
0.012271318433413878
0.03391680525384739
0.0053658892936056055
0.004818505075537147
0.013273827769010553
0.062132298010555934
0.03295471379270032
0.41890295745385037
0.012507799739721916
0.9581437626095589
0.13533246180731914
0.0056676713198973595
0.12739365987344325
0.001784941048560475
0.9573462436806093
0.007387309236892239
0.019894163636592452
0.9626276763008862
0.008501942271529459
0.9033366261334632
0.008380325324531129
0.0169242010867231
0.24070538348210244
0.010859560585966157
0.020955889877197986
0.05985490470424981
0.927316252227848
0.010908361369758555
0.0428910999813466
0.026259554508594924
0.012520904496298578
0.003711616996190117
0.017184407542388022
0.020446495972027454
0.02624899883498678
0.05025571998092215
0.007103285941262163
0.014791259684717185
0.002446957342465498
0.006916040109453206
0.034917085111026286
0.017568193650729737
0.017290619145940864
0.006184110252722442
0.002088711650929363
0.016820031532646496
0.17403172704188072
0.013356037896172554
0.012175447959081778
0.01835517445337456
0.02562184524824216
0.011209563399549427
0.002623542337727854
0.007693205133032278
0.9113516178254383
0.010980413796640293
0.8538260365423671
0.019229896898053246
0.008113315901273456
0.01334114074548592
0.017295645862448274
0.007803685105134616
0.015843358759558248
0.005084592978078527
0.13600685866222956
0.06802969576682714
0.008821550045204093
0.013419928295608697
0.03474943275076245
0.012942004769227014
0.031199474401433253
0.9060559475389804
0.0245094084351635
0.005320794882946678
0.011007871189296957
0.017697145613340366
0.015135516989321505
0.004496953499163148
0.0014368150472122334
0.004506625804210259
0.03103673603186723
0.010728866520304367
0.008979756351119198
0.0071170614091296686
0.004566117612408722
0.016256121148826005
0.012950635068187482
0.0020370230495796067
0.6029175912349028
0.005787392117532229
0.016948977278336084
0.22751720502558073
0.006221664813568254
0.013956967880589862
0.01466618310569099
0.0014787708486601215
0.019879197801404257
0.02642707403544211
0.01059655379004071
0.003498235543748944
0.016838839561318503
0.08110770913982708
0.0066861710039431005
0.1491475959103611
0.00313671304361175
0.01125502538739451
0.9733266237607628
0.004638490424576306
0.011076615620219782
0.9788952083681914
0.9881082703498067
0.012231534400169768
0.9857981056733738
0.02672349344683157
0.9845511218568838
0.011587535706631126
0.001882498288001788
0.0074392578793286675
0.9951100438733608
0.996364089334757
0.9864879133065773
0.004857025338167112
0.01463377512433678
0.9886282767831104
0.01664133583117212
0.008476950500884083
0.006923227438117577
0.9703997152555544
0.0027977807492568308
0.9763853554164166
0.9693400784135523
0.9805053812002196
0.9788674853657499
0.0016329190797870386
0.03542670013279945
0.7683608180936412
0.016340088713793936
0.008783450458459487
0.0318969729981358
0.018544480430172594
0.9862759632689806
0.9814390031087005
0.0021504157452896097
0.9636885121399998
0.09334236964300253
0.01720724342862355
0.0874845399626278
0.002145484627815145
0.05855243943563314
0.049058664079576264
0.014980449248095504
0.05496298531939886
0.026957526192716116
0.9318879665328906
0.012861732445619159
0.009638277996937058
0.035038466477998104
0.015002491516545218
0.9746269837262572
0.9810064832362753
0.012519354244934049
0.0019425404537235548
0.001971622874178513
0.9234928041736111
0.0012395219745785784
0.9659153357071699
0.9822773759275629
0.003301048553912268
0.9171060020795689
0.1470023844044815
0.015419522845647137
0.0015361888269814546
0.00789957851480598
0.01863823736578468
0.9717705405409667
0.0021925684883536086
0.45323096357950304
0.010047350323800346
0.009604878820336057
0.21168789467043292
0.02310947717874914
0.01661656278307353
0.023702951056844238
0.02332024680796178
0.010696373867701553
0.009320943211616523
0.039185569468466255
0.004513235373836553
0.011185676279517252
0.07412394060672062
0.9876595637043665
0.057115059756148306
0.0018338036450835232
0.0769450897770928
0.0016799673347691474
0.041561472624375394
0.000739761433071645
0.040300603775291176
0.02812681466050224
0.008345366523628618
0.009668795213872016
0.005134257626942334
0.00965252916634069
0.007669009574232994
0.000816439448204351
0.09251631442551393
0.42718215496026135
0.01999062899541749
0.028339885087108982
0.005819343621490937
0.0664750922198625
0.037078605140454565
0.235936136917132
0.027153881497904403
0.2650556772111421
0.9696993163026216
0.06355806958124194
0.012512847758743216
0.0140714890758275
0.023237381257421724
0.008631420591354928
0.9604708094728813
0.004846602469384115
0.13480423114743764
0.9866611836505607
0.15005397345952698
0.9780063598843325
0.02173483345078605
0.015036959407518667
0.016965074031662038
0.030809287444534945
0.00910825685846869
0.0017596016565904907
0.13764760634539372
0.012229979555553359
0.01318061609716961
0.016960883147829994
0.12020485756840726
0.7376118034363373
0.019212726802597217
0.03161454862734173
0.10833329427264841
0.10231763642807762
0.0015904072328959342
0.09204125942568675
0.18016015345239111
0.0075828983853731555
0.020701049563427044
0.013264120698851583
0.06102498967845139
0.021069831394460038
0.004781372356682187
0.11179216898262488
0.0705509250835389
0.040086206406230875
0.04775851699420728
0.02060615773178811
0.0009581078280627775
0.008550750986162217
0.041928105227450746
0.16528171736542396
0.9709463419183241
0.021441283664099885
0.04939813184889024
0.0246382332834381
0.9744912683811285
0.047926094528373236
0.019979955019531568
0.04219358238119801
0.01592563978508428
0.13118016739167485
0.16120885903236035
0.008936426953373426
0.03215649215234166
0.027477537158566705
0.007403585456395888
0.02899837623737395
0.019478902020973143
0.09358127259713005
0.09390080602852384
0.9637507651987925
0.06019654197105617
0.07176054890733494
0.002242412800894366
0.04344102135967773
0.2709656170369984
0.07502023464827692
0.003895505446397699
0.009516689089416396
0.9788009231271214
0.048987410464585414
0.00909821306747515
0.019201585044297143
0.9653918740878786
0.04833760448113577
0.9435360544564977
0.10749777529291697
0.0017303717862937392
0.023635693079586875
0.06454307847253549
0.04549371991650091
0.15823451568322347
0.016267792763477236
0.0091107753236939
0.03612022790650275
0.0038398295239913923
0.009652332999472744
0.1157574050303792
0.022507615684053385
0.03109337138395019
0.006605685507539586
0.008145731865768818
0.03497477156054655
0.04200707387067656
0.2408402141545079
0.018034706499226543
0.0016668328083112676
0.9109865759012925
0.015284125820445233
0.009070653661133559
0.9307875702243332
0.061908451950098926
0.9955781157049662
0.012172240446616807
0.0038989358523473213
0.008370184592112218
0.009603931735783935
0.002583489552673608
0.009359355598687504
0.1305453010319561
0.06056697898245327
0.6488516432571985
0.2824961772023502
0.018805997316368676
0.9764836752057491
0.8284165926523449
0.9900174837596448
0.15337956520247523
0.9491341353496613
0.06214595007274886
0.8728221055185514
0.003788071203757042
0.9414966829322345
0.9281660190323392
0.10591004915051973
0.11603012063955004
0.02457664437982245
0.03743341343049896
0.09315413909917837
0.03387224782436152
0.09890537525072095
0.01314765185253391
0.25177477248422175
0.08727515428971064
0.1464854525704558
0.13693235484795505
0.008919030169051056
0.5048913344390547
0.1647644545023559
0.1440611759120968
0.02285106516728363
0.0335582803510526
0.9684434036700243
0.02345142899257708
0.15839005629597103
0.985631693008991
0.013365133902998812
0.10469604049968352
0.05360191090720861
0.013728664080516125
0.060277382547316724
0.09924387108735797
0.04880278181327552
0.9771960690079408
0.028292568013263034
0.019549388863406035
0.036363558036382165
0.004383952204318596
0.016921310017389952
0.04655800513801908
0.007433680616326243
0.0012693244235071463
0.03189852307512446
0.014516977972634973
0.027150603446714112
0.0076729264414683775
0.0715559310589249
0.052050796197559104
0.0017755201459827392
0.19791612012249524
0.012001827454092605
0.9511110598679122
0.02055565313410218
0.013658458321119834
0.021211728892456157
0.0964822636281213
0.008225920418718204
0.04832752599538233
0.02086899841206819
0.015280406288351792
0.017292055108974767
0.015280406288351792
0.9470008356905245
0.023541088990324595
0.030752673471023652
0.0431812978259659
0.007086406753968886
0.01224280426690501
0.017848133851056755
0.005391720078054522
0.009665182107544428
0.001871656506456498
0.04084241666891903
0.01109358192843349
0.007298917253266172
0.01275127190152501
0.8654390725457822
0.002533829029705127
0.019223912872159958
0.04672744147586526
0.0036124729800940743
0.00585031622466489
0.08390415366088243
0.01534470452230497
0.11697036529161776
0.01864397127478997
0.011806647988379396
0.021606930022791782
0.9874738997623044
0.08272087456018133
0.04231483928011997
0.05170265624290575
0.07733063955037697
0.07989283406966358
0.014347738233552895
0.024687733517687584
0.004524749401621196
0.00809685818991217
0.017490912592701042
0.026748420547758577
0.8981384441209046
0.019017788305492635
0.9829736894120459
0.02851060440596248
0.05976012998206248
0.007104854864046487
0.8967326257239154
0.07828988497097003
0.006735235970019081
0.17855121958696404
0.988560045691245
0.9711890010777584
0.012213427764834318
0.0447233419525748
0.9403398900089934
0.9203333538680913
0.9146978174731456
0.025122908633553234
0.07519678460988101
0.05555106377051508
0.009946205739802982
0.4064645339993005
0.9531883293185485
0.031954416898903375
0.013497497071406829
0.005381912055708811
0.013512571804912079
0.06639333535062336
0.05724093861337654
0.0027479560931598663
0.026920937134442595
0.07216493853797808
0.019389256624836326
0.028076675389115395
0.017399000944232357
0.04283585646492087
0.0037162819442608497
0.581758021283889
0.0011190423738205516
0.018894220049256973
0.027353839292537232
0.1394839010671888
0.0038390018707329166
0.007658982559310422
0.11469747462176591
0.012323137238715256
0.03708226163837779
0.03815397410472107
0.058171418749438326
0.933353618692216
0.11370519981391657
0.016627903083616113
0.018286174971622677
0.00807225132355872
0.017696251794301163
0.01875152000969019
0.971534589779902
0.009675412405663032
0.9878757762360661
0.038852567150142556
0.9749303453091595
0.016633448272420626
0.36620842235029527
0.04198335659137555
0.05975009672712472
0.977772900541831
0.046591541529820646
0.061841878600587465
0.008797637330257629
0.031485361375953334
0.9951969139974304
0.0031716353366221736
0.04688393106262008
0.15307262483074033
0.10115886950480563
0.9119573646955168
0.0973705062711174
0.20836059628309284
0.003717749928605175
0.005721533476014634
0.018156399928955968
0.011576653060395691
0.03856216823365799
0.644450473613006
0.017185497540184624
0.022628692312559536
0.0055283634128707095
0.4591672540688032
0.013667323151756136
0.025650731681654278
0.029372042975264214
0.023330935066745367
0.03539174277072812
0.002380548064919343
0.05574544576544558
0.004505639311368446
0.0035903303861340224
0.005616194267611544
0.04350597085534461
0.014324023882318546
0.008370323572545314
0.0233090333874868
0.015972153268019536
0.014973422158217148
0.012864769101635323
0.018052916894186897
0.002480999643105814
0.03588965862855069
0.010986675328619997
0.007031761594970055
0.25666575906703715
0.24290055956487197
0.007675502938985767
0.015228269241923567
0.0021367761276472512
0.05402606206630229
0.017051929326877945
0.009901711704570564
0.008818641180382253
0.009492699339327518
0.013826767761288111
0.0024383560775192025
0.04485621321635735
0.17593404496951157
0.003310460578913286
0.0696582261050679
0.04285199463431601
0.0035550008583757364
0.010662710128445111
0.017031929296742306
0.01449575975558934
0.0010599973648337871
0.014303086066029586
0.0030063520622823046
0.2107820977445949
0.02048345313571161
0.0019748302432861923
0.013133380894562799
0.04106227700736996
0.9599614995324248
0.03546883349547462
0.05683184514803808
0.008057952341172708
0.003253656359552953
0.010736073516439784
0.005878873218393039
0.009401576362280896
0.027192856434839704
0.06725924158338843
0.013277162480763355
0.030638815201981612
0.06620851771536726
0.04147597727380205
0.011055166211598794
0.0025701126621256666
0.03682823832720296
0.9470821368036816
0.03932801137401487
0.016249622898724232
0.02881992015940839
0.0016448129513058562
0.018201841867149814
0.007985227858258904
0.002165216307454099
0.003322511543640912
0.010667357823687875
0.04001925485542959
0.027799201096976662
0.0013703987393060423
0.005825645637448443
0.023500434598028395
0.5057374448774177
0.015909686333597257
0.02598362773927366
0.003183734764264701
0.05057922563660628
0.044633930385039176
0.01022759174400086
0.019987792525808665
0.2985711897917233
0.9791153870081122
0.060740828061486875
0.0649778934453388
0.003797123902034783
0.4111201832851039
0.006812506884831013
0.014176714335062618
0.18663076414817834
0.016906809491132494
0.006225622196917979
0.00674544737798315
0.010708822437808355
0.14387296805912214
0.06203502916469113
0.015976724540963532
0.04125295193372021
0.021929255412164075
0.008238095146568692
0.022158572241751433
0.004143624903379731
0.027462030577852563
0.13738814303600122
0.021216990163168862
0.0013312471426491107
0.008132966671145686
0.006395360086193771
0.006848600382063281
0.0014179878688355908
0.0043862628950493195
0.0044257906153008664
0.001972898828246914
0.020771664008052106
0.003842433038855804
0.005851046819143488
0.006935003303950607
0.9938089603019139
0.018003413257445446
0.0035145350986741
0.01646976884222993
0.04704551112835872
0.9670602781754203
0.021154051814870928
0.004952244007920582
0.002982466180473809
0.002157956106496036
0.03178907537331298
0.004162484741525174
0.0042250476837226245
0.8018721763648795
0.02250803112455526
0.9123120313903763
0.011325146184971852
0.005863785552224786
0.9925243240758205
0.9687479966131104
0.17336815682434106
0.006010981801801447
0.014357291425211059
0.4007706193954973
0.002795273868720165
0.0122968381512339
0.004172758452468574
0.0015194873248745053
0.01170976836542832
0.011073208857840139
0.009452015143791728
0.009000095131711008
0.018962237948428873
0.07115765702891429
0.042482674153998784
0.01592273470760882
0.0026223343903077523
0.008882061333484539
0.0032910766746269723
0.019962211197826225
0.014333082109476175
0.015467143362620572
0.030743476712216236
0.015522657912729483
0.8499879384540824
0.8296278299498165
0.007833416004648912
0.02193903467704636
0.1339625387521655
0.0051207896452513234
0.012083565370822226
0.0036862384987531704
0.05060338074671494
0.9317344262738186
0.05008267578281041
0.9575998219080769
0.016765958780921037
0.2947875159108289
0.9529026962334085
0.010770644487643586
0.00346996797115319
0.16271916480641171
0.04719272385290276
0.00404797694935573
0.022120778032505683
0.007295093531699362
0.3480193698550398
0.10139362766300229
0.016344756671222857
0.982175503239498
0.014641250877024154
0.04919600804620287
0.06047582496866311
0.1351258993132875
0.02586655893486765
0.8458886146400014
0.03171651057530695
0.09016924297660892
0.025832884496616304
0.953472295997338
0.025396274747019956
0.07063595909915206
0.00500771075202942
0.16022015483781132
0.26771510614443383
0.06368178695594628
0.01328730103520572
0.07625943541803339
0.05380300812754347
0.07710777063814091
0.9759034391583367
0.24737985865840031
0.03015288701250775
0.047260080869315706
0.34537016862769876
0.1312963246498328
0.9846105322343995
0.1129785256196501
0.09919882047909519
0.12635652202678518
0.10573561116088727
0.004350945624175271
0.026531755524694046
0.04879208977944554
0.9746292583262027
0.025987093107681342
0.014848378207742017
0.025000652679836356
0.06132940718014397
0.014393423262684175
0.001808734705005771
0.04086909827045946
0.021229965596829183
0.9809110067346867
0.002952560209290097
0.07367713520856396
0.07713781527363296
0.003860361326831306
0.09564196530486244
0.010786936725896463
0.0014965968177740618
0.010262087516209339
0.029186776227554227
0.01242182823424767
0.025518306255452466
0.027784237268894667
0.23793091788574128
0.0305538662636739
0.16809064344327165
0.1813088826136862
0.031536023506359305
0.004471450770361429
0.12096611699694439
0.9659310300103904
0.03925554639402507
0.0030997363619833544
0.157465028160286
0.1142993271154358
0.0356592096521788
0.02939786851841849
0.0025006231392984317
0.06699218716801512
0.9528612404437389
0.03795240187787214
0.0347244795393326
0.043253501478354314
0.07974155370803741
0.03658610073288512
0.010432411857130626
0.009089531651759368
0.012875042555977758
0.03519077484019952
0.018824008404964707
0.07991982634149934
0.021028208777374602
0.006878540638499062
0.00589231436740302
0.005618318992891738
0.006249929707199471
0.015710622072640786
0.02029034936700441
0.012854788651703778
0.0647368047516839
0.0034312345878112407
0.0015991233301543817
0.044627648437179396
0.027342823432211668
0.020573666210770166
0.11418882591304723
0.0030580063336475834
0.002470593447057562
0.006136863852505916
0.00855546774045545
0.002904707447593275
0.07286325735908981
0.021991037450408965
0.008043179912273995
0.009639012246129673
0.08761927073466001
0.014189232494156634
0.05084665135256164
0.016890347588685496
0.005608259542944619
0.051853980936697956
0.012573292783726958
0.0694011445170474
0.01992852723272534
0.031816447217718584
0.07310376302851956
0.9268068958677191
0.02123511350999226
0.0073552045239066105
0.018477206287019845
0.12931214953903397
0.018797419605763744
0.015215929680711364
0.029286731683816025
0.015090749664773617
0.02072589778724769
0.008487137285035485
0.019621029777524585
0.014757657889731497
0.011866685600299
0.014479277329914228
0.04926858313052405
0.0251478766409911
0.012506249712216208
0.0017872122679795598
0.06144893001694145
0.04162394029099026
0.013209344373926983
0.034440957589994985
0.023171539911699977
0.22785369001063083
0.017795715949333393
0.02020101815265606
0.05802970947377571
0.03076662944026793
0.0037695353577327753
0.01518546180548501
0.09481549881450549
0.010626637210719573
0.03994807641507895
0.07522871785514687
0.0030163528436429436
0.0009505922357489444
0.01197028085054648
0.17791481351145713
0.0255380237076289
0.01726220720333257
0.006985240096069004
0.7549428960077771
0.07863012418796173
0.013789764931882739
0.005061583585102676
0.9668914459552783
0.011445458809718435
0.024877152889789773
0.017093857661210386
0.9686058659100548
0.011960067295339431
0.013458430562941784
0.023727091586762818
0.009324397339984518
0.019376980982691087
0.060897453461339436
0.06981396329147276
0.008665390327311392
0.003033506110743268
0.008462101853309374
0.00258805890995148
0.02383314158392959
0.14440079369268988
0.021623837381633888
0.006762669415807628
0.006908197495613719
0.018658591887936563
0.0024861312094387735
0.025982364819911438
0.0020623987584688463
0.11589879660838362
0.02944550464732106
0.0066100169946254235
0.024833600416850767
0.012496938097208955
0.07681943554403298
0.006818663913878919
0.013423495975327817
0.0028167910333946116
0.004009582444298843
0.11256755437124157
0.013019957526334973
0.061155522316275336
0.9801885879110073
0.03982789783607818
0.09114441471398707
0.09847598535032351
0.027183006816924277
0.02415076605011207
0.006717279709535679
0.8399503914240517
0.001883787278115489
0.014975427679856755
0.059555333782191855
0.002580409832930781
0.0016474302407776993
0.02713336308789271
0.03229102206946255
0.004960743775230261
0.18972025361668246
0.005072153678317122
0.007936537048399597
0.001577746130440322
0.016282221199752964
0.015279422733740604
0.01104621314861525
0.08638521079677766
0.0069169677112370315
0.005526685420392345
0.018579431088744207
0.25693111583060857
0.005332707068672442
0.4970153705490609
0.08048396875488861
0.004461092942290654
0.006283395353557498
0.01562643288929423
0.0077563298567212445
0.02165207068189034
0.012506019513777306
0.0016363588511746077
0.001687417077591231
0.9620921012890012
0.005049190229902706
0.007391315321083316
0.02825485107115051
0.01064677530077763
0.0219704168661247
0.009984468871039575
0.8314477242190835
0.006745650992236325
0.0130728441185941
0.054713499223264246
0.03127931427387034
0.0010593072765407874
0.04615374756966885
0.03806903027361194
0.0332225140546238
0.025058100232204627
0.007023650558155142
0.007536926274047437
0.03958996575953266
0.012738289103004317
0.02463365938994867
0.07389467036783269
0.016315401233458378
0.031186406901146997
0.013483129932211235
0.016994263312202603
0.005774435922907333
0.02509484699336277
0.06478418019495083
0.018205623009825377
0.029510226072907673
0.030593083897695432
0.09123493930955123
0.028726181164832904
0.0051657017047116414
0.024865893061032686
0.017198215915409158
0.0393934468121402
0.00183878240617918
0.02550363367558991
0.0635169201954392
0.012590429721781779
0.08323262183210374
0.022160010101257347
0.009081471387270387
0.9810440098444587
0.005488128103171234
0.05749367818589992
0.02746189422423359
0.027165193417058645
0.012847840342926877
0.9846989497811002
0.031039665216689775
0.010444918279165535
0.01779610409757051
0.9608588572209328
0.9772993781522636
0.028416412645457217
0.012993990641940683
0.017473391271405795
0.0037121161282508666
0.006698072930760594
0.019810471188614717
0.7364091258128536
0.9837155906889511
0.014168963491095558
0.020405548495362667
0.08201818274553302
0.027289653705576435
0.9837206428299257
0.01642405630159461
0.13139290904178563
0.004807329709710676
0.06439467553873168
0.00386030214116126
0.009918528679146263
0.012595943831769303
0.17678262016013524
0.9578038247639288
0.013820474213454247
0.020180392991597965
0.025758157723262336
0.06498223163024788
0.044853801021695984
0.9294483078410085
0.03014693551196833
0.13800696804398802
0.029219606015626187
0.09894234411308776
0.005675884194261809
0.013371053889473685
0.9751289698920904
0.01609999778873738
0.016978179115298978
0.01319126262368
0.9242781101399112
0.008992698375678024
0.006377658508355526
0.9751440109838104
0.008516269430196604
0.01921542570535397
0.084462918696073
0.03503527815047968
0.9888946536794105
0.9876434512304209
0.00997942165571865
0.06762774486340774
0.9505408304354793
0.005796723126697236
0.16527359065982475
0.9645966523290342
0.017465717206050214
0.9566152508286263
0.005417325578598806
0.02194963599891486
0.00863914527351937
0.010945168219786763
0.014635924256900157
0.9336107430045083
0.08683396719768015
0.0018660654092085005
0.0413681993814201
0.027002980318567054
0.013266018064118035
0.06513164951287467
0.031920465888532736
0.9808929936819414
0.09402303488064519
0.004580867314963794
0.046387182791908996
0.004265761470823568
0.4042485128931048
0.004532713386579964
0.025244348820591064
0.011020387711141342
0.01335172513884925
0.009657718524340258
0.010262435156630159
0.002109616273451856
0.027794062157135237
0.3393562664409891
0.013265786022034359
0.2199433082256942
0.03352352736283757
0.022763651199656707
0.013916433644505814
0.021324479213180765
0.9654977883697572
0.002509694574445598
0.00945941785101462
0.019714400472638578
0.05227870770783152
0.0644542023665539
0.007085130594581022
0.005329795990092704
0.05757139140998178
0.1508272062428805
0.13703340645472661
0.0023127461546761183
0.02618322040238023
0.026237530202890033
0.034140212667469735
0.046541348330084366
0.02706684295962925
0.03384914446932262
0.9459124293520046
0.11631608699206053
0.013169252840973445
0.010799441950938071
0.002033220657312327
0.02085023557026584
0.010896821480283866
0.023784105251544622
0.012802536764389543
0.0394753346621887
0.07648355618354817
0.04565385364112446
0.01580981063607964
0.013688105168029228
0.017068111101228373
0.014281212107355026
0.019296902777198158
0.013181146060862861
0.06208382936536957
0.10502618878909264
0.01652536967991152
0.034671516059733724
0.9268001347982328
0.9104027883711208
0.009244859346314067
0.18241812328710028
0.033317472039728964
0.28204574695715406
0.1816183696797442
0.0068482329278584065
0.007887786998436841
0.003208784760910658
0.009930505066978876
0.0305603849236966
0.013810612625050518
0.010770939015850202
0.019603361275357722
0.005773093035184145
0.02781555283076065
0.29885939834462993
0.01620609665045176
0.01225530207069756
0.0024538063244029336
0.023844113395966274
0.8924700243109658
0.019859350217125826
0.017747512269635158
0.03188433646831172
0.0110295019626002
0.002872543755594485
0.023870576005974496
0.12145579249705715
0.019195691304119734
0.024819567091333886
0.9781927651822448
0.04044770893931465
0.00996034826665712
0.032751038161074
0.08623363808078557
0.9661573043047149
0.049945501943777414
0.006427401847624294
0.02095288251930635
0.013310101893168082
0.9866672400728336
0.02567620516076227
0.013026980041109726
0.9932107416080844
0.06051736787374879
0.006025008148791091
0.00299626656187527
0.014132790561762679
0.02285205013979595
0.002152914400390941
0.9773960130345405
0.018065973635337285
0.9866936172474732
0.004639699014645036
0.9820107860783804
0.021463375456882153
0.9702281262086357
0.002147738516541878
0.015677729517237827
0.0020305315465020705
0.0025589863786245346
0.020919420555620235
0.013583468212617036
0.0034030009438774495
0.02711282547114367
0.0040756421449349555
0.9894618771657684
0.011406545382286727
0.9819977044092016
0.01740021239337233
0.9615312433978127
0.9798229582015542
0.02668488419461821
0.006609095720834987
0.9576176796436385
0.012575044557608666
0.036449707780236554
0.9559355963032752
0.9697503078489313
0.11440495561731989
0.9583468361269452
0.031719501635997537
0.08085823709218878
0.05514020029665034
0.7690069500424408
0.0022629810262397706
0.2631678100466153
0.025240404961688955
0.003410818272771493
0.009677190463588786
0.019312586812497697
0.014748565398701572
0.029221347594457936
0.002289021977309699
0.02047203410235578
0.012483491941057046
0.018081812446854
0.9730782168511348
0.032962022754200626
0.019952656045063345
0.02127399589010076
0.013248317126967881
0.002995773484580384
0.019109858579008078
0.02508070515958728
0.026051596920406882
0.011483122805283127
0.036114404284774894
0.005023381512289586
0.20891601646804736
0.012790849355795452
0.007549369655735998
0.006456136774108721
0.02343548199918642
0.0642710631257535
0.04902974390541243
0.036642278817367306
0.9729405186385439
0.9830536721925692
0.983482732998855
0.12192594743702836
0.02329704330525044
0.9855562977457709
0.028938254072711157
0.9920125100115456
0.010933133082274886
0.017301021067697236
0.014908553977225507
0.9831753515342224
0.008282925745032541
0.023401045212623484
0.03446021713664249
0.009509465060033098
0.0020192583987560632
0.053782546957404725
0.990168413326525
0.027956364997151217
0.006778789653451336
0.31722174919957824
0.006888076994423034
0.02697584373015314
0.980672379623276
0.986855017134566
0.03509975740997836
0.00934751445031466
0.9812717057418227
0.20581441283702773
0.2302837322167042
0.9924157463668277
0.023352495551039007
0.004896516651408421
0.05195009236900995
0.9897427266482491
0.010067492747526165
0.004139207729326675
0.006162952005226765
0.006964129588208489
0.1353498785924487
0.0331642749489407
0.16995913865591367
0.03004889358303847
0.024769194713071176
0.778634983315601
0.983334757014186
0.9897174689221804
0.06874271802591922
0.9802353376441985
0.0033148367823811523
0.0218274128142348
0.3387820248951309
0.03209260302550885
0.08046658347264334
0.7142947777920938
0.5715837987112239
0.18207581392524594
0.017479817251636578
0.009646889179852422
0.14647868467964506
0.18035777537092015
0.028557876025733328
0.07998756605299674
0.07210054227047674
0.09916717380429531
0.012817412109694382
0.030710821687368283
0.04771901744320958
0.014051949328979057
0.024829841827506974
0.0099728140221407
0.011739004551804441
0.029584381715787537
0.032804447430109525
0.0638221736827949
0.0712261814454155
0.011533082838441079
0.004226751666403685
0.009897982339126888
0.062040091550165294
0.013689152913584485
0.036067740889386704
0.008875600249378134
0.06948738259609505
0.05432959136498518
0.025748049976340795
0.2823449071186001
0.0113953479913826
0.010117743870368241
0.0936176083026974
0.0035075394260430507
0.0029671783004537452
0.12091820435690763
0.018875178502190657
0.6851750553421532
0.02409989390244351
0.022931921998425663
0.10535948169008769
0.04488209682146404
0.10593372866541112
0.020564646670639522
0.0270787304423952
0.027729590745676897
0.060735890915809325
0.01204221617228269
0.09042792269866849
0.05348979301235304
0.04395136896953411
0.010901145365523291
0.008922798562948657
0.008399989412796184
0.06914178539014348
0.03413415462492977
0.019335435770224854
0.1717570860785951
0.2845572857602838
0.025402694407306983
0.0016265800268820282
0.004984301655133993
0.8601221521988921
0.01590018131272958
0.007929768841967583
0.06391461580426926
0.007099045517471615
0.001630060574446348
0.007958021704854665
0.09159760279669023
0.04215515671975267
0.003204096434734987
0.045097718876040346
0.011077724248744265
0.035062042287000904
0.008332203244425948
0.0019555821616056863
0.012196802042221616
0.038522762308180726
0.002615641725481599
0.0022219319352650368
0.03417195000387033
0.006734637782756571
0.041474469088706445
0.9836494383024315
0.016027409629600187
0.9858668738901928
0.9833298367865795
0.032863556504460205
0.01904115181698396
0.9317896877510828
0.016490663799208573
0.05480707350828965
0.01769753297301912
0.05422969275345397
0.00961741368357558
0.02121887836187066
0.05117046802485497
0.008667401589814211
0.018690144112416766
0.02358565299083737
0.0031134719281258123
0.01149224286175615
0.0018191690869151069
0.014168120122590657
0.011315046638702812
0.011930913352154028
0.008378797561387418
0.0025269005043752693
0.07538241258616644
0.0008877967428984013
0.16434316481136207
0.07273669286941248
0.5932959871322439
0.0024077029184065785
0.9226872882997081
0.03985027820033389
0.03794971904953402
0.1435966764428435
0.03821119282129024
0.03877600677800788
0.06346110311650967
0.6332188447362694
0.0019055329793826572
0.04799210688619539
0.02764113215283329
0.006856358939447783
0.10470254465899018
0.0027723687682032205
0.006236305125818851
0.013607402586131027
0.018900528771655566
0.005655683484307194
0.013818765868260256
0.012954430149091888
0.9819733206926413
0.030900304504073276
0.005895869677321714
0.041766893031627526
0.0018670675357397586
0.01722302734126362
0.012421687521304983
0.001908021607533526
0.006067510443660952
0.01594794188837405
0.0013351364283654228
0.05535280343901292
0.01673134678449889
0.04288018467604005
0.021679364102279268
0.002415764521815125
0.00423467860010726
0.0015434138396270404
0.00854177739942995
0.017425843280392643
0.003742650338791418
0.08222365113816082
0.020537254870571925
0.007434019500155714
0.11741950443192174
0.005526671535742475
0.00600443030929168
0.9758935192092547
0.2286586268535219
0.03632570636691372
0.007297982375545239
0.0027853318899246234
0.03206273934960733
0.007446035765105327
0.005203468936571989
0.03824781336143553
0.012906189285919821
0.0021592648119131146
0.12939663724931097
0.033439695687312164
0.0020583451044309774
0.003530717702916275
0.04422517578888526
0.32025418433180536
0.008978801772569754
0.8012067582379891
0.2989797742343841
0.055721751968393046
0.025871395865834753
0.9240791989754176
0.9711611973434524
0.9628187304112791
0.003194227905709035
0.008623799324264875
0.0031106589335375976
0.9854252743185477
0.9809875212164669
0.9816129780113849
0.9807402408536743
0.9742637591713413
0.2540389733161009
0.027952639675685054
0.07054547646256819
0.9800713735786254
0.9732440517950117
0.012114555804434763
0.008363077972862646
0.0026036578037205334
0.9739598079473273
0.978467876816359
0.026981817724241148
0.028444175581005003
0.057495620019454484
0.10255193860780995
0.9697339492975082
0.030604677339875267
0.007144451507463627
0.006459954099751679
0.02556124734489807
0.018853343134200735
0.00819182674109804
0.020834246884612277
0.0032918473559234935
0.9720307471601891
0.986730140735555
0.020370089235242864
0.007946350029751402
0.049951149251685575
0.017848365669477114
0.004354575329164297
0.011033806569248555
0.012133563650025065
0.03741305917799916
0.9737392375388018
0.9854996816615544
0.9900096371933369
0.9784666538712249
0.03412845625202678
0.9754146842809961
0.03888951596381999
0.9581591952590226
0.010374029573067427
0.9828011368312163
0.027689678396719212
0.9844849530270524
0.00795364257166479
0.025430230466272775
0.005737523428684785
0.9815277123401313
0.010446914845449174
0.007094287076691012
0.9626958829672495
0.08980633881005555
0.9841726017841962
0.9680688957973206
0.011944599641358711
0.012000552326054416
0.012359190733769617
0.9757977944043666
0.9700658452929705
0.052129555237959466
0.9651306856861979
0.031893598684874125
0.02034622083350588
0.9532963537084463
0.9682088333480515
0.03262376919148807
0.020872676275181135
0.0858241818802226
0.03187437438229017
0.9693217062168645
0.004528654293739212
0.014484148436574428
0.006471279987428244
0.02016068412836907
0.04102204140924134
0.9776126585763004
0.8239977220959901
0.014518013370137103
0.010851097175014014
0.913317599133924
0.011806060157405138
0.04044044100878135
0.004715646653456338
0.9737432359156762
0.004385785936887387
0.08000871484538981
0.03184271200714372
0.035748034536422744
0.021731192319803413
0.016093779327694218
0.01749014718674729
0.00863911439676567
0.007806198156570766
0.9261148087254724
0.014790303273203182
0.018277540924837528
0.0013704493701846674
0.9673268650590813
0.02195448197965925
0.9875106200915472
0.041481484776865064
0.017109166512255476
0.9664607936949821
0.00452593993187131
0.7025370329011522
0.017799761610976874
0.013361311539195198
0.01902854482059988
0.9965579578663907
0.022677835523680225
0.029676740119022202
0.005903599156564279
0.9405623441002411
0.03908096965295359
0.020087321205611287
0.9683946722526264
0.05914059848269104
0.007440519366480285
0.9540875961383992
0.016006360394442372
0.9681419464184414
0.9908862068325929
0.0023938269228708352
0.9787027457729914
0.01452036036868802
0.004802560638809506
0.0381716886562476
0.04336174213499944
0.9611069321482314
0.002806000686284048
0.002886828816535288
0.007663683633297712
0.01665813044882097
0.2727528700664923
0.006588203313891526
0.9502643847256675
0.010795694999639076
0.9495229584153719
0.9578368267358378
0.9882921951800718
0.9461951816176674
0.0036615052290096023
0.13717849268610638
0.0029377697969838385
0.9597019009105683
0.038423803466829845
0.0054053663993000175
0.0029658918347363057
0.9539567310644687
0.010421819912384197
0.00540412830027524
0.9926661684293523
0.035340161494138454
0.12902393361123737
0.843876941711759
0.9832074044137141
0.957546917771106
0.026028098227662354
0.040166194332492446
0.038320959519820806
0.951589504495281
0.985015526105268
0.03387452382543145
0.04268701689167359
0.02369795169478235
0.9875771575133058
0.0018883550111717866
0.07309036517657781
0.9628646409950111
0.15125090898619048
0.9709918037722022
0.02074971849568798
0.010506260538730055
0.015429060560653737
0.0082475865047489
0.029488416969954252
0.962362259486109
0.24259762472966345
0.09415933145542046
0.013399212618975146
0.947557087479487
0.11562112322235801
0.0029700858212957397
0.02856936386471105
0.03556883467716529
0.0028344331801129496
0.09883349887592986
0.004856766014008647
0.16382056383984686
0.22512837413699557
0.012112122206000994
0.030112037785427946
0.9583857211663417
0.011133113304019062
0.024717094348891237
0.30236271730525494
0.02192993976551658
0.04032398004093893
0.006201730212776499
0.08473434077437889
0.0827635120177374
0.020308555791583745
0.0025516088952889306
0.025174691184889048
0.007992874643016767
0.018312356253726795
0.034692672825243256
0.10696577188980005
0.01609679873161858
0.057527853434268035
0.06825436158604141
0.0012303159720750668
0.007528273295263891
0.08330030224758891
0.013002206237561419
0.3212998954206883
0.012501730651119921
0.038497817570149404
0.008867214910635713
0.8908141182065588
0.010423400185563939
0.008421284427946188
0.032017249619452536
0.026028085229599436
0.9720009024777337
0.00161025011534512
0.014783587373239555
0.006908036617884214
0.006058399270477994
0.9624506411184972
0.013176008786402174
0.022549691323866285
0.03718433641522362
0.9785789647171969
0.09450335743154706
0.9037566718375273
0.9824116021108198
0.9643668243539341
0.9426600049496883
0.011963360491548015
0.046976742083593856
0.006355914344241907
0.008022263976958382
0.003418035281008949
0.009053556900777922
0.008976588702321372
0.9624244399014054
0.9418858139600804
0.9384921073911032
0.9542821404551071
0.004334285036809786
0.008615375289040461
0.9545019681711425
0.0020802932074782178
0.009631718790438316
0.012213925303135949
0.0026446060672383584
0.9662461961555651
0.9620964042370961
0.972190437437677
0.07991348500174945
0.027121457481731167
0.012012050508143558
0.013364514979757583
0.019038846196240033
0.009349354002077486
0.01698162220121058
0.011063537887029256
0.017531559680086135
0.9636529609483452
0.043240158090361344
0.05259635188560319
0.007813766625415402
0.03485216188058586
0.012350670361999059
0.008428769287024858
0.005963665083631749
0.0018485231742861544
0.08377233527865902
0.012191636703493202
0.02605352784079075
0.0032428465518553403
0.9962788715556109
0.02820019704356242
0.0607118620401479
0.001597171271373276
0.04817014939533785
0.013679019812594685
0.8088700257914204
0.043711436938712135
0.022484937870729617
0.0048289411089561364
0.20569650723724234
0.03200027403818895
0.014693497857058542
0.0010651478583073375
0.006900812717063139
0.06538071360159246
0.00157389268221401
0.007525800913883028
0.03631178709753253
0.8589094390995978
0.012086614026677258
0.9802374613188913
0.013655633170724088
0.004216146476314947
0.016242049841961873
0.0011035800847785555
0.008000265557629914
0.007604732596616732
0.013442692184354364
0.00996143458693
0.02875565620649753
0.005785238459461147
0.00396147581550592
0.03332072066165143
0.2492147488475893
0.015899602341485797
0.010986365282062904
0.01427027782092132
0.9897963274451482
0.03637535845275345
0.03303023681316831
0.03849733174653161
0.012860811594225512
0.005519834735489101
0.011545111347606966
0.009557577397417635
0.1213422715016856
0.01718499130447752
0.004343517693569928
0.13753019548008294
0.18545319556532874
0.10131323186077539
0.014466818024958195
0.00806919520858569
0.014804687026522349
0.013266050275567582
0.024698616324111255
0.8422204002752268
0.12181771901378552
0.0025481927399009846
0.013247080725446222
0.12720053551877794
0.0047523784035550095
0.03576153223574706
0.9807572464085258
0.06886654162734152
0.06756744960706293
0.06450789272044805
0.04565286383188875
0.007782018077283853
0.06000466483741136
0.0060165147860374284
0.04227226863006584
0.011016599181145706
0.0033703252694308274
0.0018186456156071343
0.005269685425178102
0.0162107365016577
0.9135912324350303
0.09410124766618842
0.003312625759413657
0.008626077283339853
0.006588001023543484
0.13462366375577978
0.005854990541355569
0.009022877899169056
0.08290946383169408
0.0816370461590664
0.00863337269933716
0.09293004828726877
0.14157552832300405
0.1350824689924444
0.9647130835051058
0.006196950507484793
0.08733451545767146
0.09577851585011035
0.02959234838070566
0.09577886386753015
0.09630584018438354
0.019502419516506546
0.004155949118969873
0.33394257098423785
0.0702103789019227
0.001983439992375554
0.08330493112801741
0.028167275064407107
0.13162438939218873
0.0058814706415691925
0.0441187941349368
0.010651415803053522
0.2582585260895914
0.0528963173643551
0.3239593123072528
0.0017389424180033308
0.0045996626188484395
0.011031776051500934
0.00960210441496812
0.14818441098554544
0.15068070193972896
0.014158382194655438
0.010928529382371427
0.01737966812985616
0.1610534418469848
0.012837524707858582
0.19091976854130502
0.016161460841477862
0.03451623727227561
0.006054673950123982
0.03643329559785796
0.003567842998739622
0.07717212529276693
0.5776433545052171
0.21066178870384986
0.02221328586506295
0.009758623957051809
0.23691701853578193
0.047093600050683845
0.011542417317805757
0.9499690418479655
0.09373254893699941
0.017554696402763744
0.9499380409085759
0.19982622336752565
0.01397061641805016
0.022404702364985585
0.020962045530297208
0.0022644383192681017
0.021413655175276415
0.021610656101323632
0.02048728976231142
0.01693240053060574
0.42206663492066804
0.05960071461453273
0.0026545438669498913
0.19503204129881566
0.006532790943553568
0.17715527127908307
0.021567778518217083
0.0036050901890389416
0.004208815670531021
0.018057630877371687
0.09699679851587908
0.015589212068610473
0.004221522907549517
0.1839105055012288
0.025386702621041365
0.12309671197862214
0.020187447397522946
0.01321843554323705
0.15720305940241275
0.03131613626366556
0.006908018820489972
0.9311956402004599
0.0036877472417019054
0.009429359359793145
0.0635281184840616
0.005751620202244671
0.055351711150722856
0.024917897575057447
0.015372655937246278
0.025603569840101842
0.169554421486138
0.16055808386918047
0.007037971553278318
0.03890948399142878
0.012586057158638843
0.16261631727395082
0.012625086893547141
0.08461249130844677
0.9733804982386077
0.032600221877368274
0.9900043140409217
0.02686735932255841
0.006130093696162646
0.02284028077049149
0.16205119164826276
0.11036054160916313
0.20953567376490934
0.9166572759949939
0.003454909378998544
0.002072246465230492
0.004093573727534306
0.17203343253209563
0.27592727912113574
0.004245082905767576
0.016909499577575697
0.01386085881156672
0.005264097470436888
0.02742729329244768
0.046089306227978834
0.9349742300701649
0.01149494928754349
0.009176378549565259
0.012059352264195172
0.020491134415623367
0.01576321225866475
0.004163506736829321
0.015096811262096714
0.009887725082549977
0.017872228808132936
0.02511263035399443
0.003510330060860959
0.12152044192848954
0.015367150100067142
0.05376289858436637
0.11546948687699776
0.08520366659454162
0.020392182969506865
0.16364933056311992
0.08002009354543724
0.9667575049794348
0.07966236545775998
0.11501489981704872
0.0049048236024048526
0.9521783856065129
0.03484095646926443
0.7858049904429728
0.019553012043178962
0.0011332681697273825
0.06746437223315803
0.013710222496266286
0.9493950532921951
0.0038131841605391083
0.13680464386322364
0.0020873164287760156
0.010728758458960897
0.07057869425452414
0.01592764325036014
0.005292379444625182
0.016343178021295774
0.0922011141971777
0.9280490978507357
0.031254916050672606
0.013373270834296071
0.058714011815578615
0.013874946312977216
0.02143811463081333
0.3570316643742007
0.9743413993218604
0.9715396213049607
0.08271327011743985
0.9887656975128066
0.3582297253207926
0.02426533138091011
0.21397225513083223
0.021974939406879446
0.09891351017662978
0.00098537668081205
0.02333004513952579
0.9775293801773188
0.02109160572756446
0.029924717408833904
0.01619787830987647
0.003959211259490087
0.0492916228593587
0.008134325149386674
0.046139437079792706
0.006516313290914592
0.9479766336882882
0.020797172531454636
0.01743583013477641
0.10257529192570394
0.7941589661262606
0.9234628222668603
0.025479789040127467
0.012366617345390536
0.15256769388356098
0.6789687870099678
0.019583498934207733
0.9896712823885967
0.15847675093200672
0.01881934498766361
0.10438419200523559
0.0020713994744043147
0.0037652545599676877
0.030664060038351725
0.011250385016274846
0.021041580707654273
0.16138712733463778
0.02409797954276616
0.01151553277055492
0.005866228955853838
0.026385033945056233
0.04817413457636916
0.018413769458917175
0.009790328496467706
0.0037030392413084524
0.023012150542268416
0.09156025564270201
0.016883694340874174
0.008181452060082767
0.970207205524729
0.008866328496781612
0.010408283366559856
0.019582904212913668
0.017114756413104445
0.030512908014994768
0.022691472485421336
0.012447517748952964
0.032922762787333734
0.8933059360203823
0.0033294705534952056
0.022010664685748083
0.010731913226924473
0.04279170462114241
0.852256795418322
0.7710821612941897
0.9214773991145748
0.00995278877164918
0.007992817773229004
0.5111204013894918
0.2568109266837339
0.009326528338570195
0.06636353101843434
0.03657518861790361
0.004472703923105281
0.010316894265808183
0.006900142430215978
0.020560499578370972
0.04567319427696876
0.001176023228055055
0.021016459479661718
0.011711123557227745
0.03780022436916462
0.022827535033792257
0.02091280276363531
0.002123323761388635
0.02290478406160764
0.009960945144161787
0.0032094136504243207
0.05022337086110301
0.01750049584792803
0.022012655126597763
0.026813668830625033
0.019987183529562236
0.07113158035809528
0.004500931511079358
0.002154332454777234
0.03939046202213319
0.006069684501099545
0.11467066410896659
0.021300945253751338
0.029064737524637112
0.02858168829647765
0.06412226605945986
0.0617280850051437
0.022704091446261336
0.02758011352329524
0.01937623827441148
0.006818733450675487
0.049244780160737196
0.02866815769437514
0.01306053144576057
0.02455555438764468
0.007914465191932285
0.01970606851635541
0.018296366432724014
0.0037869550656635343
0.0044577449197596465
0.00819311718249422
0.07995538517609851
0.019941457131479892
0.07125373454853647
0.9691345258352081
0.05425395180630073
0.011058101984788264
0.8076552826061585
0.0038293509672062895
0.029298289459236605
0.010514873039570114
0.014220898998110493
0.9234033512143027
0.06254531310076623
0.02412234270202456
0.009634346118833608
0.0024417115907687807
0.21509421641264675
0.029192308999153267
0.025082473742687784
0.059334332071530764
0.014870725457206144
0.024481977705625386
0.11103949044721542
0.020407803953285585
0.01527587340621651
0.9488341168395981
0.0075011765555872
0.02749676736879119
0.03526535948053963
0.005807646095808523
0.040868115294395324
0.024134937670305365
0.009269264286902492
0.0021897748216768687
0.04925510929836205
0.026676250981261095
0.013646697062248275
0.10095643337668388
0.048465622441525504
0.003885757366255598
0.0020840727131222923
0.015296541176732547
0.01670509936080208
0.011095760460027313
0.9639821205466487
0.03720581660182099
0.022923483334893094
0.01974194987789762
0.01208296677332219
0.0026282484326790893
0.02936073685955726
0.004353217155688032
0.007134361771889735
0.03577028400164176
0.008854485022208381
0.03252967852176595
0.00950952294508471
0.795636990002034
0.03564682402029413
0.008444509831213122
0.45980748133459326
0.012999038503552445
0.006158374800604486
0.02845096907403284
0.04637787859064433
0.332885795654946
0.026659341230721376
0.6375224046164314
0.01814949917281261
0.010825557876577923
0.007053314505773873
0.022453543849855543
0.9903336275304475
0.030717142898047882
0.004399354489066738
0.00896701179978543
0.028842793562478278
0.025959453333989392
0.015946723456434622
0.02810323329385196
0.020714673966959956
0.023262223467474582
0.005651263416567618
0.02240078435868384
0.02276219836210882
0.003632406089201012
0.03245345146979163
0.01846318870791097
0.0012761016173476053
0.026877345068318494
0.737249184957804
0.14307899225257717
0.0193043899228728
0.038371425829596226
0.96481871938666
0.14584167474700355
0.05593993882525298
0.026858009450328915
0.02426234411704776
0.029762495716304793
0.0039243395489717
0.034433511576330865
0.008084826973788442
0.007060873797581928
0.08684305369066408
0.002012010777137396
0.014845851584595312
0.038531351910520366
0.1718710321385929
0.008121566928688317
0.01727365703425248
0.021091934680613284
0.015212529245987597
0.0010024118899126819
0.007571745289032571
0.06360334572742227
0.8566573774332508
0.0031442095622902025
0.7982036857765452
0.22781537527713103
0.06405054092181522
0.08419148368675745
0.038255833727592135
0.05679351572503013
0.12485058315035392
0.015425057512742773
0.03295285026958461
0.04448156476247218
0.09746517268231958
0.020243357817220427
0.01216109229493675
0.09793638787361443
0.011711280713112454
0.1449402305074221
0.01576226275657428
0.011386856133583426
0.03353070108702752
0.10384640213703715
0.8084937839577788
0.016115632997590883
0.008864936832792417
0.02340833131742497
0.023479636003246686
0.03732603376732148
0.010276823974599392
0.0016709660403645208
0.9691918271094931
0.004399540013364045
0.008483594753222067
0.21929060722985513
0.015781668485265604
0.002903005697903788
0.019800830027744017
0.023100869725423738
0.005283075645449271
0.040724806979871304
0.02352856438590078
0.027165651853368
0.014508282290907861
0.02312062372933983
0.02352180617906861
0.08926893730372605
0.006322289724033157
0.9475752256826181
0.016252996002083134
0.008679608169243876
0.017613782593755102
0.05284888990220889
0.02023919036274957
0.9615520869824977
0.05010560868967817
0.005853121772926684
0.011798632573153675
0.19860625551944075
0.03666851292149221
0.01488713606886968
0.011496099904859893
0.0890102870333944
0.03158077068950234
0.13099397622042797
0.02511718297900702
0.003564487298103422
0.12421232777943222
0.12330271651236846
0.03126306617731215
0.01212987609550034
0.0018072243619574925
0.03033924323713728
0.016236585089675105
0.07543802747519092
0.026518568498788544
0.09009190773235803
0.03702330121766004
0.02817906174742212
0.008030917638177384
0.10960545548324359
0.005861933160888502
0.996362570431117
0.03245660633993853
0.5682868533631995
0.02438088214505758
0.022294315969117854
0.03965416992693478
0.10206733157057163
0.013523067752379941
0.02386507964064647
0.018741570538768272
0.001589687044907504
0.00405354423857426
0.013822687104847442
0.016308736060861414
0.008557401780473126
0.0020415981481487753
0.9822511317622391
0.09323628528957205
0.010099598237954156
0.9260098695912321
0.00455701318978928
0.009475958409205074
0.0007910042254788634
0.010687626665437435
0.11383896822881116
0.04467037110414445
0.014524844144896926
0.009684018325428846
0.06516091337103565
0.14993984629842252
0.05385039335130566
0.07689527958747054
0.02294963169882802
0.056633504706390565
0.017434395740465496
0.015836551832146464
0.015113580863797594
0.020842768672013626
0.054002227745482446
0.047342465857177496
0.020373427959908045
0.005908949189006934
0.005076113089197425
0.009246514244733644
0.007987581017375275
0.00598594459156295
0.025274043634877497
0.027740164497458388
0.004819298386827478
0.004672694741063415
0.022742149723380917
0.006419081805721967
0.925086072760839
0.01502257639912404
0.5427202460417309
0.012688729567832872
0.009161101462207274
0.8196611100192549
0.04832956861043294
0.11114010723159932
0.03363384621074661
0.021862488648886
0.9006971359016859
0.010028287973866304
0.026133190132118504
0.009174361809960079
0.01710737069683288
0.9657357505973384
0.014998543960986028
0.06368116651723234
0.014083301236654817
0.07813382199755767
0.008698796960390873
0.13737056785104074
0.03524659459781149
0.04227636390926862
0.0919845173195168
0.0008274913126185408
0.007397749725745987
0.042100598000214005
0.04317992346750041
0.0021389709421075456
0.05327652767596282
0.9491456425597855
0.013917060215482347
0.1050606988017099
0.04210939459401365
0.015394055094804614
0.010897420298093076
0.05732817422147168
0.9012999236658298
0.7866867407093234
0.0032208941355339415
0.006469614325070422
0.03452875306301946
0.02818575506331046
0.7651169562422049
0.029935233564963828
0.03247545050537846
0.058207229685344315
0.02243193194170973
0.0045329573468348506
0.06013726731902425
0.04113869748752557
0.010848335949196744
0.04572166901863766
0.019333542109976367
0.00562770269596038
0.022806968843636092
0.9157554399522023
0.008028104707407509
0.04758260812684982
0.014488565955894315
0.004143364428755435
0.016935074941664435
0.00819717863233366
0.9655125178470256
0.018743811906364326
0.052151933815424836
0.010173933600739914
0.008418414099140577
0.015069483592645067
0.15065197076977133
0.006764774697476871
0.02662574346869636
0.07983580422114016
0.14276388723669903
0.07891245424939954
0.013234385012607593
0.02491483842612669
0.07891245424939954
0.02884277212902675
0.018537514047867267
0.02393627419721423
0.002833897266056007
0.055761974617012634
0.0018466213027414694
0.016379491339341197
0.02284794432745478
0.02056028509239201
0.0012236991032970703
0.0014780939628045477
0.01244976661190712
0.020418277511657357
0.06773292397404665
0.013708588130404249
0.1631623555745535
0.01612325667000136
0.02498686354575011
0.02247971131247648
0.021990101967164208
0.02126587365664025
0.7439068894011616
0.15505173766346458
0.017871151088495706
0.009926419114803426
0.00440635617317361
0.006874450921664602
0.04636897108640577
0.0024083571362678254
0.9858425302225616
0.029560177402489892
0.015056060697358362
0.006241566103531593
0.005656766251607048
0.015544627407035463
0.02306112722438588
0.009804429459039614
0.011099678218581306
0.011825020417741593
0.013316073123759153
0.025596060953317866
0.02034718691015942
0.02106404114909266
0.01935493470621224
0.01019855945216745
0.9471779213344496
0.009833642850718034
0.021847156874916267
0.9691157289913014
0.017706868685213192
0.009468913456289325
0.9626276437046887
0.9517751428091652
0.9886983692828499
0.020776186125874837
0.06850579851082803
0.010018267997416742
0.9893231841193875
0.10342366980955549
0.028490644898829205
0.015892545327842393
0.029867472470264767
0.03519645400468554
0.9804599364125853
0.014935581438624551
0.9829264180654267
0.9841193151509618
0.01586014392148987
0.9176527115387102
0.5297937439248153
0.0298454396017123
0.030090440925274443
0.06275590028508246
0.031737182630936715
0.9221718874718338
0.01671901647513226
0.01625395465940243
0.026854096584385402
0.9844710049189646
0.031111637863137212
0.02576021092347523
0.09703207077246519
0.011136118406362978
0.004724210387801612
0.021316876189168606
0.0015354284470383195
0.016387342068919446
0.3158095169233887
0.9834349927216754
0.9181311682774215
0.9360874192233467
0.08298315456043157
0.11780249298877661
0.013650726617323744
0.035026203538030994
0.0259625520848901
0.0022868672883673553
0.09556289708705124
0.964118669913592
0.9660707403682128
0.9757781910017037
0.024673381431301777
0.0055223284469333
0.05976619823341102
0.10762017294079822
0.931698921439238
0.0036754766782472787
0.029063785577428048
0.9855562843183617
0.9668935536854478
0.11140391860520549
0.00848803908931473
0.03039233167051745
0.04907195212271132
0.03302191612443792
0.8448370755477707
0.09770889706583592
0.019769141981187042
0.040686605689436335
0.002251550785003901
0.02192600006051254
0.01481861849396878
0.017967044296983068
0.016094225546889628
0.017558132151220464
0.04277105620520355
0.015114849984467351
0.9796344228953587
0.18978233657694138
0.023030444637328944
0.004997471927029362
0.05629890168211356
0.04092885662811098
0.023933559516461343
0.023532613688368512
0.0026461980942819097
0.008669181488579116
0.008449467263445278
0.7370177921699935
0.8204405701548594
0.0035715947768763796
0.015704992522215414
0.01656720625754306
0.22578746646935868
0.03488881782422412
0.047381472542244216
0.01563149398859388
0.02060577938670824
0.09935347578103296
0.005631189693755889
0.10593874858696982
0.027074207827078072
0.0541512803597289
0.012302359587344167
0.029503097220982405
0.0017181458870821063
0.03893291010928396
0.09699663641171563
0.026807420285522562
0.06618547348681932
0.018018508202296495
0.020302306605900333
0.0028014887844830852
0.08061066139495801
0.0060025260669176305
0.9331220608551742
0.021280358522916713
0.7394438994199596
0.019323140263453803
0.01648856589870137
0.0590629927824145
0.782288932221615
0.9557288164904788
0.13262343185992329
0.026940768812341913
0.007929416357990732
0.0023251762685633243
0.05281828593776083
0.44008263748581794
0.015728817674018774
0.028590996082730656
0.025733416813354733
0.005968772940962147
0.0057999005434116145
0.026828807218833853
0.009971870238506817
0.018599262381908725
0.013176114301485598
0.014377507752803878
0.008502433993688895
0.010121272197912428
0.005415451201159135
0.025671436649621644
0.01415608850819697
0.013332050729377525
0.017119624219000255
0.9478813515718679
0.007999658606942957
0.07766705045300575
0.8352809950866409
0.01795970346333499
0.0258499843013773
0.004519286845460891
0.8888709782486934
0.09305440874092973
0.012894738230799603
0.9305298208711462
0.002160820004252697
0.07666736269817136
0.01640239295973199
0.004343515592341737
0.018263069698603036
0.0020521077643551587
0.10187269685976819
0.0078006843009266235
0.019086353472015413
0.010357481498539448
0.1296743785518815
0.05742794980103107
0.012154916296616193
0.01516170636053048
0.055634555443753696
0.031184554540618803
0.010464980109531178
0.014196437700917044
0.07660031994731997
0.008981494584115766
0.018081085468300413
0.8395771482920439
0.00255572907600408
0.003402765742319926
0.9698427536033313
0.029273117255468793
0.97847683189608
0.041982243196430166
0.062306583160269685
0.9793485168107418
0.9144608029653661
0.023427370038497763
0.015455462707153327
0.010128054909392671
0.008423626679498725
0.7784525756508367
0.023778900835693964
0.01140277782032147
0.9260121262787901
0.07742001453809623
0.02040587021431996
0.01633372671417837
0.01077229739458722
0.020928167099527367
0.29826862064251064
0.026855759613739913
0.025173821205232844
0.9141763912269292
0.04618495157695579
0.030455441155203246
0.05601907941136289
0.8740566306457367
0.8944912346034494
0.04451804739698797
0.01321823095909765
0.9163755745136261
0.004158837734851742
0.0356839028472226
0.029494969058370867
0.0673473680592914
0.010051319364347428
0.024720417677358546
0.07944422047673926
0.06255090522478493
0.13473796447254716
0.9167257937719198
0.9367178143796755
0.9862860009832846
0.0560576717831151
0.9875211134637647
0.950964019666994
0.979082869560041
0.06715027914888687
0.9865107977070738
0.9785496031220824
0.2360641028224407
0.32532095306398023
0.9949978624300909
0.8655525015046347
0.9471842158743147
0.14169119398404723
0.8641636660101244
0.9910857651980401
0.9486430709625558
0.9860968311934337
0.9657754211218695
0.9923652785842428
0.9786532384850439
0.8928229818892172
0.94118528947633
0.9340204748290807
0.9884042159676589
0.9385257936180925
0.31942859699400916
0.24457195819102096
0.9887141020332949
0.9361884918281448
0.9796102298180235
0.9880405255444108
0.9908100976400828
0.3425828579400629
0.0857709935939901
0.969178495156488
0.9850789480684172
0.11220339231238383
0.9527279902793833
0.6070696989697284
0.9480904184263866
0.7921900762293589
0.994985676642095
0.9360358750468304
0.9932631812385324
0.9947846730035267
0.9718059440904401
0.9596721831216931
0.012009894015953558
0.9383720567576579
0.018822570193579365
0.025180685069285287
0.007369288366963457
0.990373408534532
0.0073708089293224414
0.014917323784779333
0.0014169560539412833
0.006409743398387285
0.02380053396376905
0.9894872451513697
0.02365319110719836
0.9871657939150913
0.0035573793157989437
0.03660221739382572
0.00857621366863786
0.020144861759463013
0.019023446746839635
0.041698316071824996
0.030938915870064854
0.010908591155730792
0.01003044468562945
0.007704510476444112
0.005341464285580163
0.0025403024853112043
0.984303750469213
0.14712229912766187
0.942266994902178
0.01320149523091556
0.14725854695658286
0.027968975146362336
0.05227151372533197
0.0056049197755242254
0.08667579918875487
0.15058206842359767
0.04416165914969413
0.009713686775605631
0.015874662222658424
0.16720495034873964
0.14065625418032776
0.03668325458854183
0.13721487746006555
0.018888558590144995
0.04670982810733489
0.021898539897838847
0.0057812500719552785
0.0071224542619842835
0.007477330643255844
0.06416871316685366
0.020025415678947087
0.024204746670930064
0.04240644321050244
0.029663472237096464
0.9725124642941855
0.15035237474441146
0.04174952169165771
0.05440781347282306
0.01598593398395182
0.9319252144006176
0.01478842961123723
0.9821851071916305
0.006604353936807459
0.971744985288787
0.024114425026837073
0.07841964317531233
0.0325697128220198
0.0878010833173441
0.00855237993655802
0.018554876240777264
0.8620050742566534
0.964372157624709
0.031092491724460897
0.9396566480062911
0.004472703923105281
0.050274886510327035
0.011392033800980148
0.9877429146676553
0.023659056819025574
0.04267725524372083
0.0172725169217438
0.002548329211565952
0.0689486060829575
0.29872151747729636
0.910230169332911
0.3080687329226428
0.051400471985387663
0.22520214272018793
0.02882692905437584
0.22377669505056563
0.01930266721411583
0.014162249058114688
0.018059524226504666
0.0008480426593309864
0.13660248230429012
0.015024404787457665
0.019009628165347223
0.014391995307606133
0.014573024612896618
0.005807646095808523
0.3371187906185518
0.24029114757345993
0.24916645787354655
0.09000434535882756
0.07931426899849567
0.013962385333121472
0.0337201383128186
0.9358079181265091
0.00942443805768893
0.01601405329723212
0.9802353376441985
0.01584875290708973
0.003896275507266561
0.07611231706230685
0.9567263493621527
0.025252777463192568
0.4718632280255321
0.2698305124258322
0.02657084558105838
0.30774652702017047
0.10423505748009863
0.9559299940230324
0.004393827949195556
0.0025254935317614857
0.9806203457506844
0.005671052970276372
0.022329534802042132
0.029304623179499483
0.030547818798301617
0.9852160934988817
0.007370192604203959
0.017538921690707913
0.9558241598460935
0.024333679930352896
0.1663009872753399
0.12123005921647749
0.002247015630252806
0.955034790819235
0.021830218888228232
0.1564031193173641
0.24228724214576225
0.9567528782435707
0.3441981547342556
0.989962723315439
0.9832996538096048
0.04446502519576551
0.04618495157695579
0.02125392590795068
0.002698197018597898
0.07023823215180489
0.0068407383612647844
0.9901403198629359
0.02795757392642084
0.038349779671052735
0.0012964824105951907
0.07691632160539895
0.02972257437836851
0.13874687528059665
0.016330679431715126
0.02862485964248582
0.9639004463553483
0.08644794937988612
0.14943204061740303
0.026037896034916748
0.012799967694881901
0.9663681156298487
0.003015800523993155
0.07117905418656947
0.06969559171219247
0.011045776150714316
0.03361053594069507
0.028211889778443733
0.02794301156101751
0.9640163882918148
0.03002423284640292
0.026470450442890026
0.07611231706230685
0.04406293263220024
0.07905321395442065
0.9705236556652996
0.004989468173913609
0.025095176087995455
0.9852662067729293
0.0798204660378033
0.0008563062420415958
0.09498851727629595
0.005885320600484718
0.0398652067264236
0.4318971833467734
0.010222053000863396
0.6129745466951824
0.0010448763301773628
0.9858763913720706
0.0315754563661211
0.026561183246358578
0.1469017321230345
0.9697536726659785
0.041233997746376816
0.92149351555032
0.0029060299890370685
0.07105623352203663
0.07306482285329835
0.09032251621844833
0.34836890351598226
0.014550607082360846
0.5085091011601529
0.011914033227782474
0.03676532165335122
0.11606356995764017
0.0063583207620662345
0.03551783613833554
0.9319987484120036
0.008863958255227926
0.026652593750591033
0.042162199383903344
0.030252128660057595
0.22833573238046292
0.9439122457067961
0.1063726198839019
0.026429405099309453
0.9758460490084049
0.13139924958595758
0.11970507958625785
0.03306504666443533
0.023762155091196842
0.18772219819675248
0.04709293333295067
0.12930127140814454
0.9662897757128277
0.06453843023088646
0.014427328760717707
0.10452816639759088
0.15933959595971325
0.030379109145038673
0.10206597835222728
0.04683671515172478
0.021602213073804208
0.015460167528312379
0.10094361777865633
0.1280769021114569
0.9697931125399208
0.9895641314339716
0.9341114343251461
0.9364536735096496
0.630099376961673
0.021123398217482575
0.009058790937200835
0.9665288184942362
0.01615595343523887
0.08916550120088723
0.9300969154859293
0.2448958112351872
0.07236453504060025
0.0026343870486814024
0.020116169830561633
0.025289989574997115
0.06231257086023673
0.011583828921631472
0.05137860771608946
0.033464363588077715
0.09680356231508268
0.0346812555017608
0.0720818117993388
0.06021328820345306
0.09320807251424652
0.12491235587055115
0.0015128836132356192
0.005656491236029659
0.012667221855841196
0.9774780099217627
0.26032126349760853
0.09620961683593748
0.44362385552879696
0.08979294821902523
0.05636365168752536
0.073626928539779
0.040665562562835836
0.008989607586576995
0.04549095533137535
0.06351398317762506
0.026574376987246
0.04329603664620609
0.04655146148340147
0.06082761754535077
0.01567389004340757
0.15509538380816418
0.001518759918269278
0.22903896966981654
0.9793405922279943
0.031022727084831767
0.006110037950186051
0.011145013125614781
0.023573471082210955
0.9504258442046194
0.1374164118717496
0.4525393511068675
0.006095613876365187
0.02637907126185409
0.2957582323452772
0.0006264147113498813
0.03538444139193352
0.0008309557169950059
0.012369446102240047
0.017087167179649997
0.9921335128387778
0.004225743815280089
0.016759044697374888
0.004261038055573644
0.03812454220481597
0.04457411447844955
0.46330719225422784
0.9368499310710549
0.5130036067634757
0.07988491838014665
0.10702258481562721
0.014210129932227495
0.17919812048004263
0.009870576121189596
0.02177436684071228
0.01679645104518915
0.010129404863835232
0.008410380008402014
0.8019159295062812
0.15891474412373627
0.0707072595859922
0.0030471525598394452
0.0021691217888364657
0.1494209394542717
0.9153632346321234
0.028797390545953743
0.06198096914663863
0.013188630071083547
0.008866013224046041
0.0063309710718565965
0.9890060120460019
0.9804022421145473
0.03864581712899695
0.02041527387916491
0.12595246588092532
0.027768414672853257
0.025923207727504873
0.12717407953353146
0.03899291797491246
0.9293776248360043
0.08811216729626431
0.017334985944893043
0.017834510488944383
0.01250666257835506
0.010783167022919841
0.9661205319017397
0.009633366512299343
0.052525294244021345
0.9848853163424403
0.07256991406929049
0.024269020033655633
0.9882318306170379
0.9288216271079334
0.029990220238129132
0.004690608995116122
0.028029238691138242
0.3878344573691938
0.0036283521925842667
0.08462880105888546
0.9691848832364257
0.1785777078690882
0.09513415679079346
0.013655674390552236
0.03425062943841982
0.014705276709209165
0.01881717539590386
0.041685134661769534
0.005593469576984104
0.003561061690793934
0.032665286033611046
0.3754070792760813
0.014978229687956191
0.009642884055538871
0.01942453906043978
0.02507739897867438
0.0032426899535176546
0.07585779768758748
0.9813521279192303
0.006170801689327737
0.027613261485484968
0.0012196787031334652
0.02836130725361779
0.007521378269328701
0.06773957595202355
0.006310898673736622
0.05779606866633127
0.025240808684203073
0.266980146312781
0.9712499184492815
0.0026456970521016587
0.06518426977603596
0.06483933461770702
0.9081872656643708
0.03227247436089684
0.057773155595181855
0.04019477283478082
0.9616334650990378
0.08521534313338076
0.042524202880296014
0.04826390390486101
0.05258456657924707
0.08005396200215538
0.02813242680715202
0.8626590857441058
0.024959863487948174
0.08288153375515675
0.10877135712622817
0.009300038946999748
0.029275278458640114
0.03773110133402634
0.029933305171360742
0.00784268440367169
0.024059990391806316
0.20015439750743708
0.03140521704745905
0.016517200382666394
0.03284637240732792
0.009526060487664505
0.0421942518819311
0.027815025167528387
0.01017691226020975
0.24152382040241674
0.010063380291595939
0.011166327723892344
0.17648617960156138
0.06452430190040316
0.9644970159510492
0.10690243092397611
0.9679169243270073
0.1458624623052668
0.030518966833192128
0.9761907170859341
0.024786586826900287
0.018762068806190146
0.014548257844415996
0.002603605709212339
0.13018828572751037
0.014079971134641786
0.06059170822833063
0.002354575543835578
0.02556298042256494
0.756400342283751
0.9863919345031983
0.029877195711801113
0.9780358150518613
0.04780752581905128
0.08718133834028782
0.1305037305990491
0.057677945430168145
0.02703038948399617
0.004823326298257827
0.858551064906069
0.10324198397827371
0.005425409289258201
0.21811928129564173
0.019517229484938645
0.16468145953246824
0.10078007509713413
0.018758643277290588
0.09413745487269441
0.002276166618776731
0.1628362795672494
0.21078846762992742
0.9892183727976006
0.9800826585790923
0.9429571818275583
0.01638066407676077
0.015463296796555859
0.15771071786421556
0.0019277160508481923
0.06322764918435755
0.9591521125502732
0.49913964549467743
0.0026578045514316882
0.001839079661671215
0.21102194860421836
0.9641883532069381
0.017332011394571134
0.02570065495590044
0.05178956899857927
0.032783151946836585
0.03783389961599696
0.08334292690108905
0.27113999508718817
0.004869968974211998
0.12812891373155266
0.010401375868589259
0.0019556877616748337
0.004372464760161286
0.00304247448485101
0.024110637457359554
0.08027194756291686
0.06495529797470122
0.025603569840101842
0.11945407117918277
0.023600325680697372
0.974651501271475
0.21699035739962821
0.13140606393864734
0.020188735576113292
0.043956250633866774
0.912513367239542
0.09859775776131578
0.006633703239663266
0.005604680460897667
0.08918970440708733
0.995357157361743
0.037267859629473855
0.9384525591370251
0.9525756744975673
0.05570414885557621
0.12625472642113847
0.3147419470270526
0.2677571012117034
0.0038598349142763356
0.0780165942099013
0.08562225439642487
0.029451847960040457
0.005572411700069329
0.030471198209776312
0.001538679006775385
0.0967553666549197
0.018317314188625443
0.9655715767845447
0.9373350359318255
0.015419522845647137
0.010456150480522496
0.013924807652110238
0.055469548170630836
0.0038205465948994485
0.0524856376211977
0.011052827953755423
0.009620416885032951
0.0072066553106487335
0.05403228008070513
0.027908602863876742
0.039316594201790664
0.07479488831428008
0.030296356041001626
0.004230853974589961
0.00625296705354049
0.0074346217911178715
0.038468414164591146
0.8296301168197406
0.007212230526805434
0.05669301105383156
0.015658934488232933
0.034495379925246296
0.04365163505106168
0.0065383793587302785
0.08366323892863499
0.32421312224840027
0.009573400727099305
0.9529957045001909
0.38891152444597615
0.06580846285040332
0.0170798492910481
0.012038225399556637
0.03359294473709941
0.016542370850669386
0.03158352225426254
0.0710639299281927
0.014471353275438602
0.2499217778752494
0.013740597671251199
0.034953299153627715
0.04032204806869762
0.3548508573429826
0.07767433010403597
0.07483842084824285
0.07323336257912721
0.019913523467744613
0.12095693806344687
0.005813999815463468
0.017978089167156878
0.1934057629947559
0.015877569109410752
0.028561053643388873
0.008731482281613093
0.0021897748216768687
0.03308257353913763
0.9253531377710316
0.03190663018358386
0.009884213918173766
0.7239460809804883
0.06624529838327843
0.003073356725834577
0.07602329982268284
0.01199549745078018
0.019818218791272626
0.08045932112039694
0.9310031012730049
0.1466737862336902
0.900285037375663
0.022874353517366705
0.06534969926627293
0.03171244114433408
0.03446030982775106
0.8692493468242832
0.9859735695258981
0.011122855531370419
0.9852277632375358
0.010003874120967284
0.895472653713247
0.00826224486048589
0.13386975577039661
0.02032052694316165
0.006059520376242653
0.28388598839698687
0.003105504571234558
0.12122566789808815
0.10378728027007512
0.028075215397294295
0.03809396998668299
0.011259900417780574
0.3939528777472981
0.045646540743553975
0.11425503247383004
0.12244758495179546
0.023064924236134324
0.047800485810185235
0.11549373323141461
0.04650413520528522
0.017315155157939535
0.04334265401155417
0.007018720823910141
0.006902010524698462
0.007946350029751402
0.13303744917643126
0.012454567976131082
0.009567077158568063
0.026985180937789597
0.901129207759813
0.9597220547401305
0.09531322633704618
0.08450538369252127
0.6941763037590235
0.9581273413889002
0.047820035525526
0.1508692670273686
0.011264446735957454
0.9825918283916057
0.10732148335212148
0.013780438108547134
0.9835844222384896
0.006018690734075097
0.05312820247918299
0.5448087905723873
0.06172678519501547
0.5056877255617676
0.9164303187930716
0.004847326924409673
0.016080264590691038
0.03288607654089461
0.038437687974134944
0.030146540708516197
0.014743310408534339
0.32049718666030114
0.20634107760357726
0.022952406899453243
0.026745550169676842
0.98620154582005
0.596015619938336
0.04097393543139283
0.014248501566010376
0.0032936213663741607
0.059789726606247755
0.9955834362085303
0.02400572708628918
0.0020554104019090847
0.06615044106446809
0.007579746098089526
0.05921328449498245
0.9829907595096049
0.049633673759267534
0.01376050742305119
0.9353133456780871
0.003213852706540132
0.012570189427712871
0.02030992492561989
0.2788126603243831
0.0020123660891678656
0.0037758381185173354
0.986464407408421
0.00449195970633015
0.10202343576190329
0.0027861255073693336
0.9642021512409853
0.04580539770869046
0.013678051733875105
0.3353859883911449
0.01778153573934602
0.026636572768234962
0.1541068716977615
0.07237899664855313
0.04081406435982099
0.07306948824750754
0.19655048549627022
0.9754139487187287
0.12403970348608298
0.9884735239693783
0.03917559630638243
0.9825986752918219
0.005929122350369589
0.0013695713968277382
0.01635195846803079
0.01875152000969019
0.006093283973861344
0.0035693142610370592
0.0015905615296964892
0.15502674735769395
0.09062615830049706
0.03469582909626763
0.10606175741015786
0.008961661497944423
0.054627924736090454
0.0022164957064498524
0.13908870642105467
0.9902460685855052
0.9416070657021687
0.060861364918672216
0.033461262761750994
0.9660131597211662
0.01473555701901462
0.049498616259506946
0.29177759300964257
0.029211028703977234
0.00937025904253249
0.014278448362014992
0.015408683398946377
0.01712667240889573
0.025011163705432743
0.028029293573766087
0.015031757053605911
0.9698868120676635
0.009652467517837564
0.007586841422389433
0.9116776057920495
0.9456296779196927
0.03696663544454811
0.025733842769285885
0.08308595578732739
0.011998011479512278
0.09427209606790472
0.0093543824918271
0.127924758060197
0.016214851270127846
0.010436197482407048
0.025578640823375774
0.008387649054310891
0.43388453018830625
0.018733283418161856
0.010460689769756988
0.0010995199010607525
0.13019052592591046
0.02832816639519432
0.029977769973482782
0.022718025868669774
0.03970816141313167
0.13287855224557366
0.00748869412618392
0.061841878600587465
0.07806130653603456
0.0776879374113175
0.04199256956652184
0.04506240975376263
0.029774264884888466
0.44952762777924105
0.12731653280978517
0.06662205526480165
0.9435251436697717
0.9322647469518165
0.8876500318231542
0.007536364031299253
0.115661614147003
0.012162193559430108
0.133357394672495
0.02266516960677416
0.9330369507325263
0.02717825296790839
0.9533117148785739
0.9379110423880542
0.13525677142337106
0.1877519659486887
0.014138487391329578
0.041928105227450746
0.0330009958701116
0.981415573241741
0.022960528421361842
0.006962378316027332
0.0759085960855616
0.03878078136773357
0.9681536651632974
0.00865863310304792
0.015579028999508485
0.008972274232956608
0.006615131262802664
0.07879340217574679
0.019937290097002205
0.13351456654876406
0.01788387438097037
0.9727728415728336
0.09049574494741394
0.016208772452382638
0.008512875418340943
0.0009866138660824737
0.009854944614533902
0.0014117689533855822
0.020841454148005638
0.14343947144849695
0.03706418869873607
0.09941818084860546
0.9597781893817467
0.0572956703447967
0.06987664034351648
0.19579637731050203
0.04140231710194094
0.002292237615645588
0.09723364669167317
0.07595344136913088
0.10462377895503858
0.05396379140604577
0.04019368652451818
0.020568679936739154
0.2054849706546642
0.004199913118448258
0.116233373283566
0.9676550215352339
0.2110237410502114
0.0737390725231636
0.8838935806497582
0.001684858576095715
0.9746493205375215
0.9774901884025777
0.006292297360953098
0.08957428855272884
0.030715616268609112
0.08763408145040598
0.07021486194475021
0.14310039637467373
0.07855938194673491
0.9767983171616943
0.04188330025944678
0.14503469801485191
0.01215263964519419
0.9131231402204123
0.044517779295478496
0.06107610566988384
0.9509143741730064
0.05052541303699809
0.009196741694174072
0.0857709935939901
0.03401759321222051
0.8847449994660843
0.0439990510377207
0.07010283083905229
0.10091769399364346
0.006153618118972326
0.021970618659011985
0.014713530061409762
0.97396085961443
0.8991969851326126
0.024281126620145362
0.0010526468980245278
0.02257751074439634
0.36536415935720423
0.10489065765722921
0.01528325023508553
0.00912910489273297
0.3911241518906049
0.0016053141042768541
0.00393822985134467
0.009418671915501243
0.013284408137252223
0.134467099354848
0.1348875715869511
0.04074785882246712
0.028238711594704816
0.9643691721832798
0.020224219428422292
0.08749605434883666
0.9772731512758812
0.021683320788649055
0.02296138212352337
0.014104968264178832
0.10891503040021429
0.05864276944206733
0.005652560186778692
0.06247201691200485
0.013393031677184638
0.11964443496795218
0.004342835781773094
0.005684692900305598
0.9676002358002398
0.008602731975223684
0.9596221887017515
0.08364462907941916
0.3635762927639294
0.5241240276223958
0.9848590142425396
0.9202560844676442
0.09755834640955088
0.016191087494224717
0.9845527156726541
0.028029333545244197
0.005180935655144566
0.0024136478568459767
0.8145748377514597
0.03560223064709683
0.620965532518861
0.13420299207298317
0.9621170314581313
0.09012506930504871
0.013993644827476587
0.018625560783122243
0.0018421455477832035
0.008350560919467388
0.036125620217313685
0.9747207822676519
0.06946520992733356
0.020181208308247833
0.14897629495540515
0.0440118322358807
0.4192637098764389
0.9621743399706197
0.02186223829821067
0.03921864337525235
0.02725614709523707
0.058896474345870996
0.041755608475787534
0.9557508596838603
0.3900164401900169
0.07535433989143409
0.03253912169481367
0.9673872342425676
0.012850696454095718
0.0018112824850310745
0.1857287107465323
0.39889861093319295
0.16263014896226824
0.015740316878839963
0.22209235660775473
0.2961971064373538
0.05970773591891945
0.9743797659249676
0.01754068354500228
0.9619169624905717
0.039006168444561264
0.9758088353877016
0.03918664562045865
0.9425043649701017
0.04792983054203361
0.005078438301010103
0.06545159193230017
0.08441242344357477
0.09058351722203646
0.016364906137834475
0.02515376569922922
0.785402767120441
0.027198453556102172
0.054023293664236596
0.06436522272914585
0.02352790614014802
0.01156451686620162
0.011345147162131088
0.1165352260013766
0.007289744242672834
0.9769651105265329
0.04565720551904529
0.03369106880901692
0.04335270970732216
0.07295670005611747
0.07043701647895496
0.30104311862441546
0.011049527881321103
0.034553837619691295
0.007524306921727774
0.013602892652355056
0.061223500131708325
0.5458398131203384
0.0036679264152618143
0.07728300668769285
0.9640269570221096
0.1923129365246744
0.07774795923162515
0.9367543213461836
0.011706092759462342
0.11872725913879108
0.010879777023708511
0.981485472604991
0.9798403477313988
0.9763352752192583
0.07618071170818519
0.014749768890712507
0.03934569738813164
0.0726952975818413
0.049112984942841414
0.9601805170762275
0.9810319550239904
0.023479412591411924
0.006167183908765031
0.9250130306760342
0.3075640080828334
0.026244965065197016
0.9672483709173345
0.01651756403592543
0.39701778706892715
0.0015393861367206637
0.9062985975390119
0.012231534400169768
0.061651430343331814
0.01819453270378903
0.027921631362107725
0.17227639082719062
0.0363164420713184
0.07799093491887898
0.15403810733885412
0.00854218827152892
0.2419224649920548
0.030345359230409062
0.006943037463607323
0.003916546606470964
0.03400341119625968
0.0931645585029887
0.9953212924348187
0.02808843320072666
0.06473812320803056
0.2553655890052091
0.007786187334750884
0.03909333754553631
0.017036008057556316
0.2537005102249429
0.22765241753400503
0.1455173806908943
0.012840084479329692
0.028525454410763092
0.002596868466216764
0.00414175898059871
0.9654525609766244
0.015517274751723754
0.048345814067979845
0.007019422547753081
0.0724494971124848
0.14913850507603169
0.9824780762155315
0.011744216596736076
0.006469828184405818
0.06545436745148389
0.12347750767756649
0.009476111543783307
0.9585829388812513
0.17615531613958055
0.43437441902692037
0.024661401080433267
0.0026322312380464134
0.03363348917312457
0.05449580311864409
0.9419844527767339
0.0889595013751676
0.09965881727777329
0.060307008807224075
0.09187208415558627
0.010221708760146768
0.0871083060558066
0.37197510507027765
0.10523146768417009
0.10995056763070517
0.06653887771508932
0.008723614786833101
0.9576046132402372
0.027505188822720992
0.9510006901531329
0.013642450239048476
0.010175613778727636
0.01573670457816997
0.1686762403176314
0.05655324445840401
0.02747282233531944
0.08853852911172388
0.9787229622347939
0.019037725521780176
0.07854634023684814
0.001116445339667112
0.9708893132971561
0.20542048363253304
0.008046774730311054
0.9814164199953638
0.9039796287616337
0.9598132707345739
0.8176757957660669
0.06893063607539067
0.1577342590536387
0.11070265722192912
0.05550911698888033
0.928602179408405
0.04710951405155534
0.0036650924155448555
0.008679996406289994
0.9574931382286143
0.03596328798483583
0.0012577064234304462
0.005387241729363512
0.7841493481282491
0.029830916441508665
0.0030147576183469677
0.011433539866100805
0.0034677592323941586
0.036737307670704385
0.05103687956043001
0.016830858421141962
0.08369933016134835
0.0014950127895970622
0.06252708998975251
0.9867218928612935
0.076799735678029
0.07413976707705273
0.07442177013020149
0.027147745190094587
0.02851546589787876
0.19232769392152196
0.08795929977922369
0.1106831441872724
0.8066332260075844
0.966251156033091
0.10395107140273677
0.034823248644251306
0.006057624024033266
0.00994712117024357
0.013411667068559119
0.02370351767057268
0.10634828691982112
0.030380344589425567
0.9563739347797401
0.9696155425650798
0.013779608670790951
0.004042397589610946
0.07169558221849041
0.01074387485415576
0.10945571774648935
0.036108483862723216
0.005104921020586249
0.05582671434187579
0.017362676014260572
0.8883662687092296
0.027796400073387507
0.07806142934540954
0.8792243186278861
0.08515600022300009
0.04952992974184158
0.1202492900072229
0.024651649222581368
0.16825311833991152
0.0306961198119751
0.9801702415426153
0.05584830364534955
0.04084146586615778
0.0032152018695372265
0.05410827819994407
0.9242023449930756
0.018355627805307768
0.04386916222089944
0.01486707714922647
0.9835264727959674
0.10623246686816742
0.02587308231592684
0.018582186001330592
0.03609647905378893
0.9753416891647807
0.015623607775069758
0.013491585815880119
0.043773105134109244
0.9142684397202885
0.0034866961357186083
0.034665791097784
0.04980582819896947
0.0019072793447691275
0.15488922439308875
0.3158776234134013
0.016436847461187475
0.9795250906775995
0.006934797712431379
0.0486388704293151
0.043229884344284535
0.5747536362819142
0.9654441747945349
0.030139791509728443
0.010427999418605154
0.003825191533894418
0.17659786962271273
0.2329533888778171
0.01080982988151033
0.1371451053674391
0.08556515297700734
0.024133852615589067
0.9084030556005519
0.004614159199904028
0.10957282570707547
0.029556336124228852
0.05499421175638573
0.02333009928359845
0.014569576903813422
0.024480319149172317
0.0669137243975751
0.09813245739346757
0.1190037932541138
0.9691723839117782
0.023041897423217897
0.2965892634981936
0.0044829342558404235
0.058860297397988946
0.06116616302916796
0.12107852710281974
0.09150934175013942
0.09485285988925438
0.10571636828796854
0.9656194137573315
0.1786549612768436
0.10551076904565704
0.98508075901609
0.05294758297845828
0.9452287201870343
0.11738817910312782
0.06214669060927972
0.2942305658359419
0.006054733096732389
0.9875063493819588
0.0017903607545032478
0.007793631170373327
0.02152739395682662
0.10051549352631482
0.021029696657561006
0.04482238773517903
0.006904717613320245
0.003920374262875388
0.10823606546847504
0.040703886180384195
0.13058937115706556
0.9161640602811497
0.09318732636895691
0.011473806429583696
0.03454960911038506
0.9041417663970029
0.0011971479684330397
0.005055532697627828
0.013069217107446237
0.032344486883006854
0.01510139771221823
0.971721360563561
0.013559477822745558
0.03942236411955472
0.026845674002561017
0.0015990981099343602
0.09430764559818357
0.005800770622735559
0.0628213844554434
0.0050877290833984115
0.012239029038999599
0.00989619092100561
0.003691790791422594
0.05570852244165953
0.027971765321294292
0.048276904952204595
0.060734713824829104
0.059143554006381806
0.11396216054266572
0.0063943420765893225
0.053381800533500244
0.0498627691680119
0.32938076287286
0.27962891420022185
0.0006045662698562254
0.0016481014349285683
0.02663493675554932
0.1348418393133589
0.7154020750117522
0.041216245935831175
0.0421048751454517
0.9502818628617972
0.01690773318362863
0.14797984709674797
0.026785031524159238
0.13231175026311626
0.15417846591976708
0.050974204568913634
0.009485882249132558
0.013781097053217893
0.963010864195637
0.015134220854687902
0.0033545331155716033
0.9790605354023212
0.28324000126784793
0.06717722716587804
0.033728178950450285
0.1676396147252487
0.011950052394654707
0.9595278129248767
0.9267783517310854
0.9636706658173084
0.019029704023282586
0.04963908070104391
0.010020797392765865
0.16787866974823412
0.10628309782221732
0.00890003571287715
0.9522858483571074
0.8960463069347213
0.04321303009239608
0.8830476595626309
0.04017545392212738
0.0053795497109831785
0.008691650713363893
0.08471495643102014
0.004329162520361958
0.016484388385326235
0.08747033026606517
0.016390495223890834
0.04215290964865916
0.007542415919904909
0.0660119634827511
0.02091280276363531
0.950964019666994
0.0023473905774124065
0.965929878629342
0.016869286781476558
0.011253001245105637
0.9284119843274057
0.0068136390135663995
0.01569725302132191
0.01457252466648438
0.03709823238032648
0.01092578608226495
0.07068467467634845
0.014437412305293424
0.0031421039324738415
0.0009505227755935479
0.9023695707001849
0.049766395478609976
0.19419696527955993
0.03642368468751442
0.0027872864376751716
0.014842231615001244
0.018734035317706833
0.008172922427106932
0.017999647918847898
0.028256571521226466
0.006118544947556651
0.10029609764364095
0.01018827786478211
0.017226787450089903
0.8775461949653629
0.05572364902955013
0.011640354412330823
0.0231564322102376
0.014119905523833425
0.9751536722417159
0.056410594835979586
0.040652298539640495
0.03647731431873307
0.0683975691294705
0.03742396182115548
0.05102618913844681
0.022643997205090492
0.018099414030891103
0.024614582984960005
0.03900720086175929
0.9808197143993972
0.1593218773483797
0.011022071666865274
0.006548715175587946
0.01887960239956568
0.9175261781512236
0.03823684288201565
0.17315384239398532
0.2240715814801255
0.9637948580761252
0.04957252282910848
0.18433784951491206
0.014060739873696014
0.8276040031233332
0.5041384982269366
0.07269081815299679
0.1969951807933277
0.0030833656722562097
0.023350618328892077
0.03501880727030157
0.9798966845729045
0.16462150202929304
0.057928810267724756
0.12076755063761806
0.9903241866316724
0.01876108776833015
0.026337492355577016
0.06116104560258794
0.01720724342862355
0.08102516916742993
0.04258567632943892
0.04818415113808915
0.1477987737869333
0.029691107098143626
0.005658456561897998
0.9406292713168628
0.42665812512891726
0.005152021843934515
0.02245455567109952
0.05742337309105947
0.016991972788518953
0.006593342411392365
0.06095928151060278
0.10782850440774579
0.827337792069793
0.9042519490100751
0.017765472304249172
0.9717307014207452
0.04409003023870096
0.004626826946064849
0.3256884780233326
0.023295165522641964
0.028840295541821156
0.028233779829577664
0.022116033849222793
0.06313755653069744
0.10676272758349081
0.07951553112904101
0.07917948992848921
0.9612944125376605
0.01362517492021108
0.005603434311417641
0.06447324019285722
0.06925192563579444
0.02775754652205414
0.07674845171737518
0.0017622435534612284
0.4346515923271487
0.005479251307240686
0.19311748469639045
0.9716698949683766
0.9333299246790053
0.19049002042349536
0.07153291285754472
0.001582513389885432
0.08108417643228355
0.32709947705422515
0.03786622059804979
0.012925128875306831
0.021035331305874934
0.029459996950809888
0.23486228195974776
0.028127454428503812
0.15862248506931373
0.004312629687437077
0.974971135414298
0.006476699074446827
0.005845238047019505
0.021599462077536286
0.013109711767890863
0.1034169042686589
0.22932655376873828
0.9666977675587319
0.24170206537935812
0.08459257178589281
0.971501020645209
0.0243030456978121
0.013908979879318405
0.9450542218959935
0.1753579333263375
0.23821637798911313
0.0289666175656102
0.010218062189865408
0.0560780124594245
0.9819512382049399
0.06288399717078051
0.0013674413478041612
0.022841913906393098
0.04222480600529979
0.0011380286534510345
0.15665385315490374
0.027506838513875666
0.9394322511631485
0.22093232299475327
0.02934364124394708
0.10690078673409517
0.7953186729109009
0.08383067786286993
0.060984063551845456
0.9223182564534322
0.041621019030491146
0.07093882823201546
0.03155561517659231
0.07275429001054644
0.002706620892771618
0.049016514783628014
0.038466724824058635
0.011297823146984525
0.0019977317363263154
0.2337622214292148
0.00530081455291896
0.9128182356094006
0.027809198285539932
0.017988344896038427
0.5630334037218765
0.38394266017609113
0.07654718888939288
0.021809944975658482
0.19400917470789036
0.1149129405677768
0.0014933687060360698
0.25236048449505
0.00914672650891673
0.0665572724673026
0.14041633399180486
0.022062888287728448
0.0251263557035092
0.015856050398185696
0.06146077103661023
0.06081136732162307
0.04405421445275535
0.03513039237345455
0.017769980156440015
0.018620142196550893
0.12218181068031798
0.10582119209959032
0.01384674600269121
0.0034643569761715494
0.037635769596362056
0.013187095593801079
0.0437396639393576
0.1752182865761597
0.04135412512387547
0.9585036722889486
0.0012778080556995817
0.05697383661775091
0.9863355072388529
0.0549793296707253
0.02115579327901052
0.08788865711716272
0.04186630815097033
0.1341124958640449
0.025737831313334292
0.03087925164686902
0.013427103388668454
0.012169985428901624
0.8935467761838581
0.00813611591797592
0.9331412044448257
0.7895863459862897
0.9639659315308069
0.9854663510658815
0.014031580381107977
0.09106200441687093
0.01853616753583218
0.010124484823405725
0.1848494215102231
0.02256417798644058
0.05276525620426387
0.021447924835878422
0.16578563922611553
0.8385348209468223
0.12729837087637294
0.013268374470473118
0.9870113768756653
0.9746451959468811
0.15213667868549088
0.9773772376124934
0.987847760863952
0.11852980902230652
0.006084976530932805
0.016106939846731855
0.9810393159962728
0.015081087373026039
0.01590129592458753
0.0013699559822697872
0.010673770855563865
0.05159746177833767
0.02006177794887911
0.06448029173405863
0.9863379929140651
0.14531204013418236
0.9787584531519006
0.9572653126619761
0.010085047523455768
0.15709070846113976
0.09112622942679867
0.1757235789224298
0.012267043474720659
0.039194469912594454
0.007170602979642355
0.038509947456985834
0.011165142269059668
0.27997220065720496
0.9926235163507828
0.017736544573076628
0.03826802900505274
0.032476821260554324
0.9720106332671131
0.02995644727685855
0.022031217056505025
0.004305536099478236
0.03129732939368364
0.0067527722258036126
0.598884889943514
0.9290468934376463
0.07784326190812778
0.020091483850580065
0.018313076813699366
0.14001939730016272
0.011379313205929366
0.9855936557063391
0.9411386255596371
0.055716472318479954
0.01157087390513578
0.004811629979952262
0.01776097767777474
0.11161929900650147
0.9708187529706258
0.0009266556776492464
0.0042078076788160555
0.9724431292928333
0.0897852042439569
0.035350525575307365
0.0871874956879583
0.02779979483861115
0.03359791864413434
0.10233688794668146
0.03439096839933394
0.002861683997988764
0.06532068851342983
0.8599757656384612
0.013497820110430034
0.09683279482330565
0.07878308781766498
0.001236264030631845
0.9220625584313553
0.011208107584758235
0.8761092692747415
0.012049828596606459
0.06502442953314345
0.009918528679146263
0.3026352229517622
0.015179464044123342
0.05692200756735515
0.9016048422327146
0.08229571350467099
0.9823668064830657
0.07941876520931157
0.006688850113985852
0.0963780615547376
0.06412025740565372
0.9234604824252245
0.060352169701647966
0.03444104830559102
0.8702650852092053
0.028363485463682715
0.03934981528683595
0.0028710418949082924
0.24810057552522824
0.046174780218025756
0.0030227127775944045
0.06068938226342709
0.9765308265059799
0.00970465038633299
0.16424853816465723
0.7021997551404734
0.05196665938462486
0.007736085034895319
0.29944025647322103
0.44530070976315883
0.0005736568005251479
0.9880567447319213
0.9407393098465902
0.006352060395375292
0.02340024715994209
0.012845505545078564
0.08091498204585854
0.11729326486168133
0.16588715205378407
0.013133719848351072
0.014656422649333152
0.10457360974980347
0.009581316776459771
0.9753688532652262
0.024351223442975026
0.019929647053729606
0.026830241298292666
0.029745035690198787
0.9266641361458924
0.09339571595116127
0.016847210920801728
0.011154750347184038
0.49362543947500975
0.06612410979282606
0.9750826136340837
0.025586387801867165
0.9403930276501568
0.07114160989424816
0.06424906105657943
0.04365226431684155
0.03745560207898947
0.9202332461440325
0.07107919913592688
0.04039433417014044
0.05633046261156156
0.026728633919003507
0.8802896644209672
0.012222713492544744
0.03094546699128001
0.062455706192062005
0.109164689731246
0.04272271511174737
0.9608529353070883
0.012433073885118917
0.07387427638553219
0.03352700965699634
0.03327144822477677
0.011467607543751248
0.007649895732156853
0.00912479531831132
0.06826602598290893
0.4020394430371427
0.18774149598165024
0.023352688778289925
0.0030241703660004466
0.0491012081155
0.1697241023298267
0.0233186587218095
0.11491142244870454
0.926170037597563
0.0498746345613849
0.03586274423578397
0.9209787574735379
0.007265137183925261
0.09720798197800237
0.48075746960863713
0.09068695379868981
0.015818193028243624
0.4561308184895794
0.018237887378093058
0.020931813477235047
0.020462962284663856
0.20277574211288144
0.02258752535322487
0.03925259145407651
0.030116277505769524
0.32552729831359195
0.36012936338076856
0.9749477505705832
0.05104139706665363
0.9687788483757763
0.9519053512215307
0.3467555491892581
0.009571637596576584
0.0072697388908354215
0.8938420647143251
0.03469405447225411
0.024024999717997243
0.9803013239790926
0.028355016503021246
0.0033715159075265407
0.9918957993837434
0.050725902815330806
0.004687054605558585
0.2610374702524162
0.051756374679436085
0.01148881980964194
0.37086368133872966
0.010506503159086397
0.06802960974336152
0.9719124900833159
0.06424014373817598
0.07374706481944114
0.06899073933479537
0.23409592048659075
0.04955321652805382
0.9934012360633735
0.8067124440484417
0.011374273390393413
0.017124686342721438
0.04018793399941956
0.09241336291606654
0.01547769150518288
0.06824458750847912
0.02773387349707887
0.01133451205949273
0.012248921671719225
0.0558543581192622
0.01559650100881568
0.036127522855657866
0.008810221883610485
0.04081601792113254
0.8867767613883136
0.045751273354437384
0.01773115972025065
0.9537203922913122
0.9711651516938055
0.012712044679072847
0.7610298157489618
0.011771846617370832
0.12825984914578775
0.9885613501805793
0.19126708099045653
0.02347850242286297
0.022238278905785204
0.9828823036996767
0.011307232001215018
0.9651546006938689
0.0033267620525775296
0.9093320573714645
0.028434489239078
0.042420452849035534
0.9236656434473807
0.01756600650697352
0.0790530076895332
0.06374234569075046
0.002762251457566064
0.1372577737340466
0.0025800771857594452
0.021471776044344786
0.02680490065437487
0.2578110941140301
0.06981396329147276
0.2955972993028519
0.056424867178157895
0.012707249029046316
0.1479138933374115
0.04280842337245781
0.08322189793220842
0.062117896343542034
0.02536319559713546
0.008675638880499461
0.17711860481128686
0.03121855246710717
0.14111253167244708
0.04957642448004661
0.9634769633963212
0.22720540279916474
0.015550074523308656
0.0010651478583073375
0.07777056946291572
0.9314695347397284
0.08573432869089996
0.024681825950407094
0.02015661080649245
0.011428123876759351
0.006710921952878476
0.0274644937562637
0.07935175447155994
0.0695705143009816
0.0411385650865897
0.08251953890296418
0.9817646435198537
0.11069760038031408
0.02606522504297206
0.004192244940458295
0.19025090535938674
0.9691673199946983
0.9828012672907975
0.9824613298584483
0.053866099763756836
0.02766301521705202
0.011524075321152918
0.007774177007537506
0.9855983342685476
0.9550021094389246
0.03893456453295623
0.0019073487771149318
0.025602523043998845
0.9649717208730649
0.9785616693617227
0.966139841274244
0.9578656088405503
0.9380010649033382
0.08658283810820355
0.9360711450830002
0.9752388542248507
0.9584344208858925
0.9474845695551276
0.9425253442753484
0.022488781535899737
0.06968317834716349
0.032969510959576544
0.9198676613215663
0.26376776258723444
0.8790375436124788
0.9083057424742224
0.04026569962485871
0.9561086213883906
0.044448455744380395
0.2678114456833459
0.007705108966979946
0.013678980467516092
0.03322274152392487
0.9219873815001904
0.01919155590055965
0.02764210596667987
0.04514622970589673
0.046586597561361354
0.0732274108330359
0.9684901907386956
0.9282666857470688
0.004236202324542569
0.06533273763889162
0.06639406882200276
0.08493483743898078
0.20398238794957133
0.14004093227341582
0.05523498640942079
0.28127236807018646
0.03950606231769521
0.0037786037178288165
0.9191373372179837
0.8745131117946191
0.17402492853677512
0.9829610444195692
0.08675006701860079
0.9868288121660026
0.005842626840269808
0.23384472534048367
0.04771303517023859
0.01947948736692163
0.9879929749161397
0.960364290438142
0.9383698242831192
0.9267122203509647
0.030729361655963593
0.6059021588148298
0.12660626429615088
0.9326808024948157
0.9674288417717505
0.11491700807990443
0.4253748247356769
0.002935273670848487
0.04550436830573334
0.043297294345487514
0.8651340859019667
0.09159438134145804
0.004044061594676865
0.0469941780319424
0.03579295093065811
0.022904933488438948
0.9517415343507986
0.9220355587497469
0.05483389616956064
0.017869681439107794
0.1630394218665004
0.12116358309478129
0.02885738251621366
0.02717586146067329
0.9752431234274682
0.027615290605174807
0.9494821140367588
0.9847592972149859
0.8879320865984739
0.04109427197428095
0.002422945429129489
0.04420534365270759
0.008770873543922955
0.03162734253500602
0.10317694139525277
0.957314620883437
0.8920525045907979
0.8399394226592193
0.0021532461270787288
0.034089046964719816
0.001747044214206494
0.06315751933884987
0.9023307622260884
0.04437491905325747
0.04200507075765661
0.9456013722250832
0.8932655076595969
0.08455272520663054
0.010613094591067051
0.017029401139382637
0.0019083443850248997
0.06958022324386637
0.12648933005967536
0.9606149972912134
0.007418856632778911
0.05187791859984762
0.029826752675700566
0.979098362799134
0.04040795356060062
0.07876965121848946
0.9859895306680622
0.023263909649719167
0.046988947904723244
0.015271205617624316
0.983811459013622
0.9897611320395949
0.9355754768058199
0.0482971913903668
0.003792290958876643
0.01731748415898158
0.9763165661970877
0.08056469401301165
0.00908073967943744
0.03650832883237612
0.0023157400062549815
0.02638079575546455
0.002406234822709127
0.9792130241042217
0.13712942249480664
0.015213990450340196
0.019834608214251693
0.06516653527008913
0.00455952231797097
0.9777850266589531
0.9848471851816822
0.983198613933458
0.031523992878349893
0.8855138023992506
0.03945456268462742
0.010515854359281722
0.002286953737815011
0.9871950650506511
0.9736438916983831
0.8895490454591533
0.13624861439992744
0.023575759359987188
0.02434655382311912
0.9776060123673554
0.07880852317817058
0.022247863063017483
0.0309508215810698
0.9830417219104165
0.9456615664017208
0.9505953659654961
0.0225258777905588
0.01951492031771218
0.0037509195036187987
0.011081798710702983
0.30273340605843785
0.01902096430436607
0.0208772363675002
0.05009840380034654
0.012229533980680288
0.9414835653889416
0.9736293675824367
0.009982324129767644
0.03396359460251532
0.9193200763382889
0.9882909183800613
0.9826502210833808
0.9457490901494287
0.9558642082553973
0.9662589448987081
0.015378460177311138
0.0679048179085477
0.11052501126363252
0.011661619279615218
0.05115011787448076
0.9825889941030339
0.02257000605103699
0.04012326697667105
0.01832791688509216
0.05142244681502289
0.012692757800549773
0.05905362970660461
0.037170643669929955
0.01829209654189893
0.9741206005447313
0.9270786507900153
0.9265250446166148
0.103102192204727
0.9879487221882772
0.9191305965041204
0.9380600132759797
0.9171848230826793
0.987524007996689
0.9229570451908592
0.9852578913835148
0.923147793104662
0.8918347808547267
0.026178835661144383
0.0410756847468826
0.026818251382839844
0.00835950074557734
0.0016022207422041678
0.004165604537260238
0.2531210339551415
0.02391623230246362
0.9087033400072091
0.968925503434412
0.9394346992437856
0.9585943055463741
0.033402060886570904
0.012375114624926294
0.04122628799194046
0.004459837925202321
0.9231505821686726
0.03808514963817126
0.10414994261783846
0.04208756677601097
0.01641154613833336
0.02436748961111164
0.9688190917749174
0.9522211661073661
0.9746367789904486
0.19654301500372232
0.6752352301185092
0.029644033229528605
0.03614742079576186
0.01602366518367584
0.0022577743685382973
0.03763292812907682
0.00235047072593527
0.9615625435919535
0.923390591207506
0.8101529980538918
0.9264221944706397
0.19352304609558327
0.9269272296150476
0.03218216138605763
0.8776148339374817
0.020465953022883638
0.262320431665594
0.009031558758240197
0.030101036943124947
0.02657877175198486
0.01236956899266258
0.004936363339478181
0.9402799253050182
0.4293796970270893
0.03551697737060234
0.02718020146080077
0.010007318434004913
0.0067869992951780835
0.08392878508376546
0.01962494944434804
0.008537610830981781
0.048449110168314734
0.055480677313858126
0.06539348046344316
0.8749069292722511
0.029803898905956912
0.7466679127549299
0.04957541912525341
0.016390161198543383
0.97576111845027
0.9646180735499446
0.049122199705095085
0.21875492725869156
0.885179202924524
0.9768178460606638
0.14422396829295103
0.9607206730870977
0.18844318185721928
0.053817794793888374
0.011822254973966072
0.11765332794456111
0.07514146109300111
0.019645130364424532
0.11150434568788513
0.0032503345611663297
0.2737239518184728
0.20275368422448292
0.9877128901525103
0.29610192587220163
0.05924700883542384
0.6350788067813286
0.8774718087341895
0.463443887305057
0.021591695769114135
0.13351061983489368
0.045689739443995445
0.19634872108755072
0.014541069447223184
0.008737785503700034
0.12949384901087863
0.12335659669696797
0.9336578198269913
0.053576335517031975
0.14906688204384436
0.8708945841892016
0.08355412221704346
0.012446525882427052
0.8697378095342461
0.026581924569101936
0.9253875746698487
0.009887374432818319
0.08098580481278843
0.03152385475397711
0.04010197745999337
0.7499511639283809
0.9861556535915864
0.8297758956840785
0.02986225146697136
0.9544138412102234
0.04209883349078328
0.9684690441550675
0.9143966408020429
0.04595760405296019
0.07259428561705471
0.8103437706814501
0.8585093021621525
0.12498313300139835
0.8356239531240843
0.08686960532036492
0.1729989453833687
0.13473090593409054
0.03667307783427936
0.11819174543870936
0.06876901962158867
0.7101783537468946
0.08150794689183724
0.05100567541572951
0.02648439746241224
0.05217892873345905
0.9525920043902121
0.7595261488875839
0.9092588334600225
0.10430687654552195
0.03159413913256503
0.880862661011729
0.029039846400565006
0.2314718628111233
0.13547032757271957
0.9866519437898637
0.16613841682982403
0.03157771769841732
0.005808268889793904
0.8068827996362186
0.010270857996136385
0.02285199739844126
0.9037239493045317
0.6201962889076373
0.158570455360139
0.058579351226286075
0.8963014498911296
0.07082513018400939
0.9411537718433649
0.8388361599220447
0.3647429452937465
0.9941134870795529
0.9794915971657772
0.9755673994645916
0.015156913739729452
0.02008002819619268
0.029328896079212293
0.01557854413045306
0.026842922521970142
0.08886875243705736
0.9890430821574767
0.9143023366736065
0.8888585621358465
0.11908150560030721
0.016579602713237385
0.053925115425563615
0.05212971772575665
0.14308462443424613
0.03258118196269525
0.963050184321249
0.15289651552354122
0.3766654499509959
0.9520723325320799
0.9140883642525937
0.01963424510488854
0.0384746733876925
0.10024385374935468
0.17150517497388107
0.9924544566286718
0.9885046489561704
0.9749355291290617
0.15521047729721285
0.9911012220586018
0.7651171801016984
0.20207383843601323
0.9505940023265309
0.10802862416100983
0.9838632431232709
0.9499271340153806
0.7564688216735573
0.9640580604314827
0.9067159405720763
0.9483712655044578
0.13350188140434643
0.9264554588010756
0.9591618541002906
0.059078391872540416
0.04774691909811165
0.04783173652690942
0.04158983792810292
0.1695974604015739
0.947199498257891
0.04182490141168235
0.1444020691050146
0.0766486930536917
0.05552380246588417
0.17281390919801498
0.08511733415131106
0.02543331557387224
0.03334344601918162
0.8656682157947176
0.8709051210816491
0.051396990815426036
0.9367138179460438
0.9759776387969542
0.9710991962364915
0.9832101577899315
0.8104248875759948
0.434278784654315
0.02974907072417524
0.855373297728691
0.9363870627308551
0.021212444388414763
0.02478031802620031
0.9698550802791691
0.9740644003437782
0.9921915174301815
0.8370336570982843
0.980842542534132
0.9887094306403797
0.9607110142489137
0.974825669480446
0.9865610699968531
0.05524936176809504
0.9842473153134644
0.8449170224822693
0.033568456273352816
0.06263614387438302
0.052448359398900024
0.0032607160085699606
0.9092164202761492
0.6565615229023677
0.5788637005139795
0.10514920580269764
0.3073960522445957
0.13111902779204612
0.023977545448889293
0.034483580594406656
0.7819479282193409
0.9810535897853103
0.9685809207476931
0.9839718781055049
0.46858802129432214
0.9670816119098038
0.9824930091307855
0.8943707059795357
0.08729999385266529
0.06200073631751644
0.08469848220347284
0.16563199659466993
0.072951976939929
0.8577561008341189
0.025656931365549702
0.012257448946133162
0.8019818589094535
0.9846836178983966
0.9691283480704841
0.9723093882888885
0.9872636134342023
0.9505057389121305
0.10138568926417967
0.9848533274844923
0.9834896350144483
0.9891032955112448
0.9631861152131767
0.9789552505673952
0.9805588967002564
0.9714742312871147
0.021864537354992566
0.004102470998127231
0.029820598085310082
0.012191517920340511
0.9314689620301472
0.9707970832433974
0.7434198173466045
0.07963524241435342
0.9733445882901445
0.007080306628802399
0.11014132048785472
0.9800557777796817
0.9825599026803714
0.9811991151219661
0.9764187362403484
0.9819891919246491
0.9525051769077011
0.9555029038056353
0.9428485195899093
0.9787076072487995
0.9775128454832307
0.9722067480489325
0.9876208451979207
0.9619860614770355
0.9689257348497802
0.972423659384603
0.9290064990659347
0.9842974978635156
0.8799078329632394
0.9913801739511824
0.8809061632038877
0.9116627406475737
0.14744646995620472
0.04556816933988532
0.9796784103117389
0.9912666879162909
0.09084047710545509
0.04147230495584903
0.053103023884479204
0.947562586595435
0.7805082143296789
0.8702939459504446
0.8613329085652445
0.9104472784006118
0.024943178175313205
0.8849424736055655
0.8885098227426861
0.9946579509855994
0.13903048774058893
0.19234836913022857
0.12648097429532626
0.181437318305628
0.033404011399899805
0.9391923707455437
0.06390843569111246
0.050200349897704194
0.057021198957762816
0.04570729213051745
0.1304432013655537
0.09692858076037501
0.021372441373012703
0.06662012142894425
0.9254720792855368
0.048096500233197316
0.15112385756218197
0.10321133622500998
0.1726366216072048
0.09330510171255038
0.1154456861286327
0.4570979484630736
0.06418265351897916
0.12322721321037618
0.9589882245950063
0.08256508673720839
0.01619720632482664
0.10401469598326567
0.12349315940393063
0.06585828101550917
0.06540811578815836
0.07762924350727173
0.020145343038544667
0.05853430378671987
0.1715254976919634
0.20111036629736406
0.11079274308958914
0.017082022033144007
0.9828897334359852
0.029883495009869688
0.011762423009150176
0.05857414905872127
0.15404665914654625
0.03413621855688695
0.11194109953497745
0.04032638351637876
0.043285855082059906
0.11923376974455542
0.02806324771358779
0.2391565874394743
0.3314135211754316
0.0655741087773038
0.01325218816387347
0.20851224797786339
0.020810264504213097
0.010843291750473532
0.02712862724510696
0.06652525878190502
0.9192407933860831
0.9526444146712112
0.021568062499059452
0.22240222382254932
0.04878192099732407
0.08052012173044114
0.15843848140504221
0.014666001958969886
0.05568353929204624
0.07158906702941216
0.027203023472342228
0.0636512328787648
0.018492558972592783
0.01988889091201747
0.1305588107772241
0.005006997660440218
0.11051090294915229
0.0291860337290865
0.023250917622631772
0.026471140488371948
0.03084848609707534
0.02879167367911604
0.036427028044938664
0.03571130386956285
0.023760710532097204
0.021895131391058538
0.8914047632946466
0.035235856209947174
0.0373027592179467
0.07451962177197452
0.007597447078229605
0.0335540367582805
0.9233165795653884
0.22553027737172737
0.08052605284810434
0.8092208135266965
0.03688091194930183
0.09075551667978352
0.8414177647458079
0.03081868124340536
0.8815911378507555
0.03243843947412046
0.012579731404992103
0.952609306145611
0.03368764322180909
0.0346504271384273
0.8908301691408151
0.02946263130722198
0.016296522416150594
0.7989122993435668
0.019701229494834233
0.03038165890649359
0.16587162564889352
0.03787422159345539
0.01461344085691707
0.01971179917160628
0.05329346802972619
0.032779663160932025
0.013931362731892378
0.03180400991338389
0.015289430983901002
0.05627635137077172
0.050425975232864566
0.03497020817188023
0.9863361070254582
0.03049992443731329
0.9684731753714431
0.3302182928726184
0.1773668599333933
0.19199620427793684
0.11254492928505468
0.9017105673903856
0.8706879284282015
0.24791298779540444
0.9871529960773116
0.49589317511832454
0.7538767671368309
0.12043316943378297
0.1793967553019326
0.08620006107110564
0.044953509228068816
0.984379459675863
0.9881497430394749
0.9841317892206437
0.9760281708684634
0.060646763995240376
0.9609838850628096
0.16446051240923998
0.05762946180067542
0.08262829337021903
0.039374417358179314
0.08443881400553381
0.9446590060670805
0.9792358452138287
0.07270212816228463
0.885283917071973
0.02415747625000677
0.04802602186104427
0.025405434311941495
0.03936293325664658
0.9735174260208915
0.9148972100829291
0.8955974878381627
0.13179641519190777
0.025281325039886615
0.010952407032164227
0.17198130838215578
0.21154217805580475
0.9789266079465269
0.06974410609671426
0.008013662923734328
0.9688016893095971
0.9795836623097021
0.007977548167288647
0.0768719656944562
0.02375011602101907
0.22425421571164503
0.9745810768488452
0.9837025977877072
0.9323005230870753
0.01683075728240924
0.9408871527430639
0.9516922969723648
0.048415245595425316
0.9810047306263403
0.9683593283607651
0.9773778045633046
0.9563673215991672
0.014476811999765797
0.9668147689738052
0.03570335140179453
0.006359589179321283
0.1904369546663175
0.0936778483600874
0.2379286591344437
0.06676741454443312
0.9720176725718471
0.16086707322551735
0.08349769088372264
0.13732444641779748
0.036542222663603754
0.10127261405728731
0.25974667626098824
0.10276072506228785
0.17548140183160643
0.141916961458984
0.027895737496562573
0.03865606083641973
0.06611061000273329
0.06377721214176132
0.03807848295655015
0.035273071760919116
0.008320280617638245
0.05843192794379141
0.1783140544799063
0.08136247317069498
0.9775514940435287
0.1425504443660778
0.009917649588466098
0.01945493059799795
0.9600272032956297
0.01649625475013909
0.018376016970653566
0.01974600540918836
0.006226800864936928
0.027842072847009264
0.020946054942780026
0.020300523937213943
0.12074830532828083
0.0029909750228851112
0.032220028084540046
0.05991125960922282
0.018774754828411108
0.041025806682648124
0.03882249756298029
0.01196675012271604
0.9209963752430836
0.982588402369623
0.4803968660997274
0.04921061840971502
0.013504975745672809
0.057079384501378096
0.9860769858327737
0.02625685986832165
0.9674164999107284
0.0817102163635774
0.10715277589162116
0.13613273239743093
0.008843382662317522
0.04901145539943152
0.9858028317015174
0.9360598147901079
0.9677052065708136
0.9539948733461441
0.21592250218417475
0.05633430440647684
0.44112449641465307
0.09208832068893755
0.07149437857645063
0.027309950011977314
0.036686815652243514
0.9718796605962443
0.9633050174328902
0.9352041791005596
0.05281811150709424
0.13702228230177618
0.9870273661348604
0.0597348289492498
0.9820786193966962
0.9805992474769784
0.07396247039175546
0.9822766269432045
0.9758771261659929
0.9689048391453466
0.942191512777468
0.9333024271635347
0.11290971497877557
0.20897545375939877
0.13236996985554358
0.05026607474036995
0.1863090285159698
0.3095800094154206
0.010303153922620625
0.04265854888479771
0.011639182380333141
0.09134344486635075
0.07927489687424628
0.0480642787431987
0.046349473255682484
0.028957032637171618
0.012237034405057136
0.07193892859832347
0.12009711436081379
0.12592762928162968
0.016735207309552767
0.05747214655557588
0.05647716416534956
0.9903248859604247
0.9836528032289681
0.9812929039907727
0.969688706226735
0.007885601159806384
0.1470272205728119
0.818434821428968
0.01222555538527737
0.02462061683031974
0.26471556958083375
0.018357963070832498
0.12481938930439625
0.13277163125014899
0.0299788770135917
0.027216125669713712
0.14548656152629938
0.9907053191892752
0.990568343008169
0.9851925061959605
0.975710098628851
0.9561148048341057
0.984751890050035
0.06847302485940271
0.02303132791008363
0.08914838314512671
0.41103505674895996
0.9731167499690742
0.9896966608919203
0.9743312131252493
0.9859714339690986
0.9721440581179248
0.9755740611858087
0.9767546649201752
0.09506353414965554
0.12090520517844426
0.9808078002552243
0.9854981959090746
0.9257836625214835
0.12804168639503327
0.9885061076685557
0.96859233191085
0.9193482425117361
0.9591761819575639
0.9489733474037223
0.011568327057664689
0.9820550492173166
0.9511256186911419
0.9201643138695742
0.00988772511343783
0.9823656160051002
0.9852230890642524
0.9690540147385149
0.9108706054401557
0.940251378126228
0.021108308898993733
0.0849651570778994
0.9803329280694538
0.9786363447918982
0.9163173792065997
0.06159036713243373
0.2177077313377446
0.07476730149966684
0.198371594842904
0.12835067824053914
0.031971467693989584
0.32054196592043505
0.03698448360970475
0.3883564546762632
0.809646176597696
0.03490299024179904
0.05466143410162382
0.15194524278434654
0.09527662180800771
0.14655378472338154
0.9823385059193604
0.07902782429866233
0.027873324278870192
0.06440077538879106
0.2950012247527244
0.19182110063825836
0.1184631138818346
0.65084148558233
0.07418441007438811
0.16312407545815505
0.04553075021548215
0.01579692512157325
0.06903802144552842
0.069268683123086
0.06434970472078824
0.009602338599701709
0.09830446235390282
0.047100963532019445
0.18157236023247053
0.08293808440502466
0.14776084671451928
0.9448046547179945
0.08424221928206967
0.030283407654975752
0.1028718541315131
0.02100739584559579
0.026686714893405905
0.0467859788178195
0.05935259510643249
0.050428441225724596
0.05734952402273391
0.04130013126808662
0.03638389015101797
0.2778508006454589
0.10838711555468768
0.04861949172114538
0.2960819713870511
0.073355493749684
0.03084576352656679
0.005263621147751871
0.08798634587130755
0.06691953004590913
0.03862121633521648
0.009788865939879246
0.05803320534872014
0.040260237467779826
0.019860396949846627
0.07390518083471645
0.951258329719213
0.346483811917459
0.19958355516304033
0.12769806113355156
0.14164758959482612
0.2987563410574362
0.08023724030359156
0.016785745589652446
0.698195804388439
0.005634448256029052
0.8716836288561607
0.061083903057018454
0.01570031570116685
0.024897577858323146
0.32383543893185734
0.015119976525699132
0.13239987071226753
0.4742282379759043
0.15861526401573178
0.05330887233943783
0.9424201339368846
0.02596362391692793
0.8480485401591351
0.015208916745019544
0.14447775453805456
0.03160566002168193
0.027370589962002645
0.09144906776982067
0.12682797712068852
0.05478800550253396
0.007771223499325975
0.02429319510457024
0.07946765001211499
0.08935488010698917
0.1174213363311343
0.30118839716944834
0.12534312851565482
0.15955766634126137
0.06049033083633856
0.03149415369589851
0.03084960026043596
0.2037135916033684
0.018779873486572524
0.13717060586469865
0.0854249810585569
0.27144869240713426
0.1672506118374168
0.08628795063233462
0.03901866468384
0.009409422773773633
0.08061113632699632
0.11408374625726407
0.14622495988427256
0.10719002860081396
0.9630584637029452
0.05333004082763011
0.8410019033574093
0.14280695519983977
0.044070923375528225
0.11815697926026746
0.021674225065754647
0.025611852200149204
0.1073284656200919
0.01670147635868734
0.15372059491700218
0.9583378861755653
0.0036759368550523808
0.019596446656026587
0.002788270939602934
0.06383936803075017
0.11453636847833253
0.27806398178918296
0.010964399006374272
0.9652894593251373
0.002427241849626642
0.12955523092313714
0.2724425637090876
0.06172346091867707
0.0486672929815396
0.020768365400138437
0.866522465212431
0.10532265457571943
0.05488205934272075
0.04097555278955089
0.0077144456645684275
0.02327795342252347
0.011946114100060795
0.026777580717590416
0.01958077290050058
0.10526946129228153
0.016842713035875777
0.9350507100149643
0.04849329191257914
0.024317477684398257
0.02706451741773619
0.06519528214988783
0.3599445492641874
0.010912315118643604
0.05309479844339979
0.050781204810899934
0.1594826756306829
0.2563325243793567
0.030123013198503277
0.030414379919432036
0.08376734977129104
0.13102196128751875
0.466386157932407
0.13290248363212884
0.296328062448674
0.5452546634021852
0.10472631938141679
0.06345290720723144
0.09329560275798916
0.051752108847409224
0.015367363156139112
0.07694473662610578
0.10077746105637465
0.2851653377262998
0.44459272000506983
0.016086840181044608
0.009723723669962053
0.022908902779591213
0.03076659058162941
0.030708786055715736
0.11084191709528346
0.010457920565520279
0.15849777365733148
0.05816144632716356
0.017596764578002817
0.03490873600485562
0.04114388650560998
0.9162649011582873
0.993435829106397
0.498392144019004
0.045628553376295594
0.3623990404091916
0.093681381115545
0.2601943222518808
0.776930187134527
0.07504581121740297
0.6420131138792181
0.1120539682723533
0.15805948112228863
0.05976144317119443
0.1601517510997601
0.006132010065352612
0.05420528097768602
0.007036723747138843
0.1598010575990389
0.01851196369950245
0.11664811202942672
0.08971602627641055
0.8289893118941675
0.12264159893439978
0.16165115072840758
0.07378402208986669
0.08109645841398727
0.05862861560642741
0.2064364522799852
0.14216148302755538
0.08392906173234592
0.05457841408659888
0.0714625697126286
0.00784838240113569
0.9068802742948027
0.01825316013283493
0.0389747028287383
0.06009071420014447
0.9550665486488337
0.018578237723659245
0.023275041852040445
0.007460632671279535
0.026358578069664337
0.03297300631259312
0.10323479982201947
0.021236677204783987
0.06972554213013417
0.023098436172421778
0.03386510754059261
0.14837846800166354
0.007804553593409596
0.13681555307179155
0.022760885303112564
0.024146656271714254
0.07184993082254967
0.07645559005604359
0.1639413068747014
0.9123511578150323
0.017269826831893008
0.011488456771894915
0.012512487373541457
0.015653727210245848
0.06576960104737203
0.09372647833545199
0.02475721020861565
0.08203931715026107
0.023063139311547676
0.033671147397388766
0.020595231657982604
0.030932065597158057
0.03128521844823602
0.1463474958919229
0.024100055812596565
0.15269218647952568
0.03835493452039668
0.03290254371219166
0.027136417820514704
0.025276987773657736
0.03340199333011836
0.04830180950984863
0.032283750440477356
0.12378399358947978
0.9816906518686752
0.08732436105577998
0.9836263077598639
0.0589615666848731
0.041839284895171
0.9580055301774869
0.029342375087615728
0.08907778973285603
0.9766389918497114
0.1293865511835845
0.13733202962831526
0.16212980373654196
0.09923626144378687
0.03672502545380591
0.04801174158969527
0.02067869512186388
0.022381472981412156
0.051186057480520776
0.06653005431667587
0.06616028846880358
0.26270057842051414
0.01555454772076989
0.8838207025722807
0.020399942178080815
0.041230804923801885
0.4418048592195134
0.01498683830598964
0.017647823413273648
0.01506505671095903
0.975532612672627
0.1226905473480282
0.02612395774238017
0.21873563802971094
0.02297537356396716
0.06902590900121178
0.046797961439047006
0.015158577724288807
0.05080879128580063
0.035021265032696286
0.17168230678390084
0.891828938676464
0.020377873531076285
0.8548337951585968
0.013951120814741655
0.04253938044478247
0.02204425892106931
0.04070860624155842
0.015649888187084907
0.911710078430879
0.014163097741192706
0.020023936820172887
0.3281457127724767
0.7113135868860692
0.05260412261583886
0.015632159174410694
0.8314097003914482
0.9811239898067153
0.9616374871525071
0.05882191725287128
0.14703292959899722
0.10220383538718569
0.008192739009377416
0.20858786736085103
0.07437260426853652
0.06612410979282606
0.17532678012136763
0.08247646341118195
0.06272899497712289
0.12726793862401375
0.9840158306851039
0.9898186308466793
0.9573384881586716
0.9839624217284473
0.9758450561013602
0.9928441441740281
0.981649217763223
0.9795187257497316
0.9438459189526008
0.9952444375930162
0.9627566471082184
0.949965938599799
0.032935089885169716
0.1301455256560436
0.2279952402459068
0.02852694226440409
0.519702195243117
0.05322723390570616
0.08335495189719479
0.05503107473258758
0.02253302010932581
0.04885942020483472
0.9504472386674824
0.7551724256209711
0.10302618596197158
0.01713808380418743
0.020099793515082672
0.017400700789491068
0.2181902860495402
0.015427160788913681
0.9908132392975705
0.08070419914710668
0.15054751717267498
0.006012171323697637
0.036206461976840375
0.020875550390523672
0.03832376674571494
0.23320723757683748
0.15867130817276728
0.046427095052868086
0.018257943914226388
0.006475254051849971
0.09910616507877455
0.9342151890195903
0.9429364251319431
0.9540198781967545
0.13664070821754806
0.21315022494609936
0.19214048962134825
0.08374334079010226
0.09363367514147244
0.02292916978157874
0.763486038537589
0.3433618766504217
0.013025834519507798
0.080515023832157
0.09682773756797576
0.3956828660766638
0.024106663670586146
0.059265247570284056
0.1206843209621144
0.006162952005226765
0.20157816648497515
0.1612953640729157
0.7704710720985244
0.08345613543524959
0.3330489095841939
0.012013502455074572
0.804678007069411
0.15180088276006234
0.8205813149411526
0.9848033326480159
0.12827210661367908
0.03082952836654055
0.19606032864694872
0.03449369446306467
0.0696735053420057
0.01879657340507287
0.9746768140134184
0.02627891709533077
0.023400000425589408
0.1782243317757148
0.09847259157883965
0.33434757804628584
0.04153196985500779
0.008669558625537957
0.3719472194580824
0.04357732933577304
0.03748025751524061
0.059747620272080325
0.04024665665992426
0.368059701243168
0.8720334991746862
0.0035605622745660498
0.029606234904739535
0.019687648191340414
0.0352441167862557
0.2038086834397719
0.003964292376494387
0.08115658252506436
0.18363064741764715
0.016958796793653284
0.02295689512178411
0.05058844522597278
0.07603858812412441
0.09998799160425832
0.008397690175305422
0.0273881358580826
0.03262974838309041
0.07093339558310352
0.9339124095989927
0.1540175579686162
0.3843579804117642
0.02086638881287493
0.8644736987125193
0.012897724015751792
0.45283230768880556
0.10981922618219457
0.9743703206509381
0.44108752273708896
0.003467767473233847
0.026582216585941648
0.014306576079403104
0.004105604799217624
0.9780387534230176
0.007396776256968488
0.8995971103391216
0.04821542222164488
0.9676104194802234
0.13600798603054595
0.9883166778898117
0.9874843303263027
0.08481329306308508
0.9692069382152906
0.9843821693761676
0.16828865970195128
0.015559199612116815
0.8423653740620544
0.11437336195061777
0.23155849070792822
0.06936533849188367
0.9755403773417736
0.9479856743256106
0.9456367647681333
0.025132401117827254
0.022233681639579728
0.21402770775726435
0.19371108244439447
0.06796206837542847
0.01391815689035633
0.9877680641853185
0.06341059800210595
0.9502891786661372
0.2530816126094703
0.025204110993960624
0.2827957433901422
0.9914719546033918
0.9736770060767072
0.9900147215279731
0.97969618570104
0.9850210718698063
0.4306270136785541
0.976269434142096
0.09205940345057359
0.988838548398672
0.9724430517296718
0.9687227059283153
0.965100154027736
0.4486776761599792
0.9803861432386901
0.9453182361387024
0.980064669539437
0.05507029999604656
0.4084034902028407
0.07672829747053693
0.08603875852645788
0.5058216042334678
0.12385966519749457
0.12548304771282032
0.26899048198929154
0.06747454371097365
0.06615218352609298
0.1728945987424162
0.7107349346268973
0.3978055150983878
0.05188291099431885
0.19130104767326295
0.08629823921948095
0.08724565157857887
0.1387446337850275
0.14464912556442117
0.1653528854512039
0.19001682295578512
0.06310597648122572
0.009813457011786207
0.08243557422460522
0.14455788968540884
0.9697283392927022
0.14270936437684162
0.1296159816615808
0.2783500878873993
0.01917293750229379
0.07335301903098725
0.03764469087272287
0.9188880864632539
0.7248463957438179
0.7868687304091326
0.7883642455234696
0.09245596605803875
0.4392477998596223
0.017244101973609822
0.003836782777353371
0.029734562026321222
0.04330433322529188
0.04262897651825856
0.1528450259802574
0.06722576214481407
0.9496584032719876
0.044263598335266885
0.969307406815148
0.9420304803033619
0.9591832812443846
0.029750798616780483
0.052380954490331144
0.030769047735988316
0.03756645791875188
0.026424652794006073
0.0871713730447676
0.22260279526373863
0.2431739443387884
0.043144535882252116
0.058418124520829194
0.04113432569478417
0.03139204588155753
0.06397046467106085
0.11741628096642072
0.03942380257209252
0.06654653893443943
0.15214991309039233
0.15272834488997492
0.19003525955815778
0.05168766697254989
0.002993974967268164
0.045982751647334376
0.18131174209669626
0.03995142957972473
0.0718457159945981
0.08553998873370876
0.041041158713536044
0.03227380884082069
0.023158564172255217
0.015292407757505245
0.9405991110492199
0.12083655396319219
0.019568291898507513
0.037269384668348025
0.054199796500758804
0.9717686540162332
0.3066827741562479
0.15437316749736613
0.10198171174679861
0.07068859851129387
0.42831835506884536
0.01678501045057956
0.11558812925883961
0.9422487382830034
0.10562280984792526
0.005368999811124654
0.9416189256178688
0.002974280760908248
0.9468187586574802
0.9476033543659371
0.9854668873823829
0.9250813800593266
0.9387515551872332
0.08252460923147115
0.9248086711817417
0.9039829035634207
0.27599912567392565
0.009891660811992718
0.909132979109422
0.2086050262642329
0.12885222708589528
0.9584812642315784
0.9811551004313662
0.0780324199620602
0.9410345074180194
0.02742110171017929
0.9739271272010197
0.010874291379462631
0.09476737385838777
0.09025112692205257
0.9130331460731544
0.06887041543754639
0.935599208922761
0.07597547643572648
0.13560340291947498
0.12306914568279469
0.2442329237335164
0.3531425789412602
0.16842194749380998
0.1193140574257957
0.01764438262472426
0.0838506231168864
0.3877382883209625
0.10745722309316534
0.4774063127432517
0.15212071997198734
0.15070546432544918
0.07788359423368618
0.01157574150625157
0.13298939142620186
0.13223392935730952
0.15672705515923557
0.10384329073406459
0.19225115049028924
0.11914708337937564
0.2215103333063172
0.15779183861165583
0.04430778206826153
0.09824164435371771
0.7431920339813731
0.08648154597664492
0.10596765715731889
0.12849771363145254
0.9617639370441822
0.9557301702213062
0.054291771569208655
0.038704836186591714
0.04191586485376684
0.05329220504261653
0.12566540147564997
0.03146798028958248
0.06524302074407555
0.03540380835931498
0.07028040494450438
0.025241292702063153
0.12154988180110854
0.06597963917524662
0.05745577973841799
0.023349708105722372
0.17142400700276475
0.9644073983267979
0.09686687752650121
0.011628259374057568
0.02040588154335704
0.012881835931863787
0.043576598057522314
0.04320933800531498
0.061316715464447086
0.2663238047777682
0.139401123345851
0.8038448755861514
0.18708682664377857
0.12278755724908968
0.47229356045239174
0.004670245554502353
0.35653876671804513
0.013816215886253168
0.9739039121825355
0.019935155061265693
0.18187363457595881
0.16512743618173267
0.07015215533977642
0.019587873495347533
0.9487898358809317
0.15826023198341263
0.277111072133622
0.33307704044139747
0.07184549683241698
0.13384130307367548
0.035801784007825035
0.04769914332881654
0.029425186134460324
0.9684951088541536
0.2362476582579796
0.2768388352484034
0.12121649029818482
0.045468249718165994
0.12519972699825613
0.9689093260394299
0.059869138256467086
0.03988682465611617
0.041544250521945665
0.00929629992610969
0.05133267447228827
0.010031639156348025
0.004021255481945096
0.009323632325183765
0.09421462766689087
0.2033239806310158
0.05442903674487361
0.10239975721995008
0.35832335947971766
0.1860558701219147
0.014394488898748208
0.010792580828188
0.08441386252162593
0.023031683403619458
0.07244099088425206
0.31404298084558596
0.01625999159323283
0.2970172197072323
0.2641918801131005
0.9711546699463788
0.08771615465501698
0.013852376651312307
0.08567838275379924
0.013843484916879787
0.3104776796537823
0.012694636731265559
0.5425434630244835
0.29345661419305646
0.9627925572456594
0.01526493651202641
0.016206662319629816
0.004365790462035465
0.020585261599618418
0.05378584239439638
0.004745523007388131
0.025541336596717167
0.9647913238862215
0.00843523076162502
0.0719124290104068
0.10491665776268344
0.17359600335325914
0.23285253306024745
0.01568232777564288
0.00791415281200862
0.036634183077078934
0.0387358153751497
0.13816742931894344
0.02390218458619211
0.04880636605077358
0.07659498305829011
0.09670594447232643
0.46399790602289503
0.05012421312014208
0.2447085548988427
0.014544771525513474
0.0659464403428983
0.07436956721337644
0.07918129733088176
0.0698977118006786
0.3116637620872114
0.5329108932731724
0.2727941530431132
0.2691191104086014
0.14145002531571535
0.05712281349749101
0.09835178976869564
0.02365625125406579
0.8055572792986839
0.023076911817621306
0.5308838629910397
0.04683391168770457
0.29320349660753625
0.03371468066999145
0.3959971259279898
0.9917800209055544
0.03366560886672025
0.046229675060925644
0.04267170626295996
0.09914852209858396
0.19874494620023467
0.03237000404787017
0.04283090295184399
0.07930439521997562
0.08418424644446061
0.061636485211765735
0.04259523500205853
0.16016594995943853
0.8423744294696504
0.10176524937218832
0.4887154759991402
0.045749428543853735
0.14714816913550846
0.03474082819916702
0.0969281799625226
0.011765616775366921
0.26956383735815687
0.9895736907332257
0.1210766631084204
0.005989086578420504
0.9767927158642111
0.08941731325657323
0.2110100766410022
0.2596029296838397
0.10799304804019562
0.0664269003749343
0.4474578130051405
0.8727866618594088
0.005793980483346615
0.0030706269455551354
0.024712286261959857
0.016953430885284122
0.0030112769995771717
0.0017845271298564723
0.8747601088742913
0.031861885102275916
0.005418276013977585
0.005536162568261217
0.013835246303972395
0.0404016219706429
0.03738087549396942
0.04850204278529582
0.04285846869803677
0.10203826068971586
0.009729570643789322
0.009685191223854236
0.01739450635948666
0.004953092145103784
0.00631035072530302
0.018769510458770938
0.9371541207272143
0.007236207460219889
0.05241641480540572
0.018666129350223295
0.035691424099094995
0.009222789066758571
0.14766652213822618
0.05496541088876211
0.03227854561170269
0.04384869332286722
0.036188205779887336
0.06469084425714262
0.07145377383699082
0.016850604722522693
0.010471682567934355
0.02287804853951175
0.04611399315788757
0.1781030052973935
0.006979003908370558
0.13809852419202545
0.012720945632924757
0.03018476198956981
0.031282538992788315
0.05074131081800801
0.022465298540961867
0.030851262987306956
0.031870047886048886
0.8475538009636833
0.001580260559136421
0.0045330503627754835
0.04405945460912528
0.021856486045940798
0.02277722304764618
0.03310383161774123
0.018840760350808918
0.045711869389102294
0.04340328021057694
0.04754156852748117
0.022214768091984676
0.027176150752405676
0.01593407577552176
0.021013181439348168
0.015104042209551237
0.0038057373482266064
0.023142813341108497
0.9506706747499785
0.05796610385236582
0.00757374951948995
0.10151534470844256
0.021601452486801485
0.11939237301312078
0.15963608336329335
0.09583291573810943
0.9778059467116844
0.10820821586633556
0.08411468211726834
0.04971014221255821
0.9332991417311353
0.9839359460183739
0.07249306120851144
0.15026270647278842
0.2731152773431552
0.025913446585332043
0.27083660118274966
0.04930452833586952
0.03888495344044579
0.04035131461975983
0.04334290736939847
0.14776156069133622
0.056174736151761606
0.056067409199692664
0.22777227040568054
0.9462711850139698
0.8811513516983278
0.07457278025676933
0.26259599137605955
0.03914811719252435
0.03818031282646519
0.18402525571336373
0.06537573397492151
0.971201550158606
0.021895564741139916
0.06956129680032216
0.22977536217957734
0.24441460465987075
0.016282233528170827
0.039826917589594314
0.05497984329767535
0.9442727378878992
0.018251108660918097
0.006731232237716404
0.09989986784895571
0.07336991775785784
0.35846184399195324
0.8886069623069619
0.04797210576006638
0.012568701536187091
0.008065389662422304
0.00823087042031559
0.02205660612339663
0.9845125778612303
0.006783640567557448
0.9391167611077326
0.9873544205681963
0.07573636911927849
0.30742538548678555
0.08654992498677416
0.18113905778341566
0.0718509243984592
0.009339753580931342
0.18772771827990423
0.9594087016376095
0.9708253955952401
0.030644778306378014
0.05671167724548313
0.057044485718422626
0.02950083181259461
0.9631951167087728
0.029429313386943563
0.05661094618225051
0.014102401056923177
0.1734156012064538
0.9424592572196604
0.09213335785968839
0.04396219641069379
0.05272635538221226
0.4538899920544096
0.04981800557442307
0.028576886367212822
0.11226584839679422
0.02886123041076106
0.036216768953019354
0.04989572779729914
0.11498453055243615
0.1111984635794139
0.9793309090355248
0.8469561575176142
0.06524098264500298
0.059131075395106536
0.0047309970383665415
0.034606360464759754
0.07390781733083207
0.13706573385248322
0.11800426472214008
0.07081924260973187
0.034120893464641755
0.07722084025158389
0.8463145078836501
0.10211673195039654
0.07548577914505238
0.10304885509601242
0.11857900444654935
0.17008468178530395
0.0724880928939561
0.0924785288048842
0.15430975176154424
0.05444626629210673
0.13590536250905297
0.029500973129628388
0.12546577722677182
0.166781130199888
0.07108884394683386
0.11006062078411499
0.007929859227626807
0.10292314268500626
0.10564123062312461
0.07636525478855924
0.04605618390087519
0.08404932747107081
0.0803297443938978
0.036621302035199345
0.27359510402205345
0.05503255444895772
0.6303957126188281
0.08787356528925461
0.16983443456026645
0.9151298338274858
0.004958165498924409
0.0035921399815466064
0.018548333837591024
0.05026627814337494
0.07705086567522601
0.007071519280837943
0.039391935927882815
0.002269374472550026
0.029803945394927204
0.00221565566092388
0.20654979566103715
0.16627548407538126
0.734620356156892
0.05516663888915266
0.0864002695718133
0.02689002801646737
0.015594393836959935
0.06268191864912406
0.047582248755973
0.12288620635568326
0.02130548241101847
0.03230053903662748
0.2297552776719268
0.004146415945516986
0.004739115314791418
0.06558516415621077
0.04041807998676791
0.05751493407809075
0.15376800460383858
0.009604259510611404
0.06738106574772851
0.34890546563358177
0.023733041560138064
0.022851813943338913
0.06932586669534169
0.007341438013131394
0.9113583584522253
0.928114358284136
0.9207991324951161
0.0451232344000395
0.05838411240957745
0.10972661058521166
0.9559146461353125
0.07980272982452292
0.13984896196636365
0.9808958192789625
0.07139558537289213
0.5492506311300128
0.11746062197040734
0.6891886177985144
0.11747557736789234
0.06935714423705013
0.11525493534964691
0.08062941220879719
0.02491889864963315
0.034086703098812704
0.08598325632419673
0.12172639065706432
0.04330751358188912
0.09893746513734289
0.015235915036812552
0.06307729994105597
0.0025672485047815857
0.4377527376470517
0.07882576352871003
0.06184815895453484
0.2422156581513127
0.009791194042743052
0.08228919071425066
0.9677132863010599
0.20061160584046459
0.035931143708951396
0.04408614242391389
0.00890944013791467
0.02467946902718794
0.6819214016363485
0.0561151429265166
0.08340969257949592
0.028373494463206486
0.0209913166316169
0.06117905709593821
0.36035626328833964
0.04155264906441423
0.04990204006429371
0.05389004738189787
0.08052816882840239
0.06066276334683363
0.008605615499016556
0.025237917796270243
0.002449761278293384
0.4738980020704317
0.16714958795990917
0.0041810767227658295
0.04441494256031309
0.9521332218649333
0.05411960128163027
0.9623504070348848
0.706834981350251
0.02241604300770704
0.12041902491279612
0.13942270143299573
0.013105138744582336
0.03252585129639126
0.9215477473340572
0.059588784086360466
0.029882244218542624
0.06570879076161416
0.4124776717393313
0.4304692096534859
0.01659647983442499
0.08612919554932545
0.9543660603436023
0.02172966084345515
0.0032032552178233387
0.14976812783355128
0.03307780341866189
0.010861508715477773
0.3343293359946561
0.026389749241341576
0.17238398209368117
0.014744550150322333
0.18706156719324432
0.7698119496343473
0.013199772832473334
0.027935438419000348
0.29269721791641734
0.013193973310417629
0.03417398455806506
0.01335003524087224
0.28947541706602375
0.9211349268940832
0.01939269414126386
0.01824278114301618
0.2931314465771504
0.979427201240151
0.9793139407325131
0.9910048295525579
0.9656039363317547
0.08128194940886573
0.044138278927719335
0.04832807379439708
0.948262478653129
0.2525142410124512
0.04173291308385752
0.034358407842709014
0.004034139194901451
0.019959774952925266
0.06231358201686122
0.023223914529069495
0.929185176268016
0.049066715584537055
0.11593624460233976
0.07166593580429317
0.12835243459706822
0.01490093203941774
0.035825165861248544
0.016719061737613967
0.08802977878089435
0.9874346019870004
0.9854149438692976
0.9907179885859322
0.0072847045986758376
0.03330779623514736
0.013641727619829102
0.11913275255024745
0.012989239634867561
0.10913733684031474
0.984844970640843
0.012404771137417376
0.9869789716897189
0.08879072846724502
0.03373693617025684
0.09379182626754821
0.19070052364922047
0.968251066606091
0.07232294787800579
0.9667307946644147
0.0627758242141385
0.16629794785092764
0.19410095899688654
0.016574628159736992
0.10371962627020893
0.07922725296812723
0.04988497505688128
0.0757722788533636
0.08278128395201285
0.08982031725193619
0.9097131473740149
0.14013094034435153
0.12930118069124386
0.05205953232988842
0.059282359743357896
0.07172612247237001
0.00836233130347086
0.9698067322762248
0.1932742619637449
0.35772617966658493
0.08094675759930539
0.0553921505657248
0.06127736443763939
0.019538433248560357
0.06623825319206718
0.08384475796570637
0.027437814442764094
0.9796892983811618
0.9577015389473766
0.9680084655556672
0.9817969006096744
0.32589752272853184
0.5197861063780416
0.09980364788148727
0.0396322486953478
0.9496445312362963
0.051360328172355696
0.9544489456774818
0.005521556279868315
0.0271513140372646
0.09725409427028499
0.9710676183457186
0.12724057794951077
0.036230527002340474
0.027055753412654752
0.023761405333137888
0.9729179084531732
0.5978911057837549
0.009343662030375453
0.022565768326149815
0.044148980491722035
0.03588109341011294
0.15029023477864942
0.06911495460872737
0.023527348880014464
0.03394440795607227
0.04584949488010996
0.03210552310646213
0.024437877430696475
0.013217345448986098
0.08822981721500789
0.019468461514107915
0.09084505920231936
0.014717046155558676
0.011660139557685651
0.018787606847297494
0.2745662684974003
0.12925899085666168
0.03899057406904379
0.03943136643616973
0.017434872143547296
0.14357370515287954
0.05977526081180795
0.010301764276597227
0.3717138788438572
0.007002322694301344
0.9835216721193566
0.08295608715220792
0.25357145434863704
0.07860473675421407
0.03543753709113482
0.018325307723453088
0.8067312813104268
0.036527195855815424
0.04936642839929436
0.11164912519776608
0.005141699180509802
0.012888572829503602
0.28507223887171845
0.1193408398705366
0.08384539707336565
0.30006946071128654
0.12494162076190127
0.0038141202285516796
0.027198620467237755
0.05141783603164354
0.09765334819171358
0.015390749141960022
0.021077271221133984
0.11127446097673992
0.008918885351312444
0.025966079735937304
0.9193940555561501
0.028057698657242624
0.012449441691632222
0.00386138402129354
0.0013607323491168415
0.09869571983061966
0.004451114294292606
0.0046212338158009
0.0015816769379136165
0.15832191872909432
0.09222908805850685
0.007613444351116936
0.15916604350256672
0.03792155008722645
0.07755431304098699
0.005519932191232592
0.02804553031156313
0.0421851151480817
0.04411447263179227
0.02419245339341332
0.7769999701240433
0.9862558512540367
0.1365762572409348
0.26820892853580264
0.040007847970827244
0.9028074694896027
0.8970715963114306
0.0029053588531480507
0.021929512576608818
0.9845726746900635
0.07699178351997629
0.9409126004818269
0.9796941874446115
0.9891497828838134
0.10591277716076475
0.9319686292406213
0.9917987877923574
0.9003231026250509
0.9102766475294041
0.030099663715813046
0.07063714899053393
0.9304077262305687
0.0016415502213966882
0.928924147018609
0.19263570212865136
0.9285710700188912
0.9548328970684561
0.2878243813736372
0.07191694426044505
0.27721559901773424
0.33490806879266677
0.7210210000279356
0.04649206853087766
0.12195241489841345
0.07833389587942086
0.08429662822646028
0.026478040013382272
0.1923210951304061
0.11067832471694931
0.10701271858301144
0.037436833093726786
0.09973347617076596
0.17054161844667184
0.07194335276354505
0.04974080272481401
0.11509005215038988
0.10597945770165867
0.10174002532831945
0.04434722613477122
0.01330508175173206
0.051884007185201045
0.046710371348941994
0.07864742270949636
0.07508209814364798
0.0888291523675459
0.0024290169246949764
0.9849655459985228
0.22807204591969638
0.7628733264829548
0.18262206652090704
0.05454007573865099
0.005032294330419036
0.0014196988115583323
0.10355570321934021
0.06313897938276053
0.08180853905706771
0.016400169832901046
0.006515225722648953
0.11377879902107386
0.05317281793705692
0.1302974219955602
0.073793382919239
0.1418767532661172
0.07724360639783431
0.3005709792318048
0.00450667076723052
0.046159474076934284
0.01700104540306214
0.09864659445834557
0.08756136991777749
0.11480173873203557
0.14184657273893622
0.09195840565388293
0.04821696865781886
0.11369080208673774
0.08383674421241927
0.9634845526884641
0.07648280163296711
0.07537010233102012
0.14831004997207942
0.10575946066325966
0.8296622408064858
0.06495721534106208
0.07807039325352418
0.058440622692116015
0.007302360493342079
0.013442787274069022
0.00841017073614683
0.10690635383426934
0.01138608813760653
0.16460600098006034
0.07291870409165692
0.026478290750260806
0.9723186732800464
0.05929241859005266
0.4151063159381139
0.011611571572629228
0.03749165284803997
0.06648506600314205
0.08150651693394292
0.07485252778784429
0.1087534545788436
0.12081216680120799
0.07390323259160486
0.0898842666720386
0.16312850629360898
0.15079348403834228
0.07001175063493256
0.028636239612307966
0.10078342764137525
0.41043045315326326
0.2389572431155615
0.9862988261877901
0.9569611589565103
0.0571284110865341
0.03726391612093226
0.02328170619417302
0.184496609730117
0.42663403108590914
0.03532972345055568
0.021900771269291467
0.020403118638864275
0.006798521228772398
0.042737608660329544
0.04628199691261791
0.3254244505418902
0.9095067302870758
0.008029538430600213
0.006485000645083367
0.04623984748241162
0.11480025835372983
0.3961754853182224
0.06476573237958383
0.01699604865020062
0.02774278291134534
0.22997256968150576
0.22179487239152046
0.2654326762002663
0.4916597729930089
0.008558026366173956
0.43504063751085253
0.13512184146599285
0.013231844542386312
0.3012374272607104
0.008802021467215464
0.12739112702042332
0.027684742057772806
0.042456520947204625
0.09143535470624746
0.08618952272873315
0.03655313050300743
0.06465506607231927
0.06662543265170484
0.37426216929761125
0.035913851634508234
0.009636646198347396
0.06787181445741182
0.01972996344324683
0.10461942773925528
0.04024545832273896
0.08646758778740046
0.038770454900492655
0.12430213528447179
0.10182710300715181
0.002652395229390706
0.25559024346773634
0.08963182794572587
0.025902320940559886
0.031935623881200303
0.025474329886589778
0.9430980896880393
0.35570343199716314
0.03558895947690342
0.17947954279467124
0.024222433224311356
0.06142809401223689
0.18745154571668407
0.9806747666742276
0.044691456750951604
0.10057771933472995
0.26077708776565317
0.9619677812717615
0.10925165139561648
0.024118406687892002
0.041461318365186316
0.01000491410309951
0.03541378729155614
0.006585858505016278
0.17234661587110345
0.04912638373269488
0.0180733667487973
0.014580424877762795
0.0033543186129903783
0.0041112006507670815
0.029126061242300633
0.9802896971436393
0.07803873401479534
0.009507195824334938
0.08160111332842762
0.17046118919683
0.022223976416185377
0.00824163320734756
0.006876977164067699
0.0036130696898491895
0.021859989648472362
0.07620400975632492
0.1488052366721435
0.028039530226270957
0.014071264596687292
0.409313770020973
0.1898024464827736
0.03155874322685744
0.055692543111306045
0.10954138128646335
0.03522794608916916
0.021383351410573643
0.03751911569624015
0.03135045653015041
0.08250462645477989
0.023641260408960023
0.05287151273236439
0.01521797279493829
0.24681908965820393
0.9523183623581797
0.07505686422474701
0.011795433427404894
0.04853786362872259
0.39334851843285795
0.017639170599633196
0.04353738702082235
0.020257039252096126
0.022202604377788773
0.0064400913210674
0.021235672734599798
0.055869049802648126
0.7107175826287905
0.04568029676463811
0.04687516321321037
0.9409190360132212
0.015225589251969603
0.016031942931086913
0.023322793949218903
0.02400030166972475
0.026463398502777208
0.0249416183416466
0.028820897623778777
0.15380304515290227
0.9662311075836842
0.10962209999841274
0.054138216848519286
0.0063308165424653985
0.9688287981438106
0.04612392161885872
0.013838344578139202
0.2620875584616533
0.08102627090508087
0.018374368581968073
0.008755262561933983
0.10628799352781831
0.9465885233055725
0.0822259892853706
0.3588271083602987
0.02517306445566356
0.09551458927854364
0.059676990705255895
0.05944884966128834
0.009452463901697341
0.4297945389120439
0.02479175647220805
0.0034017039935351203
0.02745537192215549
0.0026867310030494916
0.9937483801326698
0.4976223876874279
0.9938144238038498
0.07882745991969983
0.014401973397493547
0.2104135645170348
0.003040360510168635
0.059914735171327324
0.05782412434253729
0.019199976622876275
0.9436219144287625
0.004167646927233867
0.0009770488927299246
0.002689525117761458
0.019141083170407622
0.11326843557884336
0.07003262030360782
0.29606351163030464
0.1506833207137756
0.14808406771131416
0.16861273952308786
0.0697074403926127
0.9237307954493731
0.07945274359149379
0.1098936615351776
0.014123077665513564
0.09257686711297371
0.06605504079081041
0.011890128577584707
0.015710129730108793
0.029227383052315224
0.2953222055294135
0.19256111011225785
0.09684070894021612
0.02381460896999502
0.04642225507283493
0.004102999417746912
0.041879647049846654
0.0029752908023010904
0.4702283025903102
0.23663873002550298
0.0670091556149612
0.19969438162893405
0.030528417070186498
0.049726095645708436
0.9241892301956888
0.9719168833150423
0.01742340730785308
0.02119268425069715
0.9346070433056767
0.9475109880716891
0.033963469407935154
0.0484862270626302
0.0569306246135356
0.14986948201628839
0.7466648785115271
0.5447322565064375
0.0980195036503633
0.022587273991544095
0.08107515568728314
0.16861802063997014
0.026603839330011644
0.1818788928310847
0.002853860718769146
0.00540907517990874
0.039947444548016145
0.08341849406106346
0.01981269205305726
0.01170951613810866
0.9099952983210119
0.02185215901940206
0.35389814625275257
0.013962360078905158
0.007663321052659423
0.006396078991445615
0.0980195036503633
0.004480719765368556
0.01627870670287364
0.022070093437537075
0.7904102807218213
0.004442426393792373
0.015199609442846573
0.029606077111843765
0.0415089800777837
0.07376812635078642
0.9868196127714829
0.992709428490268
0.9020690204604448
0.9239965133991697
0.08684595499139053
0.12180321156318141
0.0031394603557058027
0.7774651677090426
0.0665115224128433
0.005402966449522578
0.015200772270766306
0.9711193941507054
0.9719935522585816
0.9810906805884838
0.06743724663375271
0.36073715897401165
0.9803514291392275
0.9416561293328785
0.055442768025965664
0.03162227119445879
0.16184946202086734
0.026494560781205604
0.08399316028649893
0.029261741611485342
0.02417202059139945
0.02798949147940974
0.44743740213064165
0.09376974849292734
0.03987802931061364
0.056914811143578374
0.10949032284546956
0.05632204770758818
0.04027358893622473
0.02122845030759563
0.053554718685562254
0.036067634333842406
0.14458751027180738
0.11395008445443272
0.9587438274793781
0.16065171363242323
0.1433889197473948
0.03828969433797995
0.16659259465004744
0.09478709567385668
0.1849915269101133
0.11337068587562875
0.4793977081635086
0.014465242077307277
0.05752892533529141
0.03374717288872406
0.013953445526558389
0.054427636620804666
0.07645781865630064
0.8731575568465396
0.2825349017669841
0.7024376311009678
0.8696507327823425
0.025671950244742402
0.0302815649620644
0.04433737871635386
0.0700352756407875
0.06244152212938179
0.036852612652983056
0.03144602494563954
0.03249815793488165
0.05585684638079992
0.3258142331783236
0.04908498881030559
0.04555395466956368
0.03529668443212924
0.2295343763638031
0.07272866121253538
0.030196993682775963
0.029504498492937643
0.05855471773110981
0.10175107605644094
0.17360497109252598
0.04359385496639885
0.07385707757507196
0.32556952760797164
0.2356714799232075
0.02549573458180435
0.01915295802144318
0.12854524669709896
0.9436181367794184
0.2671249406472961
0.13588946242386438
0.007186270526420625
0.9677612743685945
0.11419474125754332
0.01169023608444472
0.12513018215419622
0.02174478169452308
0.11754827687911484
0.9533964357781394
0.07970142324408604
0.22416509472334206
0.013591998558010826
0.01957318543739169
0.04334873726365322
0.13917061156300267
0.06746398366354965
0.07311228265785287
0.8031282418286835
0.003880242215913562
0.09227492462720856
0.1309270564420064
0.09071173226321204
0.007844867264770591
0.02513531158806844
0.010050072882775672
0.04063855641241529
0.01722456422099323
0.009159341461937752
0.03300566907277465
0.30751416432710693
0.0490709167234232
0.01865873883562969
0.05916826883489422
0.05400806803196383
0.06106763704942804
0.21982478953868395
0.01135307460872358
0.05697972999963395
0.0519000263313439
0.047673428442329635
0.008671713686949304
0.011042677458375871
0.0068443490974234205
0.09628225619866991
0.005672414535968648
0.02090107540367474
0.0051015549433234275
0.010411111192158382
0.005230566805635715
0.004391353632258328
0.008952915285874198
0.09359188165361684
0.14809649342394587
0.7203163772011092
0.0014218043263923453
0.01486059398977391
0.015068761151459135
0.03854808953089209
0.12906508626111907
0.01083925095002219
0.019255655034430594
0.022063178442646537
0.025635443612967733
0.004542447280121612
0.07108682825505255
0.02458607583396805
0.003540869978845401
0.01408296452281986
0.006224114036007357
0.01920693526078733
0.014039165613288277
0.0036017676368025773
0.12376010748147785
0.07046042795192409
0.01656387411415853
0.01089070074875354
0.045447359836255384
0.01289545906394645
0.16224430325072248
0.020358922560199604
0.011276578778681172
0.02784210063967726
0.10136771682959457
0.013917943786228048
0.020489892277388153
0.009470720956513601
0.026277329145480286
0.11754471314559355
0.08532865123106105
0.02905790824010791
0.21030653845020003
0.10414222699000059
0.1902662234700118
0.07034396399424109
0.014497305662196579
0.12451685927451857
0.005249261497759763
0.98459552789682
0.032543210618996905
0.0045153709170204824
0.10193739549256811
0.9890384471675353
0.001976242517300755
0.04969364034728963
0.043222986063901854
0.06602365591706354
0.03611280458803616
0.009146149191185872
0.9908124513534531
0.07451414815709588
0.03369804254804639
0.021927440070160998
0.028187545294004485
0.09576269075477352
0.016535014030286337
0.07220271364632494
0.9830805976815634
0.986871522575384
0.6962264277886505
0.007304956479325642
0.0515819912861106
0.20518963835336287
0.07254595120788457
0.11950475815480657
0.005770945473844892
0.02682806204347215
0.02666229638625114
0.9429961362956178
0.05185976535804831
0.04030964338723778
0.022125182681593598
0.07249822994737584
0.01871966360224122
0.30574334293451594
0.4389155551882876
0.2652356250846746
0.019870082119095557
0.030765406380881904
0.026221270278749022
0.05290706516235639
0.019710185068611528
0.062173673423216044
0.728599580865169
0.10093133525996158
0.11885931925923952
0.06661048750828756
0.08952012474213522
0.052579388671915216
0.03400342166045999
0.054289211889958805
0.024371597944887736
0.22164300257372643
0.7774651677090426
0.03841095126690973
0.035570892806075595
0.17266691566139303
0.11074071627636366
0.005128725087233327
0.008967865274683108
0.09460807837895134
0.004434941807802982
0.048015360431101696
0.0888640250513104
0.08836576784788713
0.15957120605812836
0.005684112506476103
0.28288743413884365
0.0034001094826460313
0.31856410520694245
0.046948438087934106
0.08648254228244655
0.15403391681732018
0.011684793829401288
0.15348329396632987
0.1452840410525068
0.03260646385492242
0.037252342307793854
0.23779975665494965
0.11544303250194433
0.07818298423198711
0.25117613634358416
0.1889215559865795
0.07581587793173562
0.2342811832194857
0.47284184873946605
0.007819410961510863
0.5325697174506138
0.03180169780518837
0.050790388356931664
0.038385118443571224
0.05873399615079564
0.014387787555268115
0.9158430713224281
0.06737200242920187
0.047814407734196505
0.0037373105275648045
0.0350109082327657
0.9780380954687696
0.04337905924491355
0.06245882920429541
0.014731627264075791
0.051786002812985184
0.013462277121140545
0.016919297549576242
0.06816810291922218
0.12592158863475114
0.010862095410274145
0.10790171610402577
0.008822637776492625
0.0043594034828966744
0.01452798966384949
0.060769167376318704
0.053333362249501436
0.01619715035842381
0.017890767825434414
0.5922670067710663
0.681838428846157
0.22577594245846638
0.9612193860666138
0.036423831184099774
0.9528758632842106
0.009283680616889485
0.04131815471379439
0.007549335402355128
0.02223670888140527
0.975258963087027
0.031569802547674324
0.007551825522230345
0.018406398847804522
0.03159209683330305
0.05909273817966305
0.0016204230379476578
0.05231713414827836
0.031569802547674324
0.09730862454329904
0.040306440442766565
0.07907975885122953
0.3891530663683384
0.019609601949303765
0.3212195363453524
0.025658475888701203
0.02925900369754462
0.016468748188861397
0.5132623280470692
0.39015160692778383
0.006673627280329308
0.9742421615094503
0.006051996093300872
0.02044691068941088
0.09639822381275603
0.0588836264350497
0.009036268881359876
0.6510940392016978
0.2800455165949275
0.0606507036808483
0.6796147401194779
0.04473517695057528
0.01540036119023787
0.6595722963894426
0.029387342287407067
0.009776990805137083
0.05265041402678211
0.013005510143661093
0.04481682826630525
0.02113301721324883
0.047500816476341245
0.0445400237619469
0.10895073476917407
0.05903141797987104
0.0471612535971452
0.03566889868363383
0.014168081521780186
0.051830564997132206
0.36826798583844467
0.019192504751383045
0.06198771453896777
0.07588887263778082
0.032748811571132554
0.008838537531719905
0.07790980790270709
0.07759420178891033
0.06238567761926882
0.07676945694733345
0.0216302607051991
0.007965738447312784
0.13242697716267549
0.0937296389425207
0.09593619901942173
0.03413479932981503
0.004873079939323485
0.03418745711769738
0.7775170955980553
0.03529668443212924
0.019466478987804722
0.04910751559039699
0.05063518054867152
0.1435911940353195
0.04387153944201412
0.049748569795672104
0.11098305617879148
0.04723034167464101
0.0036677602070877223
0.05205191991488074
0.9644470033016376
0.10909663494154254
0.0015124332509544333
0.06368026093540205
0.027442880434058393
0.9882465297225752
0.05164578699946168
0.08381680661408915
0.036294904899552505
0.004135868616074221
0.012308616260380396
0.021519956062753705
0.021765418047282922
0.04621721900554991
0.9645472411871786
0.00472459034784533
0.04407898680199754
0.10292395338453574
0.058665870590819014
0.09038705951847859
0.07102930250380064
0.05289810502346244
0.7442862865823403
0.25002228453198316
0.2443560582773663
0.8519295720720054
0.25650976737588493
0.21282147541247023
0.002806656156775285
0.2275637928737286
0.03848094728802574
0.18515353261762146
0.04359295556082741
0.027615769493200135
0.07155588020084301
0.1382406005043471
0.9101991285072304
0.018180266282217004
0.00984541355994642
0.01527190222946012
0.026021518281654808
0.028365937624336448
0.9704385550807101
0.024017857972881147
0.21178113470042317
0.4617788106081019
0.1635572013534047
0.07560845718456906
0.0647183964438091
0.9753038921190201
0.07718452811187754
0.2061471489545397
0.2513154925815992
0.27162408563078627
0.05523436519111281
0.03610392378255508
0.22912400063418825
0.022187911131315276
0.05494078988571515
0.4613435651243797
0.14326031505643738
0.16806584589414386
0.07811065935676019
0.06041448206913081
0.09463427078352585
0.2421564567387998
0.020529698050379297
0.004962192998380238
0.27304613033318403
0.9655651093572335
0.04212380164601381
0.010832275919054822
0.37158647436577985
0.13192113028160043
0.03372612341172401
0.4583691371969923
0.9715265070588249
0.24159079293399724
0.027620910446419903
0.26429136629053207
0.12372971076104243
0.24085030863476967
0.13682421711522452
0.01545578623878332
0.053293851564119143
0.7791864468985665
0.011356874444997039
0.9098285602755156
0.07374587751693489
0.08001523016078446
0.5045043733861598
0.016799534113860117
0.05231908211893874
0.13930546272017333
0.03183341881744476
0.235074376309485
0.7556311568014955
0.01660398433512623
0.007254546808338008
0.6112569302616326
0.0983494878004054
0.05019086211896279
0.027844974453118607
0.09982645097899759
0.29974767122422624
0.42113694434413224
0.009275058547310379
0.1681342003769834
0.05198020182511107
0.10077549311724478
0.10577714344222991
0.022004560400365518
0.00218493672298739
0.02157454443163685
0.010966853264956911
0.006154890306774222
0.03135245929377092
0.0020966900958723266
0.02305755192198785
0.017976073454045487
0.9872187708671966
0.00649091791720807
0.29213383136830123
0.12266263388130455
0.22416760276970257
0.03378933285037773
0.9705052241990829
0.005369010726209823
0.06660412152569087
0.038368372074914774
0.0559116362582481
0.03850614671699299
0.14685638206511054
0.15186853631587088
0.24955001096697474
0.030688185102271105
0.009404856738254032
0.017794992902431975
0.013267658178114615
0.01870540115837449
0.10934699029388467
0.010481943650835374
0.019488700987250952
0.9853323524221032
0.059789149792323595
0.021198865320899592
0.011529152039148508
0.012388690721696374
0.021709153741990894
0.019117216355438536
0.6231995690903671
0.7532119154666453
0.9641849515771962
0.2707168321268421
0.11979943364813386
0.9858067525454727
0.47216065837553167
0.018260330185362376
0.015506593348333294
0.05218068744875074
0.08207187461003687
0.07019459533362256
0.07468866722847986
0.03773955843159512
0.2798302055760771
0.0021537051293592487
0.06420185052293524
0.018340328016546833
0.05500220204175792
0.04017728349139809
0.04502817957467511
0.0029153693426259945
0.9833383591634137
0.9803224274658017
0.9817345915159316
0.9732602797540079
0.1407253694867071
0.029568535985986983
0.9728383971363486
0.030255301162959974
0.015892611491897423
0.019630182300371193
0.026702499790753065
0.03388142528863649
0.9741819165955017
0.11188286193879451
0.17038950722802268
0.6394763846462238
0.01925601682389404
0.023623558224294922
0.0032456016731244263
0.9545866516390177
0.003592936709776726
0.019640851333869714
0.3397096422576416
0.26928877469233153
0.0017125659755883396
0.07778221524330918
0.02141824922190192
0.0030621037389919423
0.02884936373378173
0.07053313682270733
0.028078819769419158
0.04247700274748638
0.07102217118306534
0.28059195471901727
0.30570227175738335
0.03198680893390483
0.2340681445309954
0.035773038305352396
0.023957366547164172
0.06310412769063503
0.0031154175313196793
0.02122746763759474
0.13777667472537955
0.020288666931219997
0.018913810940829102
0.045456894773097986
0.0967204604384018
0.05165094478725377
0.9135463864954688
0.040567941129101
0.04260100931714713
0.6757442682721324
0.03546534969441817
0.20103394440710695
0.0474348544839235
0.03768901567134583
0.03401842044591001
0.04831561020989023
0.1318366495825616
0.08905687273160552
0.01986477042368401
0.03041300337263544
0.052697036286149156
0.9093494021265144
0.02877134434331084
0.3721225405884859
0.1241531606483851
0.11768925398873219
0.01743303021501906
0.13622268616060923
0.04888696116605611
0.0120141823890764
0.03327650920956812
0.09806960066495382
0.9822269516985676
0.010101253870683887
0.10269321831332155
0.025830986961640434
0.017269538955497234
0.0025961065560096194
0.012394214476357822
0.042409806269864646
0.19758255969500654
0.01604735433033814
0.9905373649693143
0.05598745674062719
0.012368715601133977
0.026701959442347132
0.008923530169441854
0.06995823098665992
0.04990208927149871
0.8587878544663455
0.06491184476638687
0.050436056266153564
0.1341101194459436
0.07891053356800977
0.00801783798463926
0.007279990741878674
0.1495204243259129
0.019934953310384838
0.14017513344620425
0.0691928064002358
0.0031808568684626856
0.00907720465770665
0.021539252742474483
0.21812641285508327
0.003055590748097333
0.019212440405316007
0.024473268086701774
0.01813067951017531
0.1688151566528543
0.008598124193812368
0.10515395765176788
0.9683915518591778
0.11858012462009512
0.025429140563537157
0.961713351039607
0.008812717715725542
0.010224860333190642
0.03214794962646125
0.0073425017444969124
0.03776149263488718
0.009356253874756207
0.0037769562103708316
0.07233836518350555
0.07965234228629717
0.06173389783093167
0.010041532733020813
0.19113740777531946
0.02961544088880475
0.002132626574346676
0.049043201647779845
0.4467654644471073
0.003470471497188854
0.08891577397584248
0.04472122620714946
0.02287306496135803
0.16722344594753957
0.05542921028719606
0.8105511900372273
0.06803741332921538
0.23221530526992865
0.8589285399076171
0.04243491255456604
0.006784872656192422
0.16644626392060075
0.09801009031975665
0.141037094562782
0.11775787792310373
0.09213632597955199
0.03646361767735706
0.018935875896561767
0.010327263032387497
0.01859031408183756
0.02145226216075661
0.003009428013183423
0.04122327209109161
0.06236625051278573
0.00942817924036583
0.026322323509135007
0.0264484406353328
0.024963595718740402
0.17062370538575444
0.03548914789893679
0.022052817971434713
0.02732693491411296
0.015299422207471682
0.40141393074897136
0.02599860569953022
0.46546515805776556
0.0020100612990801956
0.05278414235372146
0.002587053321494868
0.04191973326117782
0.03092622815283538
0.004053946177099809
0.016388868536064
0.006463405868757802
0.2608199217335039
0.9824199060922363
0.17161248776900148
0.029168608458514933
0.048735501328342416
0.015004927359805955
0.03292872300465363
0.039408954292617565
0.0699600318275758
0.19637298628435948
0.03374347141007843
0.02155280135200581
0.013022379359812417
0.017694700057217044
0.004683123830972524
0.0708586580693324
0.007046657870140191
0.003591167031074482
0.05071209331462892
0.05279097022853975
0.07872704702288763
0.015908657960437177
0.03506093763048824
0.01726376513562539
0.028265732809673687
0.014851573144559047
0.011254270696300073
0.03864625614016322
0.13715215187082214
0.07041608666582856
0.02073790940612729
0.004431114179025805
0.08115995413227549
0.03718038723304677
0.042265282100378325
0.004885195803713773
0.015298746801746333
0.02695898064235076
0.00652388710850524
0.6887247142602522
0.0031574419784713816
0.03626737013770941
0.01921200411441679
0.27972584336946277
0.015523907941286384
0.009990217057210846
0.08964825318458146
0.1816585223276666
0.01903623358162868
0.027446792967773408
0.024054621264837418
0.011249260866284558
0.004641366335865674
0.020538296069506568
0.8376218661419137
0.09228059535095855
0.32828405876003985
0.005878742078331055
0.025722851027114
0.02334556871700231
0.14581708214145223
0.10540631808824492
0.020327826611034175
0.020915372594960912
0.1295678362949323
0.0038935843636670213
0.007531732060113337
0.9149629264004081
0.012599548237673574
0.015623198673615389
0.00833397797570222
0.12081066266876915
0.05576409960006201
0.0024502657583224305
0.04519867634097554
0.4628841808173094
0.03766115462872611
0.04168880748211017
0.3097889583252764
0.11241985549993636
0.9787468358434022
0.026775580648309486
0.014685184415739934
0.11209046961211429
0.12649124566834502
0.035925518000312094
0.01081802446574471
0.060925535434515364
0.003744498523782088
0.07256765987530187
0.4158693373814336
0.02341853332858623
0.9748966454675707
0.96831566729733
0.17201247754622137
0.04169281194040029
0.7397570940994614
0.939800472014658
0.15423508862741553
0.07725201734055939
0.07364142196900296
0.15320578403659338
0.0048547999453408255
0.02924398012614347
0.9765652933135799
0.05771800925568611
0.3424355834196313
0.2882419204532098
0.0369319259763613
0.0978903928995197
0.07189734686957255
0.03802256380830946
0.21354066067612504
0.02120193689379078
0.052956447045466225
0.03756089882464868
0.004602562244151298
0.14346225982316202
0.10436842869361487
0.1018553374606087
0.005436154581147407
0.04952862668126337
0.14507575683832197
0.9613150814741038
0.05118378755869314
0.028500144986723597
0.05783683663190999
0.09630375007643163
0.9483164181048374
0.15299106680344995
0.12485070585291491
0.05401559014063166
0.07352435679736866
0.04816517869529803
0.07745938387342197
0.20564303102689807
0.06715383639029482
0.04869021392148363
0.0741098660694843
0.08602284738091753
0.020426363286268488
0.07749632302992028
0.022281575461929302
0.06066173874984428
0.07212808252801428
0.10997411526127707
0.2682323896821974
0.11457672458289424
0.9815586676807162
0.07663012420628873
0.29377989553067285
0.025628935269456008
0.0014267269853192044
0.26012152490032053
0.04377491511329026
0.06088064028969912
0.0020632853363075554
0.028209909091736287
0.005032011868520025
0.022453070301466503
0.035510858795450566
0.04047548859017178
0.19538389090654448
0.07810764994719925
0.052118186364120155
0.48631668949456314
0.01544777888486723
0.05019862599732366
0.07260403389625605
0.05028078967001003
0.1146695186607725
0.2977915663844551
0.04698694364499967
0.012688850616265523
0.016930414872910547
0.09505159046888227
0.055661229100557555
0.10387956812185035
0.01136814501341668
0.12262863318968407
0.04774744571594414
0.20450578982456194
0.12825327055497465
0.19295632590162876
0.0028381824483676215
0.0063405442635248955
0.9911265641637382
0.9850693541438265
0.02360813474414108
0.18567192525394782
0.029735849405706342
0.0972422012887114
0.07241281533025094
0.0028797512913915435
0.12015910190231179
0.9331436442622093
0.1027015752236736
0.07850798870366127
0.06364434100831584
0.1393667757817828
0.10261001205506134
0.0632087682593019
0.003756235460743283
0.6025549481569046
0.028390555529872144
0.02156565437544028
0.004282404205117681
0.08394591951312576
0.03757084457226638
0.05421033183305518
0.3851796383084342
0.1405369602437884
0.002106912047328162
0.03291726719564193
0.009327074322501653
0.12895111503934914
0.005292102839642051
0.04887322447794579
0.17268125022122677
0.0829097559217635
0.35667292271938805
0.061120273355482764
0.058723696071950236
0.08399754191065519
0.07287497032755452
0.057569411347181035
0.02051948624679627
0.024792022876196286
0.06015286246670672
0.0028775240619563487
0.017403723856845313
0.04350325394900247
0.021271520463207034
0.0037376895691098163
0.003797236462364217
0.019963833990248925
0.08121711291926403
0.031216424814025784
0.9625145147126929
0.004746820343113791
0.13887561131399567
0.05529176473992515
0.014700564464634901
0.022845884762184833
0.007265622363095106
0.05940995127934336
0.008270096372783635
0.7420566034224285
0.004570806215122631
0.041704071079668704
0.003355152516807213
0.02401519163087684
0.07514847067377729
0.025461405463649084
0.06727020811724586
0.03693053507508569
0.03937717613417212
0.08548895479745203
0.017154175331570275
0.2377027339461459
0.04535139762863951
0.0624873259506602
0.019812449787075873
0.0022525777312124256
0.07351238667151774
0.6571554681231401
0.06539281004666413
0.040320244949598065
0.03581613736658516
0.011210830848265154
0.07000383429419577
0.9442635189385017
0.07597926896976662
0.800876097952619
0.021041887970244085
0.10333963358752186
0.018206908352538156
0.046156147320677784
0.01100432987143975
0.10135119883968838
0.011993487853796057
0.013201433864192676
0.01805079305094678
0.004276221583120948
0.024950964065627176
0.02655719254322334
0.04471428793048061
0.047582566477588274
0.019244195597123304
0.022848794924025907
0.0025046354784722647
0.043539313320643425
0.023753476833651633
0.004795290042352176
0.14124573211808247
0.006904612951749887
0.982243594152999
0.9777091589460416
0.05334152996408015
0.9957633569585463
0.014884011278874038
0.9804340841619408
0.13650514347629142
0.36144860359501274
0.11785504055374617
0.11224729921270578
0.09793579372436559
0.2986639505283764
0.181524565090927
0.1291346075793779
0.10978321635155647
0.017382171397580273
0.9749339554328514
0.00353228611624937
0.07725318591403081
0.008169232577861759
0.061067740796130095
0.13037112957504748
0.02475985003848246
0.0315447404298237
0.06557149375162816
0.08696096963798725
0.07311686005786128
0.025815583665785985
0.025214298313131787
0.09910567385997003
0.009049172357366866
0.09157663310313335
0.0856094721268319
0.009852073853127053
0.11499626489167529
0.31886157206566174
0.08834388840555242
0.06115860516524804
0.03255257182526791
0.7585224759696223
0.09128704228161967
0.01943043208931317
0.9718302569186028
0.9786210640578188
0.09097482106262324
0.6602921751364088
0.003060557491780312
0.12972002337538943
0.2754895701161544
0.026731267906889254
0.07850725201543521
0.19581433477776916
0.30339863624603153
0.14444662330477745
0.02046726116749104
0.10148439987547249
0.12887477426823638
0.11887991707038846
0.08142380983816125
0.029873097917559766
0.10372728341780717
0.9892832054693934
0.08992865984341204
0.06386211446095821
0.0866358986823114
0.08225916290153387
0.1074373673097401
0.1497337515963112
0.38670897741000565
0.006185487523187003
0.0443923784349243
0.13627871579467657
0.04245580403958301
0.26156836255831184
0.11356104177900266
0.8734156065438103
0.4042929631604143
0.08040836067186186
0.16540892746692656
0.1202728012859401
0.14122823750226127
0.09228844200848177
0.18058351699168101
0.1719598110249422
0.056784025187912514
0.2251826023314854
0.12052666012137452
0.125046121010025
0.15683511511492734
0.14037698429716858
0.03549409189719644
0.10923035809708641
0.1105629939932514
0.22285053877801816
0.026750503339674152
0.2394110049974215
0.13644497369154882
0.0029511723594594654
0.9558764269542871
0.02367682845494209
0.9562610176468059
0.38178979708531274
0.9622822842794468
0.16503237592222486
0.3332529856561302
0.17841143825272068
0.00840899820417854
0.20848583720297642
0.038903940535654435
0.11118731639457723
0.39896238474083134
0.02727877863002788
0.05176510940869269
0.9735568613005261
0.00969939463277473
0.037068425281039576
0.03561968773139405
0.05424666907114031
0.025817585984601914
0.8373656681590784
0.8721675126287468
0.1328358642083126
0.010297644072324844
0.026853673770558792
0.19827839047327625
0.007516043599205523
0.055348423359020626
0.964263012622969
0.04098095435165654
0.2824238448272899
0.05898069666343138
0.11854054661839467
0.0441904120425175
0.17567914693391304
0.07109773270625143
0.15367040821607555
0.13839154191177386
0.011143469622046947
0.02646393219518699
0.012147949307227016
0.08895583408513376
0.09505550965229273
0.0488994012221411
0.1918583101416528
0.164591548541742
0.06661877261990534
0.07946069351192508
0.022179611426197735
0.9797269154626126
0.007245604973840077
0.28550639731061633
0.03886764337412823
0.01163500563086767
0.12792736905964494
0.9782400468465129
0.16958775197316425
0.011719167664521355
0.04663111203460811
0.02780133855393091
0.030721923137257856
0.02914713116779436
0.01860783434324258
0.04049510408520721
0.019921250604374625
0.03279138635041185
0.03366955472123713
0.01673285746648854
0.02238718965605776
0.012513260987754007
0.0325559665912464
0.0794153425476898
0.0507329235100727
0.004455727069723786
0.041879815363981866
0.050207659218236944
0.00176100746817756
0.026652278684832283
0.04184816533112101
0.09486473614255253
0.0711775549606907
0.04089036360867321
0.11400554917240152
0.0711858750056865
0.917414056482421
0.6700274234611104
0.07152050594125388
0.03262191026566472
0.06674104148732639
0.06801574313692059
0.0010607258286449638
0.00192926859965608
0.048261223451566033
0.02187674995836044
0.0308739497593446
0.005631932387415951
0.015560089642922511
0.06154626801198243
0.016107513855660487
0.04719074944879463
0.005171301296353002
0.3479568182583919
0.0467788220901069
0.004260131776989119
0.008429095566358192
0.03362616367994747
0.003565146881017026
0.009229726984260242
0.0113741258082676
0.06913550285505576
0.020621144164972804
0.961498139089524
0.028255751159341
0.004476925319064962
0.013231962555560478
0.017903137003786436
0.0016134194591512425
0.0007410392313978828
0.008456598774941872
0.019430354253239572
0.0025709608966856166
0.002230454540050143
0.04358249334003057
0.03276860986118789
0.003758144027835129
0.004416363675419107
0.0031031896174319716
0.9372671073444964
0.023880460928865647
0.016634222921507624
0.11811292318453183
0.0034662719411610093
0.37807925162391953
0.12994266719198783
0.036933128597737196
0.03543927551763937
0.3057110295979854
0.07795416516225932
0.01986971002084736
0.0077758540352732206
0.028189446555750976
0.1586752221183765
0.023711610453973225
0.02368064577388942
0.016499470384723186
0.002676125854638383
0.018952594692320846
0.10035407180625039
0.03273900961049633
0.004372601531973986
0.04613415187805837
0.022003639516590165
0.19494835577221875
0.0017667691684321067
0.004198658215596355
0.006409656346715795
0.9714624387870879
0.019787076818041607
0.002958553089234521
0.12714499225823447
0.9417848122468961
0.0017692184593461303
0.9785298848915425
0.015084045463345326
0.01651380384689991
0.0032558553656100294
0.0006757441872650311
0.05594742897042717
0.021302860449843374
0.15579109565384097
0.05198313552425332
0.03517758923608222
0.064297641681996
0.025041908563071747
0.05522450089682757
0.020650622813270427
0.02415830616692679
0.23079178779729595
0.08492689312843181
0.09701690512591675
0.00868366907829005
0.028065590710949734
0.2346817877931483
0.34966616786722515
0.7388884157774853
0.027555008186794034
0.07077901104137978
0.04358673854165427
0.028367487052250315
0.36153712226848805
0.03513659714597998
0.0148968580592421
0.07778203791204194
0.06303217848556944
0.01430851071733577
0.21050298043151736
0.08842800825138902
0.007437958396594493
0.0022000417666077866
0.14701286638582753
0.0516065459492357
0.09355334246939707
0.1468345336758472
0.2157831536912975
0.10530274204115667
0.3412940727452844
0.00245309582737187
0.023772064994300065
0.013570002204661664
0.1900539787212136
0.0770190643906309
0.34082902321911734
0.0996255063993769
0.9338148376324045
0.03554004035905665
0.015032945520187132
0.967743826674144
0.014548257844415996
0.037636613878969626
0.06870043137099681
0.02145314083496949
0.017597491052582504
0.011743713308305459
0.0019593608541406036
0.0035452681166678887
0.2989324167224976
0.01597273905657649
0.013520164536401126
0.011449614666505901
0.04369993049271058
0.06660841135028087
0.10258134200084357
0.011764753148216333
0.05201832821207602
0.020365310840742997
0.988309575285028
0.026892452711862597
0.012732438736302566
0.0034448355706843572
0.02226393323679442
0.0013477321041939216
0.17893135470987367
0.015176894463272009
0.017660413520744347
0.007300644440466387
0.9756331495672578
0.02367713368648044
0.9925115315925186
0.9879129326109798
0.9835275351047426
0.9869042956707904
0.036378159340368046
0.01282948288519943
0.013265319033994402
0.9897490073257349
0.003320607376875291
0.9573170950731563
0.9591328619714681
0.9473430969625967
0.01847810913718921
0.47434295856293435
0.08735835169789942
0.09460683878764238
0.019952917905083006
0.12150408617789288
0.011533166840380292
0.0721473401846087
0.03184049080434663
0.024413820517691066
0.08904312846458286
0.02372785747553563
0.04541423610921563
0.0112326648368257
0.09683067403188875
0.12991468342807505
0.042784435815240315
0.004725938904055611
0.018715528511248518
0.07255408206466067
0.010773377273555915
0.0071712724400602584
0.017127690609679738
0.013018306016087304
0.003492428534319105
0.0014965218999219573
0.269239027665766
0.06634455833744134
0.03224956594675216
0.021955147231752306
0.9556754857908789
0.002056600203272266
0.0224787794488875
0.014096262078871154
0.04220348569766273
0.018691078683320938
0.004260121081867865
0.32469442763315987
0.022564708002183357
0.022843179462904036
0.97379304547803
0.021673063619224577
0.031111200394894546
0.02766342290366217
0.010777851902061989
0.14031616737100625
0.07146103515377936
0.006049929306507652
0.0081348870722394
0.08354930493019906
0.0203070431423237
0.08210658442432522
0.01452053451997446
0.8932339587067474
0.011584304748928954
0.01230917553941229
0.004057169898675471
0.02239029649755053
0.046461230209419044
0.0021468466855804626
0.003063196238013346
0.01135116875992733
0.02019736279806297
0.004071758997656614
0.0346773695776086
0.01298770685530456
0.08843137084150444
0.004896531448422509
0.005415515110045704
0.020798151290553114
0.022502421787335747
0.03946361688670159
0.026100204407856275
0.977324609614961
0.04054948337815076
0.048521090397331136
0.005828502255464651
0.28040406233103565
0.04673101934566949
0.007563151779080022
0.014391902540579659
0.01007284862143315
0.10268843154603526
0.024188110038228065
0.007809819269307819
0.024519763644630557
0.025451899009193448
0.03157574145762358
0.0038175065705904924
0.12966772525952572
0.029989058926360737
0.01731097648842003
0.01959365415417883
0.017662641098251986
0.08329377574494724
0.06854227110495191
0.005453098334330037
0.0625538972615962
0.1896731408634047
0.06771261802801967
0.015669627844093786
0.005601870408172395
0.006745208357775515
0.014487830364184355
0.28431728842215626
0.004084934514258068
0.010986044613353464
0.0027411772047920497
0.016768196889026008
0.0030391401036648936
0.026968563070783023
0.019132383414112372
0.008280385184121969
0.048906459670257356
0.013172007922909427
0.15821989591152683
0.4521491567206606
0.018854743954708278
0.08925252279508904
0.01628331831860926
0.04649426479744246
0.015840687707520215
0.05571323640634591
0.020650422645649962
0.026255068665580982
0.030367596030168757
0.0045316346982294834
0.01612401250114386
0.02308694106545182
0.01007541891755013
0.004912045108080306
0.018123759904163515
0.0364360044456173
0.0480574123636513
0.037613652671938454
0.9879453596565717
0.08719398820829942
0.045356163829292175
0.03260691792449499
0.0035987586189423827
0.00764078218490901
0.035917882017457416
0.0745212982027469
0.03134030924515261
0.9922530417330632
0.004529134835156704
0.010219005755409702
0.08688585978474449
0.05855175108728594
0.050826745535424184
0.13272438189393093
0.08946637836227347
0.005249931706171486
0.004508501585572382
0.24288269896255218
0.027635510009050807
0.01408852025309777
0.004507895059909894
0.9527323138250722
0.0803487467382659
0.009970827994295422
0.139782482192474
0.9872611486715644
0.08489123009796332
0.08326293548039394
0.09066557601187293
0.12288541933441079
0.035154594233833276
0.004490089488704194
0.07328615902904125
0.03795752421479617
0.029717326140641858
0.060900503349941564
0.14310509454596904
0.007918899205471933
0.012504420786657611
0.06984468465768068
0.825143398170889
0.004114771743395842
0.03480020689813909
0.016769497164864783
0.11943903500036433
0.006522511699675769
0.07610193884515078
0.005672783839885341
0.03695957915719854
0.11524690381827922
0.0648799152630411
0.0580642075053921
0.13398738768492297
0.07723942223942347
0.24310947825443469
0.02436833601485344
0.02509468883085987
0.03264394081193283
0.01718715978216247
0.06452576394991812
0.11183533039177133
0.050064879278507037
0.02214610528350359
0.0018662135979534717
0.0973253299434694
0.002082313575432058
0.062452116056379056
0.22653786309559684
0.0013010054891652851
0.044931093350172306
0.06835971060386266
0.01427524298612241
0.03206340468329982
0.030654642644990526
0.034958323262430875
0.012759993749002002
0.03648656033122968
0.035588560879407434
0.025668335382849454
0.008098893699597464
0.8262299698597714
0.007223056504646761
0.022065292487939488
0.19902588245785355
0.028212387620388177
0.10566422767785279
0.032364573828827854
0.059813995819829734
0.013346884742330173
0.021837014108161672
0.01623829974165288
0.9407526039858873
0.013620327749855748
0.02256966877466521
0.0026017153499902973
0.010577569258300187
0.0024657669042663683
0.016821149372125376
0.010432887584383512
0.10008190557803859
0.005417741484727548
0.04890767569544385
0.03155825963594739
0.038850247573680045
0.051116538862896105
0.08214866878375665
0.0779828013306202
0.006380697213308569
0.01442355025223773
0.03406990934156591
0.13742062554282558
0.026972056673347188
0.033878084049376735
0.2366593148740729
0.9341285775038942
0.0417370250511368
0.03721571581699394
0.024080339544604982
0.03823120774116684
0.8776163511677894
0.0011807855259166097
0.05525509440818814
0.9595844379531293
0.1542734913609061
0.13036036323712685
0.0010506537334026317
0.02066265571515569
0.12123115881688437
0.045352726240622046
0.03435257296551756
0.009392131722599957
0.025262843499762315
0.020838521992892874
0.007113141457489756
0.03244956104779243
0.9800022276321375
0.13274727825796834
0.07632680836951301
0.9871052909688647
0.9436365942883508
0.11912804026196756
0.932934643550996
0.11882244945824197
0.09791218995064264
0.10042204810866276
0.021534350775209505
0.11090117398288088
0.18724493471969386
0.08175300593381332
0.9649061736265956
0.703928701728573
0.053814310132716495
0.01916486878367105
0.03524763728022655
0.0830685655920462
0.05023592585439248
0.06260807525850888
0.05875933521237569
0.013510859333743764
0.07971414571305312
0.02301600561757896
0.07863008259638778
0.05500655645703961
0.009977675753005627
0.02003595596665589
0.16702762291824777
0.17037171134782178
0.026181493542357517
0.023535797494406676
0.9280936124169489
0.03682118642312578
0.030474321557113052
0.07905338486037805
0.07171529699357651
0.015739757138329678
0.07796747252241375
0.027652861958709404
0.024375137891240805
0.979379438242297
0.36057202028395213
0.05856293367333899
0.08233238394999341
0.9749078463802167
0.009787769022755835
0.037086141277331425
0.015367489563620907
0.0018558968694485736
0.0038026661113766194
0.01726790390449348
0.07408793029914296
0.03422194796926104
0.3932981018564246
0.07792659225516986
0.09615940899617523
0.003198508507716696
0.018034805106527284
0.019966135815210517
0.9709074516222479
0.03285439200551478
0.024476847542518047
0.028418063571380818
0.16773924740642773
0.8639192302881564
0.07916481821158473
0.03359671459698634
0.002060491622923273
0.9479280849923267
0.9611540372843599
0.11813727965213705
0.01881526785518344
0.26849358679060725
0.01046067509530177
0.010994799768794849
0.006502471288103025
0.07737386486842085
0.05681296426917669
0.015151199797898533
0.04532564271362731
0.133913609785126
0.11363213018073823
0.7600939379909651
0.047804050571331226
0.034242629395068086
0.043915680990526305
0.015401468240999482
0.14405726440970762
0.19769224110816874
0.018359495319299358
0.06442648749936793
0.08796104208172201
0.05354991343418774
0.9695140518226153
0.09984485801885475
0.006929554861246589
0.004290310799202248
0.8881861892282563
0.9755957087479936
0.4042586472444354
0.023700055464978668
0.13000782347037182
0.06276466861729309
0.07028304198960818
0.03903753195384208
0.07461318205048167
0.05373916345737362
0.08718864500861279
0.20663470697619163
0.08719700478553875
0.06871290297131197
0.05653527372220964
0.06336256955057981
0.044344863798368
0.04809908611178788
0.0694922888471309
0.043659351975815414
0.05701232444792365
0.09921225540594844
0.006883796374229535
0.11983462303036341
0.31032691079545593
0.9789472120957683
0.02841460696352354
0.26933227883833294
0.03665416976847575
0.16158773722813366
0.14573304610054266
0.10322768526131602
0.9580580018520306
0.14018775639603268
0.9359507661875482
0.5107088592173482
0.1306911025364101
0.1668154266776038
0.49035726938052016
0.17984380501085356
0.06637101635568068
0.05567701841951082
0.022071814148336567
0.07301182326306731
0.18265248403381104
0.12421530292668043
0.09413415493595606
0.08809484034485286
0.265862846687863
0.10048324117933292
0.9885625255765185
0.01047848446884915
0.05316811987157017
0.09101716511658157
0.032375855487684034
0.046803521367990514
0.03584514291400413
0.0013315313140137952
0.9614941154228133
0.3685015940173351
0.15636487026781157
0.1592679175322226
0.005018419866240177
0.07133564837732642
0.03107470529738282
0.08543624092009044
0.035676177584571
0.238178330053269
0.023435513001449557
0.06321388690357932
0.04280914304733435
0.030243475616661793
0.027420024740982176
0.12212439958671979
0.03876846230485763
0.3539399254396009
0.040261726012784146
0.005012556628554093
0.03590608152353421
0.9163094793496623
0.9743810384074012
0.0048674306918004735
0.05145139695677194
0.15180842650769247
0.030161557781587377
0.05062407156634103
0.007214379036104715
0.00611182758744792
0.007400576289622571
0.005482625540613338
0.012694335895050281
0.030874758215978258
0.020920075411635698
0.08144577138830165
0.08490441542651596
0.007388839201301354
0.05177993827939339
0.05862764048044802
0.3935933234313247
0.05056563388856479
0.04772053811479589
0.04947232770741684
0.05032493275673949
0.06289435372613958
0.09114512269614675
0.020938362398893864
0.11863548626806038
0.05067938452532225
0.2839880245079907
0.034350616770058795
0.04684439863892097
0.03243200100652249
0.974076270363431
0.08090423417949603
0.08079774273039493
0.16166312923682882
0.07739038073471527
0.10440756265564982
0.07124949222007984
0.05249333140064872
0.11415368102777833
0.1536541971004234
0.10397810151492018
0.08133523002627516
0.08016178086895316
0.1586519429442759
0.05423486670556145
0.07931757493139507
0.08813853356384918
0.7786115829342882
0.11690880647898598
0.022243675209408665
0.2778824707760796
0.16517391392285793
0.14381113697347306
0.1517355882861854
0.10335169731508215
0.03988488258746855
0.008998945531752992
0.05235492970235044
0.12343576846988323
0.1662432396566225
0.9804694588004311
0.2475219353699607
0.0021489128325148936
0.0372497475722307
0.0018060047292654884
0.4427571093005327
0.057961514850877104
0.07541632383104298
0.04824323981626765
0.020951488601306897
0.03161285132835856
0.013053993888526967
0.13761490276973992
0.8303713781413525
0.8822785428295417
0.0905123260628722
0.2532964381666263
0.0052346942849676205
0.05414261409930584
0.09346969632246449
0.04084098814546903
0.013934449806043428
0.21738403744693088
0.00955481074622861
0.017490270329424195
0.3516047023847653
0.10721364613026237
0.3845086686012377
0.013332639337222082
0.025649954306195807
0.03086067803622138
0.3889723279221112
0.036210352858523594
0.02731450338282385
0.05353033884350147
0.006009877578042731
0.015503252444318398
0.13992254369803356
0.02645202307770131
0.004504130136507322
0.08281188939489122
0.03817321796842808
0.06765683060645164
0.031271320518513876
0.07707680862082772
0.0037323523805806477
0.9488179819323507
0.016706461149956702
0.02536476734668182
0.015344206724618233
0.029419843713176606
0.01236502456200581
0.030491072431057288
0.12490699019205793
0.03539461164629652
0.05355202136068551
0.06709905562192628
0.06707662943360235
0.004768138017758661
0.0025980643450305473
0.015798323814939747
0.04714214888507584
0.015624191118417237
0.029295833937004197
0.03494974828289669
0.030178651061497055
0.057330586004152126
0.0019755792938797416
0.0018701253307392524
0.04210847599921119
0.1851836477784929
0.047912114679310225
0.0393859174546578
0.02540939550829352
0.019115688671858526
0.023670380053604206
0.03984012580663868
0.04295901095676211
0.00713103112380474
0.03363030443241618
0.01452283314772456
0.34008880363380295
0.05926400520300493
0.04234622526721875
0.014484215244412232
0.9145148379179775
0.310801381918013
0.04095830096454983
0.04919366890111053
0.22555961959574206
0.049641505831363876
0.031628158207858845
0.056616913006227995
0.012509324167995106
0.050723820269196015
0.25575978156489315
0.01607714356918244
0.04796320947697169
0.06440537564171323
0.02063512693122766
0.010339976200985536
0.018683928616053627
0.0028085125079049564
0.017945875441270798
0.014752078303830421
0.08024223112356914
0.15943032502871932
0.02322942707922773
0.07016064527189315
0.04301732434476412
0.02699695650143918
0.043802190931601766
0.02714361512838176
0.009638144317190102
0.00829964996827326
0.010035631076034961
0.03966383908404895
0.036132670550009134
0.24968931354152676
0.4470359737638189
0.028763196564318933
0.015761427329566025
0.03284538370061448
0.009469379047625693
0.018612669187274566
0.01017468896550314
0.017418322003217114
0.0018542858351309238
0.015618646605421914
0.07623928458660065
0.41422531570049675
0.07894711139266436
0.0019183510080507838
0.9940643555956438
0.9874515384902428
0.0723731737140503
0.0014440085114260314
0.004355490020372404
0.04531997039690642
0.0030985777937783425
0.09431849976224399
0.03980451189862482
0.06645579720901099
0.10365781739320724
0.17710290662623332
0.006283008686917541
0.37292532685621765
0.22292272030144636
0.19525070979286924
0.8551391334872274
0.0985863799109366
0.1283026745058106
0.2624392727841957
0.11196274728463175
0.014363029518591053
0.12891730676089205
0.14239672872550746
0.09295903293647663
0.011375655590915985
0.030039879693892164
0.2643145510685014
0.03457731492845852
0.02482073927552367
0.03928456427495242
0.027076328829656136
0.02888820653375499
0.040607138338972074
0.033643712111395364
0.0033219069760074132
0.00876455688217785
0.6118401287113897
0.041238449187537045
0.0311307142510714
0.005303721239598357
0.23466158544954063
0.26234679146227746
0.8849453399025816
0.0488505188911292
0.18225465633355808
0.0026618113537367747
0.053006920171979215
0.021821630096053753
0.24158143679610664
0.17666986710424432
0.08318799898046293
0.10305029287307625
0.015601637586659854
0.009158610907499818
0.015000195752388748
0.9558031155485529
0.04526688449082861
0.012595049104596679
0.09138458219542832
0.029171549940275834
0.017184488083409336
0.024627781246337476
0.025601602525863
0.07950215613313906
0.024933496023250856
0.02157873394391059
0.02859916089011524
0.10654314835367876
0.1272578726291781
0.03954781680489206
0.031158677247839748
0.06849095191096095
0.016095057231712506
0.011646326393062185
0.21097251726704985
0.027007938278922568
0.13519949137434487
0.1541444591173123
0.05426095491312066
0.11440138869330585
0.0625926182409942
0.017378247078445777
0.04150767161166872
0.06048813208630885
0.9230568827422265
0.00428884161375331
0.009877747414742675
0.016989777688621286
0.13918091745486483
0.05904261207287288
0.004340385897437514
0.00457838101264797
0.039025184780482655
0.004642178588957455
0.012899585421950051
0.008256133066674139
0.016640987423970403
0.03297791582561176
0.06667909436400966
0.9708063012900184
0.005228515880276942
0.024673944359917026
0.02845024639762117
0.030922548651536503
0.06636668598680844
0.03530736733998481
0.0021416908044322295
0.009924322014882156
0.919213695122415
0.02025677711936148
0.020264331959731062
0.05202338979141114
0.9812850091400136
0.0699430614254602
0.31473872780639234
0.02380385140049637
0.09250503730553142
0.0059926458232302865
0.012680788248842735
0.15645167185238018
0.9034606568552763
0.7749467523322863
0.0478599846763201
0.0100097076158426
0.9772538888662835
0.02531083220628011
0.018918130613766085
0.003104125112734932
0.9638548273394508
0.055456162968265006
0.12179726904775752
0.9190927492300636
0.30847806667544825
0.17713313670255498
0.10963841174341087
0.15312768354077072
0.3688999107348336
0.13997451431137523
0.10637869793434342
0.13351704473517076
0.057255667569749036
0.19604050556979788
0.0393716637135255
0.970702016081245
0.2431056086691333
0.3227075649233767
0.20346290332266723
0.04884222532347744
0.04224953371135925
0.057946059566799935
0.07624305384590153
0.07461244504311063
0.005923218688524198
0.03639872534753227
0.0742820329988478
0.3585214532097956
0.1482858648103119
0.01688217047868349
0.17389726791000418
0.05306520926683566
0.042094865862191834
0.17566962191551017
0.013141197901750997
0.9848478796509105
0.03197017368412035
0.07003893047010834
0.13683686529234984
0.5905203449181841
0.008838987733353997
0.05738216033153922
0.1873714061292368
0.036189269190814374
0.9881716544752585
0.010590510684680955
0.1008689869295165
0.017562361377530613
0.03590816160380477
0.01680491802671561
0.06022776919530321
0.028662267217478766
0.02992466424060634
0.31782205681629405
0.2890708778009692
0.025325611313826237
0.02333751016111
0.020192751641821247
0.06325166464193072
0.5176766926951925
0.9261153645055002
0.21244582883451954
0.9503959841761281
0.038063630965570125
0.006970540628976494
0.02645136864318335
0.07758895169992835
0.035268489184506265
0.0315678353605992
0.05912042043687046
0.02758359547436502
0.1935097888071727
0.04743125280666697
0.029389274609228272
0.057950288361635134
0.004955026973899677
0.024615462091409475
0.01921732570846131
0.10116091727618749
0.05915295214879078
0.14515308772694957
0.023671030070095675
0.02967091804484988
0.003048555676489347
0.013534795116703484
0.9492816654343286
0.06319217663306255
0.02025519160186801
0.04766443007165809
0.06493475296904769
0.17272845899993491
0.799465572743426
0.5680519907546314
0.014641742284224641
0.06270549324513618
0.04841812491777088
0.04114330113476711
0.0803233180552938
0.04569971458131762
0.1135641764943411
0.0971053776590894
0.05479099935255471
0.013516950201283285
0.0612690076494637
0.06643484712312621
0.07554155272083504
0.11455373749507529
0.07467098464803702
0.09256801081479445
0.0020075415815501425
0.030697310638123376
0.018776394720767746
0.01592831115751974
0.27723383980430893
0.12093410539633102
0.015136914374778801
0.008089070720050651
0.14377334505246883
0.03625779149676847
0.07293242300584442
0.04791919229500105
0.08171045410434948
0.02190032502956312
0.212403952630336
0.019012603330207482
0.13166918270308567
0.3348536451721363
0.07725693316438242
0.07757745106586462
0.005923032002274029
0.04098435845323862
0.011043458666304767
0.06642402613313926
0.2491174035649051
0.0804529939180703
0.031809160868843375
0.1992794763383071
0.029625115990248366
0.05683194054482182
0.011300027458787274
0.030088349883684536
0.041142856633554194
0.0033598988720027973
0.048476063431450084
0.06162672520120778
0.14976678015014805
0.024382992906834416
0.002688492747989108
0.0030902758408249157
0.01305592435796023
0.016741752032868852
0.022223564871821325
0.028424721395050194
0.027210745872422268
0.8559424774449528
0.01575625397445182
0.03183291165944403
0.052777935473196286
0.053313957453401596
0.0708268286308881
0.2418738363968352
0.02667957514998023
0.02652022553870039
0.09172397438986007
0.012595406041644901
0.00439105080476636
0.020404110731073316
0.004184890167356387
0.007337838634015209
0.015773165523072136
0.0403492733415159
0.12544218154023812
0.14058907751470492
0.9884603660122266
0.1283849797231578
0.05832987094390573
0.05617025371017392
0.06796420049308262
0.2675902490822453
0.1046073357890593
0.005427214185368569
0.06585203635976938
0.012855272188274681
0.5846212517526073
0.09189629007862445
0.07559166499792888
0.0033952934738922685
0.8404306650369138
0.01297806843848583
0.03843044005906325
0.0447932883104278
0.012895796951141788
0.13493235968356734
0.06522807637793686
0.12145873824020428
0.003972559075587096
0.05387596847969947
0.09931041596379353
0.02567276636050153
0.03425088689213006
0.9182760195663048
0.06523804930322066
0.13889722531105433
0.965616843562943
0.0038460057259010767
0.020518000469189415
0.19841081892024656
0.1820251651919277
0.3429227613649
0.005880049578330332
0.9393906907324568
0.20517534558677938
0.02636617004932145
0.2833475809475006
0.013853324746236441
0.07185831991976693
0.120902928863997
0.33864352586196217
0.005286445844766732
0.12114170294829572
0.003172150096688398
0.05770941853033126
0.03225051725626438
0.062003694127153994
0.03703138108805793
0.05626584360636312
0.30665942354793707
0.9402869097359803
0.005883329731894618
0.017658942520684603
0.0392287265955398
0.1823455846832921
0.05358586646162479
0.09231049821250581
0.046570350788775854
0.33814039801111645
0.14657097973048153
0.06067747391887126
0.07258594227995811
0.05153820261745314
0.9606259226926134
0.922465543495262
0.4808801120291398
0.011266745952837356
0.9900872607951967
0.9891575002604408
0.10311432388871783
0.9844342431050267
0.014992415580534196
0.005854461143400172
0.31445359829559705
0.9911383771225163
0.5359777464757778
0.9850775843622185
0.9810390347641174
0.06353776721284937
0.2874507076961508
0.982473835735814
0.973273266192358
0.9860063863951865
0.9816975476601818
0.9776059097066944
0.03340660414173665
0.006942867956331019
0.21691459804605634
0.09002502604602021
0.9712580834692923
0.0054240962081389
0.9647849388373226
0.08018101356319311
0.11088413400002672
0.48551201732177524
0.9614142884947884
0.018958797095019242
0.9637964591283661
0.9615216940958959
0.9574552786479064
0.3397898132718725
0.34268405394786033
0.9560965899312311
0.9611436498979989
0.9668912164734186
0.01625015731636008
0.9661005842520082
0.12539919127481838
0.9417091834019189
0.031837303752429616
0.14969954116205494
0.01620213117849461
0.13109624685840698
0.12822570015485127
0.1010419655295394
0.159135124821634
0.025066972395467287
0.04943026039373856
0.0023474441583453353
0.009450863737819185
0.019333235842316825
0.026175601509818944
0.05806225013367481
0.18471178646434258
0.13073590563203638
0.1320176272348899
0.05088427863314361
0.004658810672503861
0.1560812412446733
0.20088285955450524
0.1662929848049287
0.02518788372033047
0.0061596702188995295
0.9889115300786778
0.03953845834533405
0.2441054341588743
0.016334128254474646
0.0011811967677655972
0.002733114638414097
0.15680172042994392
0.12243170125115062
0.12430074037798657
0.010846116087410044
0.4891644971448728
0.047919416384396306
0.003986518540353123
0.22626489217553108
0.025776568694405998
0.2997405435396943
0.022662344294431664
0.043146744895989415
0.4072810803490903
0.0016681699551735801
0.9802137287610894
0.010976443699017131
0.05885618385625873
0.0528008466169986
0.021111835317787892
0.028206580073555917
0.012252356423920953
0.030444910663132034
0.4260863659209802
0.0549084640270141
0.07997557153036447
0.03274193689387769
0.004158956847819615
0.014716232223487846
0.01497336009282336
0.8134242111716091
0.05418737883829231
0.0022835747600873906
0.014493157400915333
0.019934916529158513
0.010348342052540095
0.06555143893998568
0.024483563780980995
0.016067323938658513
0.08749161448539046
0.11080479005623159
0.022093159389122624
0.08948779093467345
0.06180276496922821
0.0790436815912029
0.15730377564275091
0.04296104137317365
0.050419499409074246
0.44998976050602985
0.03824638502359046
0.010210525581979895
0.051176387932925296
0.04594526057495758
0.0034041376580626163
0.006087236542001825
0.4729586492399922
0.03790384149307086
0.0028151080380101503
0.05544039891556103
0.945502124202013
0.05982369782461468
0.9127696205670591
0.7218664800983949
0.03930967617665581
0.06330013123234923
0.0021571028369467195
0.24726920408330647
0.008355106167367779
0.02245813138307924
0.11765844427084338
0.014812573454329734
0.3439964594158727
0.013996525466079716
0.046468785013278995
0.9477222584303372
0.2185675049617177
0.023311557816956326
0.0074046290646948175
0.0029352302978659962
0.027076328829656136
0.007390172432047457
0.534576424631832
0.5086266005234485
0.03024655215778637
0.02497569144688682
0.03335261130266992
0.10170488968375722
0.06070308762541829
0.05535659858328107
0.9369154857313041
0.017458359758026717
0.012297469644189965
0.9627173067919419
0.007586409731616407
0.033792317887169174
0.20110654628114627
0.0018175720116026142
0.01887729031739434
0.044695146926800815
0.0019099557857237342
0.12156976943794497
0.06321758592018585
0.03348225549901653
0.008432142331681403
0.22302212657040815
0.007273471674524715
0.03255546589865518
0.04325833386983158
0.038125416669452634
0.011820433445881592
0.00804546904627011
0.016826912499222704
0.509423037910487
0.2547459839049187
0.005152003427032556
0.9653243995764299
0.009649413997827172
0.0148468801456549
0.09507531257810922
0.03806856829923565
0.016757162528950226
0.7586849504470763
0.018979042266761656
0.0013154255834710708
0.030788187955771942
0.05812081217410112
0.008299878579083512
0.042820662932810206
0.0377771320060504
0.0024568147653395867
0.04868044182746286
0.0017144556052678616
0.02684187030798886
0.01913176206107626
0.010668559112305595
0.07641638438125224
0.032274004446205984
0.14431460059375797
0.9504403816070962
0.05924120180152486
0.006273109535656539
0.047061907502271585
0.05931953920523053
0.0027627379015554188
0.02134107985707033
0.006347247269006432
0.006869987945302707
0.026935128532912033
0.010670165574696524
0.006108010305449227
0.0288690616989208
0.0525326298241362
0.019145997096870506
0.009847563990958973
0.004473643852112234
0.014869843888683825
0.04069463262749634
0.02098291918003971
0.008944750061069349
0.03326828713569395
0.014433508270566725
0.2762824666296679
0.0172720315989852
0.04996985719870167
0.00931460347025708
0.024411198311582033
0.01332401824519393
0.03164026875696711
0.01796752182300232
0.003017883566950506
0.021496975302699617
0.1343916254854665
0.08185904092803807
0.002740334291119893
0.022514081983774317
0.07180864947037804
0.060537856093865125
0.022596785915119978
0.05236015628473821
0.05996814675395817
0.012837290826705554
0.025863926036484183
0.04517311838232065
0.006129447043837287
0.0229073488623234
0.025066972395467287
0.002907114374421497
0.0357088955327511
0.007474274460678854
0.09375959931058553
0.0010070081946182338
0.45172064087550823
0.2495079670884548
0.9544162403828742
0.005485817833102683
0.9796108702938415
0.012119409119907786
0.0015682078869331297
0.010387720553528892
0.0441578125275164
0.0068296119279317325
0.018893880414729083
0.026229648058777276
0.012735221358893059
0.001832182608801708
0.018112953998409637
0.00221979814094784
0.020077094909073098
0.029018634367250697
0.006490617753242331
0.9285745710115036
0.06700744339866024
0.03616729700029248
0.8302737712341938
0.05523110138498022
0.2297668470029843
0.3233609752099822
0.002849474357454298
0.012676018346502716
0.0022289647664558033
0.02115901157018452
0.05611395737321109
0.09903924057235475
0.015297014970104671
0.010909307256262211
0.5089688393743343
0.01993284898585355
0.022162196543146728
0.027487244218884287
0.03391036453859294
0.015045174726719167
0.014635239374112402
0.22548968739083136
0.0013709539913414467
0.00599635130839668
0.013220939062411934
0.020150671210153088
0.022436114700713165
0.016706391026842432
0.04671059848993703
0.025806221414073727
0.01816392137007144
0.8517138666573862
0.1459821629393155
0.025451140266846407
0.025215434534421013
0.9822299699527142
0.002346319881945732
0.043832249480689034
0.004690544141774326
0.037256205231819
0.0475950352307179
0.02153903424827038
0.02649451295798058
0.047655674202310455
0.05902273579989598
0.09521551373323626
0.12931810367472932
0.020043816111518422
0.01548030226106651
0.005051773172817556
0.007726318908196173
0.03172053282064674
0.023711610453973225
0.05411684875304572
0.9867586565885865
0.9825154472146489
0.9844410725416354
0.9899290917901223
0.003481958992399884
0.9292624810010891
0.9845268877633436
0.018258603984231233
0.9869376302097115
0.9900655604242025
0.06910845717043929
0.9961818978868262
0.12448164710173044
0.17479038323976043
0.9712032987754952
0.9078726353784459
0.10851622187581707
0.9408773077796863
0.01818265668283661
0.9283208327347898
0.9725025093846175
0.963456410631649
0.034553382744166736
0.8934824544401146
0.9245539504715419
0.9327479957314816
0.03402356179836924
0.08534797048772941
0.06315210206563318
0.032645312954276175
0.06540419691653997
0.9558429888929666
0.00198091148440701
0.06616604647874923
0.0785664032447352
0.020019488404065457
0.9344394744980081
0.09054614755510745
0.042564222034218245
0.09639512433591424
0.8252309045426857
0.029511514343311205
0.022773075495904644
0.023950086128891292
0.03518779775512096
0.11520476496616108
0.003613705568873661
0.20189451232504016
0.01773294961600045
0.8276407919401784
0.01568191042115617
0.060234871007461964
0.02878562264800959
0.02411984925102366
0.0899016672953072
0.0999945062298257
0.031840749054788904
0.014975669075097273
0.10930581983923425
0.08666750189382912
0.10967987658126405
0.005037402970953716
0.016292613572732064
0.046472748006533116
0.08388975682724774
0.6134621059643187
0.0029607278479988255
0.013926200568304204
0.0789279099413777
0.08922669846663372
0.07687186197747244
0.013694298672598795
0.015502797997816292
0.05165410649435864
0.06942601506396871
0.11275487539085528
0.022488936433587774
0.06312680588848314
0.6749575219415638
0.07144153611792002
0.09387912496490675
0.047420317530620114
0.1026518997019086
0.021959959087996347
0.07050383087106121
0.0793199347983749
0.5951967886546029
0.022092089988624084
0.08473353129862302
0.08857544570227452
0.3147462852110178
0.06514406508607572
0.10214874927280625
0.13551602961493336
0.9242380562928532
0.014583121856200271
0.031930085879331015
0.020449398852203714
0.08503832509401252
0.07141787425560729
0.0011217044914418022
0.0505126087906927
0.04382530864805111
0.02450280118978232
0.15628600395043277
0.07425857316031778
0.9780344642537031
0.8912278616846534
0.04568050471300076
0.01462662437991345
0.015508149447199752
0.0132250092558905
0.02744186923342218
0.009072311294603447
0.017974240418351325
0.10910280210759801
0.024292097758165068
0.03703014049352912
0.13971566317228282
0.05265591732564731
0.014361678579189815
0.013789711488967404
0.012589955415670899
0.013569683170565795
0.011043452684675853
0.03675117577715327
0.13989740353361768
0.016700043442256906
0.12227060869635385
0.23086029932001223
0.9733795668593567
0.9791510235560961
0.046977493470159094
0.06137776325317199
0.0012077183952400158
0.032125650259492246
0.8941578516509223
0.015859246281656702
0.11236912732204868
0.040908098679568815
0.00966633195994532
0.04322294387363717
0.03390837416825108
0.07450364987704963
0.040573075521595156
0.17116856167177724
0.041873159254545704
0.13186137133774276
0.017078958011899265
0.0017932473452832354
0.01863972198226033
0.016784145406014726
0.9693995646788919
0.0463723074181052
0.022343662384976863
0.017345738295775463
0.10890807501355168
0.027912166834782107
0.032485376374793345
0.00948514083399877
0.05977287559743722
0.019892234101139102
0.0025644004327925792
0.017520748828400046
0.003779771072155444
0.002225914994613356
0.4456236634882271
0.1751726293990449
0.007697799095280945
0.03790790161811898
0.020162374334724353
0.06664748747248266
0.04254514886378175
0.023314560301225747
0.015449692316043451
0.15262964173518384
0.035304487287692435
0.15759113226632715
0.07539813782712558
0.037779621068292885
0.05424018654047796
0.08881122338928381
0.03927466190538129
0.013011358297039288
0.14276136840536657
0.01088140604113223
0.0022785837862271162
0.020993470277035225
0.026261178311015237
0.02782802374744208
0.01531082637036331
0.029435835079954252
0.017410264730466293
0.03706842797185234
0.039523097062083117
0.11360338777685225
0.06491862191731744
0.04550558083464114
0.05441901151945587
0.007872832173891087
0.019333051515286626
0.08482563439541106
0.12999071981797036
0.03273482716172976
0.18343566090064706
0.046753548349504556
0.0038103530171813864
0.035431296083370485
0.03867342974288061
0.009186737720160956
0.012227313784362611
0.01223240302149447
0.009098138508143791
0.10928439339139469
0.01668462708346926
0.02854670003548676
0.1277122996258071
0.35456273086126594
0.02351554619189867
0.01618463105948395
0.03515093613166967
0.06200576698915156
0.02605737103495169
0.021597374772672772
0.093279062407658
0.013685352280087463
0.011347186083063211
0.7975144156828602
0.17459451855239702
0.28095495705580786
0.9387717925360375
0.011481516559976875
0.09645611572716249
0.01266611545773082
0.1264611673305721
0.009183179106571593
0.004572009149594405
0.05407612553020725
0.015970224509835325
0.03928152903228677
0.02016061014680135
0.20085073867004247
0.23102972513156028
0.02072275825930678
0.03242431236211691
0.018787650787002806
0.021305584268254553
0.0284454396333146
0.012770919869258442
0.13769690509516586
0.05801627135464848
0.14879208532731494
0.040855974991588544
0.0548508400401613
0.5853401373980128
0.00216828909250596
0.018358760360728397
0.03471701560911477
0.027260671665526665
0.06558351130195941
0.05796876750764355
0.004741789799271144
0.0725600553623691
0.021041608242721284
0.23126596211440084
0.283122259728188
0.07910479384495459
0.02278337578697999
0.9877756504821545
0.9577603064713753
0.026020649584608375
0.15861233238655767
0.0663077792712715
0.21525376292220205
0.0028197488248529654
0.846124360781065
0.017236895824993943
0.034570753174702075
0.9543127364341167
0.012791406218389723
0.06908037348971865
0.3646815036816466
0.09366904180364344
0.015242628113284942
0.973899277769671
0.16445109043942166
0.11044855153186756
0.013145953943307115
0.03711242976628634
0.0664792570342831
0.10807188915055742
0.04322638495413987
0.0103367241782698
0.052661901614088166
0.035347836012546346
0.027009931718627922
0.03821737575577492
0.006763944776382215
0.04118542484423468
0.004034011800034835
0.9344341195557068
0.04283641837521969
0.07386348126818915
0.005752781029800393
0.07160871877978811
0.07968059947860656
0.08303377622676446
0.06033303242812349
0.050681925670393535
0.00568262557270054
0.11855587298445576
0.11080117549215955
0.011576640946733493
0.0486306457863785
0.8434552100869859
0.023085974767697238
0.07027849904686884
0.21639778353057637
0.03462536555707788
0.2511170314061742
0.02384249527486608
0.009099895677486272
0.0799826563908586
0.171467960755184
0.1491553084165814
0.04163983367951611
0.05217476797409663
0.0067833705885023635
0.039179342751918964
0.03473411955705391
0.09095280884901973
0.14987760676389567
0.1447497622954799
0.1069502577646251
0.14862073012323604
0.03169333240465221
0.9837526288297553
0.29823494929319805
0.9800326515170706
0.4327331720994617
0.07698721335434816
0.4245679663721453
0.09212477570150333
0.9905424043610243
0.07762793186549713
0.04386318443623198
0.08102182463682493
0.07652604579860912
0.14930529957555513
0.948134505957202
0.2129022996105303
0.020548606100078477
0.014502877165428106
0.13677742762180622
0.03145392130100977
0.1603459018180659
0.004323907114529142
0.9683229897741182
0.9600928674407703
0.05290933934332536
0.02241396319973289
0.9379525647580366
0.23898212493945853
0.005080313777660727
0.014588463546474776
0.020109615808415124
0.026720595723147104
0.40747332832379857
0.0664179022908428
0.03246218988203338
0.014492470818977306
0.004866051426274005
0.0027959048607650665
0.06510387858534342
0.014424697053205452
0.04658578951522339
0.022883394393258705
0.11860836600684885
0.04337267599861849
0.9793634678356576
0.0780469173978155
0.9900804954794995
0.030273060799282298
0.17296974612189986
0.42989664688326656
0.9103342023350677
0.0784073579699684
0.9760650685621226
0.0422121172813377
0.1079042587990094
0.0038780012534865623
0.19113860023196513
0.49312167758961856
0.1694235026791644
0.01355609506981003
0.014960803095494064
0.2210150003266889
0.05364315334327905
0.023697529236594798
0.41877748709882234
0.5685443496278507
0.457876767557876
0.019032008189166266
0.9857847528594491
0.0532460634976646
0.37217205171551687
0.017835372279145507
0.9804665079960264
0.0016464699812836013
0.9472626924621198
0.6062498555079319
0.6220184016678383
0.015024752713336701
0.04125537735721245
0.11386882054020225
0.01407484795411479
0.04005840667084981
0.3108994220906417
0.06390134619408107
0.0016091222638320536
0.05026265019220654
0.04858579530804198
0.05528464473954967
0.004193573355411965
0.08343519731551684
0.13663499323190492
0.01564551415710553
0.03646572305533092
0.07911876355998318
0.9049677845137346
0.9730442728641839
0.18578620810331697
0.19943540037636476
0.06148932470853581
0.002462271989074793
0.27347079443053396
0.01911342326714898
0.024835896411586955
0.09754019011505954
0.06033400158814649
0.08592387080196001
0.042612654234076786
0.01964000358378721
0.024623642221253527
0.02382722547431063
0.6923912568972641
0.09939395847326937
0.013587748793784122
0.3234646770575387
0.03879831866134694
0.011951175093926954
0.0022457959799923708
0.005795972417451796
0.5669885532943189
0.0017385214704311908
0.007716148871247586
0.6660729364841075
0.0572056103601548
0.026483617095604692
0.025128061425124134
0.046099043559586196
0.0174578704698104
0.04375795212724181
0.03463323561036565
0.0014420194303012017
0.030431210578509723
0.026245434146680933
0.012143770308976704
0.06057398308512828
0.02297117448898434
0.013957165406107468
0.07129450172173468
0.03207843585129053
0.0022159933273313104
0.037296978780417746
0.07638367928384614
0.013780471424983119
0.9770734298737739
0.013115533290563381
0.0021785380884449842
0.0020712973106225443
0.01003514769529839
0.0696729476145288
0.011352074067522214
0.001829341398352163
0.0889210164511849
0.05201148688305806
0.026545365404850176
0.00819568385798608
0.021459096839407055
0.04654974767839798
0.008546581148602952
0.9598626199653792
0.0015365132623513622
0.06389292033796029
0.0023600133411539855
0.022081484578628872
0.017491140014026768
0.0024427083723913027
0.0011810776374229744
0.02023909471377714
0.0019434369052789085
0.03078690068325711
0.10948748265568665
0.01125951955391938
0.02553064451308884
0.01069982316998653
0.010417920870565173
0.055006567073487195
0.0008351955159802064
0.023361801701124806
0.06951069514527904
0.026429999680964895
0.9872478999272679
0.010381530285011906
0.008798763072618392
0.006253570189248961
0.00584429032578674
0.004335633511437991
0.056846854906407764
0.02945209083856536
0.23250329216086776
0.0012797652758371858
0.48389131837964455
0.9875610026317528
0.9854954754754319
0.00425488266180535
0.017229599454617828
0.9864424796184467
0.9744592983001988
0.011382868710721314
0.0032530821464700484
0.9777266711947922
0.026465976167674553
0.9391642088893742
0.03456731750145993
0.8300459006547657
0.13320257886046208
0.044779115680675545
0.49323870881398474
0.011397797603915747
0.009713234538425692
0.8742016495918549
0.021176358694738665
0.04893584054090294
0.0014110325603244936
0.9913342388317996
0.9590928592147657
0.0021975117671881113
0.014865718465292152
0.023141784918618364
0.05075169616427837
0.03696483750499275
0.014004915042192792
0.03011918579384139
0.10462652566900427
0.11168812374237977
0.007559096948375872
0.11643779348214571
0.9752530877480818
0.010483542350348835
0.32444650930219315
0.9922684755439327
0.19456987936633852
0.016197635568312743
0.04157072482146956
0.022450310152337595
0.011655918264356926
0.2705157218655014
0.02615046798660684
0.02773803709150658
0.9901532316048595
0.02010507259928496
0.20412305764757685
0.08905343806384561
0.005128564611578033
0.9402240037265842
0.006025169799215162
0.033323421321523425
0.19853405960410633
0.002713773200952083
0.024507442493411514
0.19134885166814047
0.029096989325114696
0.041760234930484495
0.0008507727557864696
0.156013058940976
0.018095170509806646
0.16553921120844156
0.9924016274029649
0.023121431744730588
0.3907066897652346
0.992237152982383
0.0020209286227348667
0.0772081855183591
0.03508176159001001
0.9905861885264002
0.016043782125998517
0.9375700684675238
0.01068658476506797
0.9574729028908927
0.21104932131796525
0.005216107054277203
0.9705554731820543
0.013532551957547963
0.37346039916207563
0.0023927903247455496
0.03785959791833616
0.021456331181958634
0.12346172593059343
0.017562266084359138
0.11100367498211372
0.009765956820048792
0.04295213462759659
0.04323087030725846
0.0032115044787517024
0.02445953562955233
0.040466383202677904
0.01832790912484026
0.010505487029276618
0.048186421792965416
0.033972824703176106
0.6889590028657484
0.017944510297130404
0.37589720652775277
0.029133761644345082
0.008713522580691796
0.04978303976613446
0.6672000664012012
0.55203207476982
0.15807056684566706
0.6204359528328581
0.0620436990215458
0.040784234585454146
0.002134178180549136
0.03481407107327647
0.10542517382158835
0.0395347839377452
0.3541130750872548
0.0053983181412067096
0.016604597679528627
0.004686362284584645
0.02492177678224408
0.0036540702375226896
0.1607502307323265
0.022678075055924497
0.27834051692372624
0.011865280645273367
0.0021154546745835844
0.04811634161269029
0.028427275612742057
0.02635755891173215
0.0077821297766004095
0.8349810898531299
0.005630057712411831
0.048388973115291466
0.8703636972466031
0.23054228408291777
0.15478691762978541
0.03601372597861969
0.003493045261029618
0.011691761225072322
0.07683390265131627
0.022170243646393535
0.012996660024096475
0.025944420609091547
0.041140251124482746
0.23019346210011268
0.08019216022744395
0.30395832010648494
0.9255120025232537
0.025565276303654995
0.07873644497837903
0.013517644036095271
0.019073505545803414
0.06751680454412137
0.051670361780763806
0.0014000643037183843
0.013856921143884508
0.004877852505543036
0.8717370810638669
0.7403667140027187
0.01445856090578362
0.03965943349240335
0.008484074556166675
0.04007653040057951
0.03623101184052434
0.21470710098167212
0.0016407530213793555
0.00897803081682398
0.9879166217901366
0.9594217777464665
0.9690591596195223
0.9785745154284025
0.06218955950138297
0.9196540251698221
0.014406285973815767
0.07730948735664889
0.23641224843907538
0.9753162489569606
0.007217346827681112
0.06685668338981648
0.03440607407154651
0.03311111399856587
0.04744323734991539
0.9892495382800367
0.9847887181252667
0.9625187561127067
0.03458988026397037
0.9899861032671622
0.011697022182034071
0.05553310416328448
0.9848269308953707
0.9752887662442069
0.08313681408848415
0.02206526203884408
0.020763485059018934
0.005639023101054637
0.04458848624260751
0.985483680599405
0.008794936097108748
0.9881874171282418
0.01888195661472598
0.05414277996434318
0.13512311339591485
0.2620352315690471
0.9818123645063994
0.9893809209786598
0.007784069650115566
0.9892975420504361
0.990504991327644
0.03248402555247699
0.007429432030390089
0.0071559544614114515
0.9899456642770386
0.016488468428285403
0.9839951982806762
0.1600729906496331
0.054265255501789275
0.024500604608988254
0.050299826891005435
0.9853219033641005
0.01900726696099595
0.9883052645118955
0.9810106545367308
0.0034819717712317433
0.05085535474233639
0.0015233636075943431
0.981100005563282
0.2040910516742456
0.018591034004743604
0.97733587435357
0.9683190908407042
0.0011605875945378834
0.067701750780602
0.9753502814056785
0.34757086327526
0.002367192800369145
0.0388337765559696
0.030373788722467137
0.04107161795796908
0.11085302954577402
0.0036529583720199374
0.9789223305025427
0.9768059478123042
0.35515211864157537
0.04054538238780069
0.9567714865941364
0.013384461004372584
0.9795933772611386
0.9706448976087564
0.010551092757957284
0.07676472642619676
0.036693035570476984
0.9740727295945656
0.06893795888912993
0.04993572082334131
0.9793673477785797
0.0381022500703858
0.9874034605465413
0.08996385465823663
0.9756037884171799
0.0130419821766294
0.9712840445289103
0.9730849332964114
0.02379209171028599
0.06776886808327177
0.03629413573646107
0.9798900159649494
0.085060558402399
0.9614301810048341
0.08290814088105246
0.00228121362769192
0.005520712921243042
0.015137542538185587
0.0014286451442096222
0.04458786660972637
0.966491156506722
0.017818871142723555
0.09361858954315026
0.009713816007604284
0.9622631919554825
0.9659488442167843
0.9698699582595223
0.12036462353724615
0.09264312480793727
0.043543389491365395
0.1366568885739509
0.24351634448094608
0.35336210534657675
0.037464475733209476
0.1761696668687037
0.1438480849568368
0.1550481357143612
0.16873945494474837
0.05247520705272677
0.2261256468616582
0.3671567336602408
0.4692976175563746
0.005493915042487856
0.8475087887478375
0.12086098076909023
0.5693084678537451
0.142400325643801
0.10754562018731516
0.5337041189403392
0.9730600155007461
0.2507838472905919
0.30908892135444216
0.022812146701598108
0.08562522597990721
0.9832799876763405
0.030450070636954568
0.11955659158708355
0.03559729850277323
0.013185258960962171
0.08298590423670232
0.05730085977565812
0.13955162915086589
0.642407268677963
0.09283977028821179
0.07988546017233172
0.023835028924570793
0.051021845303552645
0.08481394083711179
0.034353068786610604
0.9897844278677682
0.9819674959587114
0.9858356411347807
0.19799171816659622
0.9782887085430529
0.12166025002519294
0.6694723554179093
0.12112744902504989
0.1649515387470702
0.13650534619620508
0.9359484985210148
0.09242553187075611
0.25344061048086003
0.031175144415495095
0.10604198884508391
0.966947851234585
0.019743590669038656
0.0194384426787585
0.9864382919659952
0.33835927619177
0.022907826432124974
0.13155794491839012
0.043625756229813684
0.07995008072797392
0.023308046306034017
0.08423413410524395
0.03980692717064322
0.980961942977617
0.0015307014543128094
0.007970942155485657
0.012185960490225318
0.015696893187072482
0.019511913671556545
0.09132307637231825
0.01795225043350503
0.0936415091771253
0.006913835841052499
0.0198980127357805
0.045216556291403844
0.004202789254239532
0.025212034598966357
0.0448957600220442
0.03205331619169315
0.08409235148559864
0.020334719566373106
0.03918738859406754
0.06533762055146904
0.024771662311948533
0.02428596730823537
0.027300478284525538
0.07766023546737225
0.030572047404224516
0.041999572274865005
0.014281662879939436
0.012191972036930654
0.017251299691004217
0.022166089988255224
0.01624892163463167
0.007352977183035082
0.054660934243762005
0.1679493497371587
0.008601185316082111
0.2128693510310582
0.2571144866526745
0.04625209332178736
0.007967856052899586
0.05565730227362673
0.3267206180511013
0.03668557072074854
0.1766892450416203
0.020995232863133196
0.0016605272746546534
0.04394624822256881
0.0016008001871014102
0.019455853603424115
0.026444629932776662
0.033749054680352546
0.01869613580766851
0.0363626819019882
0.0014362042827936608
0.8510943905886565
0.03374174134519561
0.023666315696234178
0.3839034467981886
0.005751817866849457
0.007666495593138001
0.07714074911012882
0.0014125969706575109
0.019822845615217348
0.043883885720734025
0.08304548212976137
0.9314673430611607
0.0065727978421171555
0.0005168074042941842
0.8156318623146832
0.0047922669278442015
0.1507041211519292
0.035186112243498914
0.006811234322529659
0.42070956845180235
0.003898813713499549
0.9713660063044887
0.014557988524304956
0.23089953664040713
0.00758702471620502
0.011454004163312784
0.023685985968996223
0.07209024519395779
0.04459264979030199
0.0433500790813412
0.09171583128182184
0.0017168349136551212
0.010817823009235143
0.12371379008911983
0.05668851907414586
0.00774994610632071
0.01687602483262711
0.954469354046726
0.0023295111599865165
0.09849137864352742
0.001192716115841286
0.06966527848852437
0.019158546659283803
0.7980545762344015
0.013623027961905669
0.04020877086353023
0.05013619689325912
0.07223658253187862
0.032625852721169434
0.056947960919472435
0.09042296626036642
0.01744193819363857
0.006284184964910902
0.010001678187783232
0.002702301058225465
0.008552523897322785
0.004815407115967967
0.0753394343151995
0.05507754017337822
0.03078216882752701
0.09229006457343024
0.04597669152348749
0.020058840937821554
0.12486640758419741
0.0008618026091632658
0.01119718335649798
0.775031591037957
0.15811924592612384
0.026910400374055624
0.10275909096721746
0.7383111895899689
0.011729355245513504
0.009803799385509387
0.007753491925419572
0.02611259162062103
0.008019565680648343
0.03464102365653778
0.25745121288675693
0.004983175683745662
0.031698757904029075
0.0025158443538384765
0.05896932501705405
0.036157745251418585
0.025196701561261376
0.0009718407504779459
0.007878581432924364
0.039631936637963
0.29471609645181346
0.00825889846008616
0.023247420327963366
0.007398847084198015
0.03322427760012075
0.8316164457222178
0.13004492195801778
0.03110746777153873
0.06105055541359174
0.3617120132155493
0.02175230175683519
0.9273071383313954
0.9807720038807776
0.020333119934928215
0.0016149622107924232
0.02089412715991749
0.0012411944745002626
0.15951182284145127
0.09532056187220488
0.9209352381980929
0.012372881042957022
0.06358232403877352
0.029406890113321423
0.046441121908641934
0.04816564164345022
0.31221693632690894
0.9907134669461511
0.19282671583571218
0.008707194593191317
0.9873286897396676
0.936702378571612
0.04548118248803912
0.0263894997790472
0.036255488793862374
0.9710513528533754
0.009347230390377992
0.025522429520366048
0.05086589118073415
0.11533734816848827
0.09395341388108756
0.16982009597016012
0.7832026899631914
0.03141409307758213
0.32740433963013865
0.015057466829833737
0.004497444500320022
0.1383053813445662
0.013932281870151993
0.023923676627154562
0.03128473233297142
0.27296108279262177
0.09618705051077305
0.08880200391941626
0.0758718829947487
0.11585150333777228
0.03664574051997832
0.11930207226323535
0.1345060236608251
0.003119686483813299
0.00974610614035423
0.010594374801226483
0.042569627203265806
0.04395017032740668
0.0056197598295562355
0.020096201221311574
0.012343822014534376
0.0013065251860383087
0.035327186068564366
0.0034431477339462355
0.01479820850380336
0.0622118671980268
0.03087324545624208
0.048747102393572085
0.024922828781146957
0.043977556477716014
0.06811234552377379
0.06211890762465033
0.0683614617533759
0.08127550440125517
0.05821476410845719
0.060420664367701854
0.07114137922422036
0.24187741876604227
0.009173002116304575
0.24316436118397036
0.13903628185044317
0.13757442206879114
0.019868002083473443
0.04459444053203977
0.05524458993156486
0.014884896213037123
0.013150244976140276
0.015487644768424435
0.010789685139590789
0.07965498219718938
0.08327592361600049
0.04699281403271557
0.15226078310096233
0.045082053699722006
0.030930071398396267
0.003321060422085887
0.15245382283217015
0.010657300533685347
0.27375047941913677
0.9195508829294589
0.03327283999290282
0.8220409482125679
0.004169204188366414
0.008664299033266305
0.038447030903641
0.09755865704362254
0.4100887010933653
0.9575453620663372
0.9045268824049809
0.002019999039644981
0.027150812973938773
0.02747004787283225
0.0281457614600546
0.057968007430772794
0.06733934064852336
0.9807512970131287
0.07723751144806096
0.025609285717678575
0.06446728702205598
0.04741120197057334
0.11574271516564105
0.2673920604298219
0.07553190077719642
0.0777085942452308
0.003052689327092308
0.023880808623484802
0.06302371947270151
0.06284732369113206
0.016704327691700258
0.014998942635221802
0.04000402686283879
0.0816538275350996
0.05102707006963823
0.0028899154467298556
0.03097782327630435
0.019454627707708422
0.9799878726207875
0.012330042648087892
0.055459609299134474
0.15450944855800405
0.04101838504316328
0.005213127073384011
0.003974753471451732
0.04608544278061354
0.010353770932095175
0.01794167925930609
0.03330719158621682
0.03547859647101273
0.048566591828748965
0.007853502664033117
0.16542525516266393
0.03824676775294943
0.04880593951911194
0.07278397645741543
0.015941769607092274
0.014437261699105088
0.07856614620043083
0.01148572724388711
0.006963753783368299
0.004786353541144376
0.04078728116629962
0.012564751076681523
0.034199611443813525
0.03470584798552334
0.03852641273751843
0.06470145788896327
0.070737930868557
0.02902816818301999
0.03863646555253552
0.01009554386041222
0.11503350029308726
0.15242037909828332
0.01979015012969667
0.03097782327630435
0.004256084713146733
0.08359239405959183
0.03115446462509553
0.012382885566951088
0.023865110493484627
0.0027060037355579
0.9616384481935205
0.0058401799703028286
0.08797543955103687
0.0077508438827240235
0.014868109663244568
0.3961558100167785
0.006756910984804472
0.016285404145524776
0.020926914078935342
0.008844340783946442
0.026396507132673268
0.005838284163813149
0.03467028573808196
0.021004033829844466
0.02314882303616271
0.01674772774003642
0.12401528875920341
0.08238670190856953
0.013230992900753667
0.2402753615387707
0.025806221414073727
0.037672579597304856
0.07216445648082048
0.021320026131175732
0.0018773888506203242
0.018813369452225736
0.7619694024820747
0.9713322386300945
0.1440224064298592
0.4326082762232613
0.012036455843230293
0.061577889498981866
0.030865124518905242
0.017004147100211347
0.7983060255336417
0.3337836275045797
0.07062426726042548
0.037523265664217625
0.03826022606300952
0.0685889849424294
0.009332452529371267
0.001038629760051664
0.0056906083809293885
0.0025531300852163273
0.9713979873751453
0.0800845895500583
0.20259191728869227
0.023960308420205988
0.01905365664353139
0.03238990201474895
0.025718933494592835
0.03538375810770372
0.04154468469150024
0.041757542181678695
0.06016054376199747
0.007554349586134408
0.06525011363481246
0.03233185157299697
0.013660506403823366
0.06449791592020102
0.008791771934144326
0.038637548229693765
0.007053098838296803
0.18000851421888253
0.023915044771348922
0.1386767556650858
0.03758313284483491
0.03668881956558127
0.06412490995481772
0.07916426533009531
0.03677778245512347
0.016552733688990007
0.140009945312058
0.09968343829060106
0.06588663525901235
0.0152994113596911
0.932877844374378
0.026662066813668707
0.06255250147435233
0.10886658374918472
0.27010190307102666
0.00570754260424335
0.09581873381913188
0.06820480135372262
0.07295754021995325
0.35231102094503686
0.3355802239090458
0.12416404247208492
0.027542864887243206
0.9825089635254329
0.025754250652457
0.05793500518350392
0.02371860266817445
0.1126918976056914
0.03470818995779735
0.05583357707624151
0.024915837160317592
0.02194991572311359
0.10937292727839905
0.30307233093345687
0.036233150063881704
0.022778131279813353
0.03444565725892962
0.03483746546838899
0.17513075836794326
0.03960211559398318
0.09329585814731474
0.0185771808338078
0.0373923979283016
0.11882454112228412
0.018816186253581932
0.01193772628853873
0.02797840366883538
0.06662281461840068
0.03456428505198455
0.06439013127598339
0.03459551177789249
0.09560310407342913
0.016328590666001987
0.13382122128449467
0.004529832163449501
0.2719917946021857
0.08925141439859241
0.16446549455774667
0.07060017335080389
0.0909407289297155
0.03523462832546843
0.05282327663429387
0.00943307864855987
0.5048593039638197
0.11621496535828707
0.05660523391114297
0.24044509965935193
0.14390893903326948
0.020802925894619857
0.05238446486865066
0.16575586235948309
0.9009480667820313
0.08373538502257032
0.2180559491821146
0.49801858218781264
0.08571835341379481
0.26295882946097093
0.06407460280373606
0.13559255066048198
0.4325963602342951
0.08152322988488678
0.013792565875462771
0.05512089297158439
0.01506233982831764
0.03238261555976614
0.23272871904094342
0.025897983028496004
0.075460869140985
0.08910828303184092
0.25453724687139667
0.02182431565669189
0.11849693901148117
0.004738856873944434
0.02034359610827625
0.0526917176972282
0.011707607834820796
0.956626473143251
0.054066237403085665
0.02030658266653595
0.002412549910742744
0.01767586231571226
0.038866334277160394
0.03823115020777775
0.9758244565046479
0.005896976215268064
0.011984786151315296
0.010043210594494268
0.025574895900231317
0.03154652169072758
0.016630005253653435
0.0027382501987416076
0.023828830034038156
0.009781737827243092
0.9614690233357367
0.0019803295997641076
0.002081940611903167
0.30017559103432323
0.00429145482491265
0.955019414728729
0.004568851811391589
0.052816952569401436
0.005849341903302583
0.017930996454452924
0.06026606573200783
0.03672052414939457
0.035320387593138027
0.02262306380988726
0.4660508469869369
0.005942933769889292
0.023342803407254007
0.009190291016545853
0.001892250082082297
0.013956816731866556
0.005604058793864057
0.14164328500074724
0.025464867738751944
0.0011735002323695904
0.06795332645891843
0.039467392265821945
0.021339999539604002
0.02630922336134918
0.022898343159807873
0.0015257942095903562
0.0331276782486594
0.008322196670748258
0.08959557272923213
0.005770641250471561
0.9752700511939962
0.06708337137164064
0.08189249010799822
0.04682257948320935
0.49212963964391393
0.02723903044076765
0.003078861140924605
0.10446795633426714
0.040138670682993795
0.03957582315404516
0.05598088409751336
0.010991680715248779
0.05038158764385253
0.017461366132921242
0.03929040944437766
0.045723313079290596
0.024022465686856703
0.04234254929410932
0.25004481439979087
0.04330261590736009
0.1636652980713592
0.07745762835947126
0.3988062338380388
0.14761334230006742
0.05647695257204201
0.012174210125340708
0.16051594749730216
0.1784113559258635
0.01821551642446138
0.0272112077424004
0.007449462262104057
0.0017133125041992735
0.01533789512648072
0.02092275287333611
0.031188014682508872
0.019635677604373944
0.0349934851155138
0.027722940777244177
0.01091360732886998
0.029593078453893508
0.24198514039154434
0.030526750508793037
0.010302614953675494
0.01921731928542965
0.008418815665819365
0.03338015229363226
0.0611455640891014
0.022366131450857973
0.06476020468665479
0.05690779961454293
0.021200161456511966
0.01626092221100423
0.011816780766920587
0.008982804481768603
0.006834074514308781
0.06940118777604551
0.016214037155547794
0.009225022359517178
0.010382856505799398
0.025635849784196255
0.02518470678416752
0.027628105854861595
0.033277875869598385
0.9549842783649214
0.06573768296684405
0.10590802802646367
0.027854649400679332
0.08375258536370915
0.0015570621072386835
0.038481194888543374
0.04033554234081871
0.040215227415513984
0.11646528978342961
0.020003773527314427
0.012295840436430443
0.011145604838727978
0.020150870226813618
0.04971639931621569
0.010489879717210219
0.01740456326132457
0.037766935586116525
0.03530232575532541
0.02151434967541347
0.0033393963439245955
0.023009809857275906
0.030209543156202525
0.012892327948646986
0.10361216130075376
0.04622270695286152
0.022179861072942418
0.007903877041402012
0.01574250187127484
0.015717765577160325
0.002815017687254473
0.008980444630236622
0.0031551922629841603
0.02795222615292267
0.05868211669330148
0.014825875524202123
0.016114403657049376
0.9659828123306724
0.04529648160032295
0.0058237768396914675
0.0998872629882012
0.028121626007017227
0.09005635341491984
0.2091251314042988
0.027177285934454485
0.01665689823817123
0.02746744188507296
0.004270506731889927
0.013751147090946228
0.9519319293848238
0.0071136792396680705
0.027806841246309187
0.9416511083223155
0.0931386602963091
0.04028086231857711
0.10302183938493738
0.023699196664541206
0.11230795493960621
0.06894537885207172
0.15356850716866896
0.06465602318249854
0.031066217025591106
0.004763552624942946
0.007304637561504319
0.1183432535929515
0.07444693503910547
0.09283262100888258
0.01334273236842855
0.13748506780653252
0.01334273236842855
0.026858899229601968
0.021595659017647116
0.20748114105771043
0.9954950828657213
0.04345933655019195
0.004616582853331269
0.003767865982089281
0.04302916671824098
0.03570584237249539
0.051500564313612586
0.028092199251666342
0.03202787955435683
0.039551957408773354
0.03377704990398048
0.8548239544703584
0.1072246016213042
0.055500277072812625
0.017620765876335747
0.043190435573850265
0.15323180259018224
0.08104808473140634
0.06038671797249756
0.003798784014720309
0.06172307381240034
0.10959588766489174
0.3697244955283015
0.020995001786069382
0.07646828996520308
0.19132368936691874
0.02785075324924552
0.005616473092285292
0.02072169412538042
0.003443186008206893
0.030022155721634608
0.027341456395242922
0.0036140773173961426
0.02368436579000407
0.9647934303570691
0.04119331389481672
0.001978602265698778
0.022105061349792645
0.16572218054297308
0.011183846223975408
0.13254796278422054
0.004817915924793096
0.4881626075615817
0.14218493512779953
0.02560699333216453
0.02001399195913793
0.007067116293765901
0.03361495181143177
0.07197518515639738
0.028458064258443477
0.016411420286840516
0.17443126230611206
0.05761068321904149
0.05536085225652996
0.1375964732731812
0.04101456044514784
0.8610342655595294
0.030754534476683932
0.06876485942223687
0.05018221906986209
0.09538262245360755
0.9022359557167479
0.023281851412566154
0.13443133059188567
0.8382140873055968
0.0021124741337244578
0.015886506169466463
0.023210014692818526
0.021857497287640623
0.0840223815493962
0.01592012788942401
0.011229165000070653
0.04985490712607669
0.004117682419360106
0.01601168899443446
0.02078023933556854
0.03137078299362197
0.015106387501423226
0.015671748984710118
0.08374545712063998
0.03951665559372453
0.035216835217295926
0.01183321647317336
0.004295607215469086
0.013075902726527573
0.030613502062523782
0.17839085953358644
0.018438406809540852
0.0669764586947117
0.02677650736733333
0.03854285020313434
0.02731016831048799
0.023335140260165955
0.013676402917514286
0.11290470965868304
0.020999397111043584
0.008839933586823306
0.051813774405150725
0.038048230915782494
0.016173446927781412
0.11840044857479749
0.07413336582450773
0.17071609119283088
0.06432463973515895
0.04612331011062939
0.002828114833262068
0.6993419418703
0.1386892323668643
0.08698003349717053
0.24876393602615257
0.043471856062832756
0.09223906438190993
0.008773226611600723
0.08808854891278813
0.02245716964428844
0.01650783058578323
0.010670407775523619
0.01889270193434518
0.02848736726147359
0.8018065028682971
0.016466528675013997
0.013439071958430865
0.0146791855230223
0.14043277646035898
0.22623203943700046
0.018786354552319504
0.1354668309336808
0.041308472301541284
0.011212902606558548
0.21690886040779295
0.14725393856486815
0.03438798371613207
0.9658572046505307
0.3712414019280131
0.009779806773019492
0.07700653244232081
0.020470322540741662
0.01018126437347209
0.9820002262334959
0.05774449898260915
0.008219297272447149
0.09738540006789549
0.029399668731981313
0.9852775269571865
0.2471267696448926
0.6307970967000046
0.9717532501373469
0.1582791020356271
0.019978997306949277
0.29976056462060235
0.9159094791074452
0.4193408239479004
0.058466060495000007
0.08555224003649985
0.02313329070205422
0.10716296056258423
0.2971802032974534
0.0896582039502062
0.30419047912643266
0.02743864989184035
0.2098373154221465
0.05353829190205449
0.9595317659736633
0.1392757811385628
0.16725534892396696
0.03304301690590248
0.03483033278142907
0.08997160404287152
0.9852472105022128
0.9711412832328541
0.09787313806056426
0.9527466382119569
0.11280923123707794
0.949763152146986
0.9386396847753227
0.9273386062383431
0.9273386062383431
0.02750522121004543
0.292478875515007
0.033734164937928385
0.0036788111361814617
0.13324313951284983
0.008722829855530948
0.11097561161487379
0.18853840273024655
0.010780185098984612
0.08894550488566777
0.0425878224192397
0.11814324860251624
0.058453418165589105
0.03675349962305481
0.41261394017775127
0.040194696836352455
0.07850742775600512
0.06598232130246941
0.07839918134821815
0.3282056065113305
0.00655967334946806
0.1112240852444159
0.02572788515278648
0.004910388478304365
0.009945550164943237
0.22814168099682658
0.019252327679002965
0.05546886016104461
0.2654882321192382
0.27709124413231034
0.9246116847297822
0.9350877922934493
0.011382286039632298
0.03067614921541661
0.26669744212942526
0.026646191898765978
0.2410405635910247
0.0886957392659066
0.4022691957506396
0.0650518166872847
0.011619698647731713
0.4189521048691086
0.024330852615193185
0.15217107558688367
0.1210537354612158
0.22294135820668673
0.01568225631992408
0.03165160528324333
0.004999632290225578
0.0199641541975697
0.2678099294207425
0.2504775290096335
0.42924875632978776
0.05883497306651381
0.2662253507159807
0.22376279578684394
0.9879185501094531
0.06227336377700983
0.9208120573192221
0.00324414064226589
0.353216757597106
0.17989428047514766
0.3181094420687654
0.02835320051259452
0.05224350692422073
0.04602868524603118
0.10967839109505248
0.9859810312089927
0.10405952691748539
0.16756077057863863
0.11409434499099096
0.07337195551885677
0.0855116853230381
0.15412285696740236
0.037303728983993596
0.035600586460135177
0.972641492262252
0.013599308199786863
0.0028408542018730893
0.0012044839552601474
0.9843682385269937
0.1546918711363089
0.9724582148772937
0.09636761627036602
0.9796516362023024
0.048631987221220856
0.9360164772626655
0.9742379897905246
0.0710809756384009
0.021276839583109823
0.9687118713121041
0.9526990993762645
0.0077340658760866555
0.9866673646783825
0.07080980232397006
0.3645503286493565
0.006487237809748205
0.031853455940611286
0.02217822464558009
0.07123275108382751
0.10063206004402699
0.0008668540972052385
0.0025059458287120724
0.03493978253204592
0.027080724602285392
0.0025090019973638975
0.023436928333679635
0.12176460636621253
0.003797833290505012
0.015688852060241055
0.003948621370763137
0.10622683001330276
0.007642560692121148
0.023693643308840908
0.14499641187055534
0.0031955128688476472
0.9884509767624281
0.9209327598677054
0.9580648190088824
0.008429851950638993
0.004859025364084499
0.05740548900722233
0.006052983124085253
0.008597402612557675
0.036843014231971824
0.00965000721683427
0.9826240825860223
0.0810113520483818
0.014203629750499245
0.18158906030139615
0.03689200525434835
0.0012009532204724695
0.9671392484123765
0.040796256406173015
0.01982007116216414
0.9782902968175005
0.07572738998804072
0.006634418614166456
0.9861401010740305
0.016693388970124734
0.9873808887512124
0.9858027300674077
0.0359739991791908
0.12935309440778858
0.0009278892517556614
0.019917181589283735
0.014022692086499105
0.9858546162295568
0.9892210324173655
0.9917850473931731
0.98008102082137
0.9854361253285283
0.9829887598950576
0.050481739424727605
0.0405322155994395
0.9853857114732483
0.9831793362529936
0.9916982768467951
0.9848245752184733
0.003699247029843093
0.9849004833456592
0.9802727286099057
0.008984603289012768
0.02018497119448562
0.9826240825860223
0.011110868960874341
0.9876987285492573
0.9895882048739715
0.004540494581944118
0.01612234337155858
0.05623180733776469
0.04011505431327143
0.9831184215239003
0.011643620832444282
0.013166082847993464
0.9847644158685714
0.9885076395979161
0.01595300291301871
0.9777504429826288
0.9838922910317391
0.04241958277781865
0.012767065455090479
0.026803496125552436
0.9471181694763167
0.9484169732468453
0.026297138932651606
0.002159843079925033
0.009920285696007588
0.09348013825367933
0.01103155093587698
0.02251644138422844
0.0028255831136399182
0.9671609238056466
0.009567483096495766
0.0010794550623584376
0.0071193109741548985
0.9346141404065789
0.11907630136971238
0.9428940875956514
0.006101546850598685
0.9379101915471538
0.008522455393570206
0.2848145526319788
0.9536415752149175
0.02114185811032665
0.9608386946173882
0.9524658376390293
0.9200137036544108
0.016804855689778353
0.9171502979571724
0.027025430448254298
0.9537736623958963
0.01209767245949782
0.9710532880213271
0.9485758429196194
0.9505493097321519
0.0424524976686648
0.9585029500512645
0.04208784382801483
0.01716403454880138
0.006998973284489802
0.002091075015601181
0.9635228157747098
0.9555789681207844
0.9450953494340879
0.02150216149257294
0.946100611853077
0.0012880904806286551
0.9528713486636571
0.003041962836022953
0.0013904316065019937
0.011139176997723849
0.0028684933632135167
0.008007528796156526
0.012575887420871807
0.942182233679677
0.001535870696701049
0.09745712991540703
0.01585065043547004
0.9450141720477642
0.012978559531367916
0.9718248999750863
0.016072293327005854
0.03151572191942772
0.04218765700454192
0.005224950125505687
0.9725175180162129
0.9526035544021696
0.09445131586093511
0.016546843375642523
0.03483173783442654
0.016197157678710584
0.21518870042176674
0.22145991364630604
0.003920557928791352
0.003925984912244007
0.008669320807247773
0.14945053405199474
0.03786039707864545
0.036671997665298224
0.03458674332756774
0.012145032216820053
0.09389121650311139
0.034035792589505884
0.017345847568865726
0.06365342595446244
0.011273732286541542
0.9835058784633312
0.9761537970476187
0.04824706766685078
0.049658015878247704
0.046686160444675585
0.9674449548764977
0.9813403717477973
0.0015916954980083038
0.053386423981645836
0.013302276562518405
0.07961579908703767
0.10775301929353116
0.9708981288712386
0.003623165515450005
0.06816036097352417
0.08803425225318962
0.07818151176330139
0.054068445109263875
0.014774929943463312
0.03556520494529595
0.030006424732090406
0.05311510981754379
0.9841852927774053
0.9657945599364487
0.01819745819173654
0.05326903657596697
0.06813599387192287
0.07117853945755027
0.10100897288540094
0.04373290767844592
0.0028465789267447185
0.0342210357771529
0.054217700220573005
0.01971346352653901
0.00344906736529648
0.03225010833778607
0.0021469004637027947
0.01569783207862609
0.012974754697745575
0.9759916256490901
0.022169881598664724
0.03447491794793239
0.03199655324340544
0.02349262973596069
0.03918935524606889
0.045006394474700034
0.025497670560347033
0.010416616792592726
0.055644734165404164
0.050992246993523276
0.006325104891482432
0.017164557498512378
0.011434328334550815
0.06585653114782757
0.0327085231411944
0.034095124787392725
0.06388288139021524
0.033459962677801346
0.687339854134242
0.003623165515450005
0.04098423610858146
0.033676633104612705
0.03982224502152664
0.045109539938034675
0.05461778368976893
0.015252155486623363
0.9607984019721509
0.18479388169634103
0.0032365842467060586
0.015027425775922072
0.008700102797972507
0.014588113472330947
0.051445181214813326
0.0663526467142895
0.03844310708893478
0.07626597349667176
0.1187670069403962
0.956194829996931
0.03308393265325478
0.0032768354884313297
0.006508644932966987
0.01823496610089644
0.014139827327621078
0.03271540777119478
0.14241719845238587
0.030636499642329024
0.01072703544958717
0.007316433013980828
0.038688880382593466
0.01588716090566299
0.039746680078993145
0.03633806627607276
0.08291477785520442
0.013009029869834902
0.9320780279956788
0.9530871284460791
0.30759498655195716
0.046493809654588575
0.020239684094861272
0.005698950652430377
0.04895525392610554
0.019854727160254715
0.06266085732082351
0.029360331604487633
0.015043577171519329
0.014600171232369253
0.015927393108744893
0.009854466750852468
0.14716400052193598
0.03182503055002884
0.017043846637820888
0.0020152750150240297
0.036392340995239275
0.010700574632489445
0.00482929661062506
0.007318923055900676
0.9497532777989045
0.06924658049610669
0.006909229960455111
0.008181905811636718
0.02685445499509037
0.009405755611295315
0.01567101326593768
0.03388141753531176
0.025180762119905147
0.047700042635666115
0.9771311978210298
0.01874565158289633
0.00477950966776369
0.1194845883360037
0.03580664911860074
0.050970643409389595
0.02871447849290811
0.01568243200881447
0.045845802999369634
0.0673079814884846
0.005323542872339721
0.025041054857708828
0.15058193230361613
0.022322597087045423
0.011190237960225493
0.013404793555015894
0.03206497659981932
0.0338890266705434
0.17557056096221343
0.11977911212120229
0.04835384448387645
0.054734661161664706
0.13540146205090992
0.09551371841861267
0.09952621472888143
0.02285344447480942
0.02474042385874987
0.06248546609366682
0.0591552030268543
0.9817163574638209
0.13049989078269225
0.017370216132569373
0.9677194590545027
0.02553660594303682
0.12320517027022423
0.11144349963371958
0.037892437000960975
0.002511661138721274
0.027739451152343927
0.3607729602492048
0.03830319416850418
0.022000607974625323
0.001760202704535263
0.12357084194238237
0.11950183629002882
0.03627802375985658
0.036862990654961764
0.057175168140699395
0.017607143364507995
0.003880615538993201
0.0923488479700028
0.03672858527377097
0.023024570093435566
0.07470575255774671
0.07605837386408948
0.025202339170724314
0.04086631894023862
0.017442162592471805
0.09568199942563671
0.10746803584198468
0.06471011528066033
0.018431018195690596
0.018892264160062917
0.046775329175671794
0.24170893449615138
0.04222653244167878
0.00574630759361545
0.02731104291082244
0.020052117970700615
0.1400844815508688
0.11272146112249742
0.002396975591002139
0.01255157737019234
0.08531581681178682
0.003581214004607749
0.047212388942902736
0.29746328170716496
0.9395540696447043
0.052509396023311505
0.018737916198212388
0.007311585058745396
0.15066900794216526
0.13863815549458514
0.05091429920611934
0.011468527923868412
0.048098821247442504
0.17039379972647142
0.011552695767019765
0.0925658043194038
0.035217472107776905
0.005193201939461058
0.005933554216812006
0.05026439818086288
0.9088687559754501
0.12573629063422406
0.042450592718434876
0.1368653649161261
0.03868771107147194
0.006892458711731613
0.0064301887626571595
0.0015819928895905084
0.009468691783811635
0.012396117695511253
0.00934055799977491
0.012256917567903357
0.00162049733578172
0.01704878982449087
0.023474711319706923
0.017850555389524066
0.9706985896029532
0.017639648998214994
0.010361415145304061
0.01633432054600876
0.1321082004522851
0.0024802651207305446
0.007304069185525743
0.0005879516260601843
0.034945134348471026
0.9777722914563108
0.030198589992878343
0.05011945033494723
0.01802652206830632
0.031205032988359197
0.0473139603419608
0.01200975223204035
0.19264575741833098
0.004237859760497305
0.004729449753745786
0.0276911398194189
0.013118326015225786
0.0015846598383797037
0.17715123792984683
0.010694910585000224
0.017006917882003994
0.12659211168928258
0.08923572853850731
0.01620397228360371
0.004035399538532981
0.03944893625771346
0.006522114979924116
0.051873943321507056
0.03436152536325805
0.02773854743152863
0.0028086484647259023
0.059489937534502955
0.032238250377348676
0.0013069663122853709
0.06432533092583095
0.020975753615523538
0.11077972758240937
0.04636845238399367
0.03717233202334823
0.010944956675278816
0.009714505420726667
0.00968605521651354
0.02764690757908974
0.008070613584528333
0.0012402449690610091
0.9261425742160586
0.9346952533796961
0.021538526986805973
0.04681426924741591
0.006108366796598785
0.02974408521135718
0.007554564610740142
0.22568457668482567
0.0736375212178242
0.019883059507561605
0.033576979812340715
0.31146806124025145
0.017126439080937236
0.036728125261093904
0.06303126940112327
0.008630625342539824
0.043166095166200666
0.013986853656519083
0.9265459807995503
0.10153922144313579
0.014687100838428347
0.01936422844379665
0.04584409334602308
0.012348574385787254
0.025451788437390394
0.022996595187977392
0.5547734868177893
0.9084141971667873
0.003653656816021939
0.0013118183031914047
0.031800595904301836
0.0019964882496127587
0.041928597325509714
0.05232877934082851
0.04000256635405798
0.022052626415692195
0.06797156809204223
0.0027023248583714463
0.010197042325773235
0.934389505685754
0.013766185278176116
0.4231463333237341
0.1426551607961978
0.006119563704471792
0.04018600978736329
0.006400669942337867
0.022091971361838495
0.006153916357052186
0.048420148870665494
0.981864460080425
0.00610480282432494
0.003787903719623012
0.004931525098817121
0.017570439078023976
0.9289838630799722
0.021664160736934075
0.011574972473645298
0.03686909756141711
0.056254060204985794
0.36504310155130526
0.023680846191059507
0.011603222147687442
0.03165286016673882
0.026947325529635892
0.0643966736913721
0.071166926066822
0.05584743089636074
0.04398896595092404
0.017780094830896667
0.3096790389193488
0.013880810770752476
0.0034004739583964154
0.026443680987349165
0.023609181291547758
0.10193056481176908
0.08134730458182442
0.004949092076775214
0.008968959274862048
0.0072504930414780235
0.030513201724702056
0.04324795478049381
0.9769039188312992
0.0018174469781707789
0.8498921635863307
0.0946354664707897
0.0555197555701672
0.0116675075283573
0.04068245481566666
0.023314603580100422
0.007476929839727985
0.018848519582038228
0.02679896792995477
0.08593586341508015
0.07511545728035682
0.05045376711322978
0.021761226443378398
0.08525953554675235
0.05684660318332156
0.03420622735556198
0.03445572568281941
0.03239250828739366
0.13607902385434276
0.042042264020943444
0.002133739727098516
0.00630498273324083
0.013057408723333011
0.1310068327014357
0.28654443207911107
0.0025678652597157085
0.010712067109004682
0.03177370989795947
0.015327101420329272
0.034923977025304906
0.03983370919489573
0.010351508550271251
0.09972190310305534
0.012491321314681116
0.305760320005062
0.05850667748185525
0.9502239634475305
0.020268808957279817
0.006073019734831054
0.029300557175956556
0.03909777998838768
0.01294449600168662
0.026212312455569205
0.01896968756384299
0.005870205427068767
0.026218515778911464
0.015296747430212008
0.08071641689620834
0.04186711231755448
0.02952255999792171
0.06092404051234424
0.11049255382242663
0.012909031600677438
0.012121572519809436
0.3139335163925524
0.057610176952359156
0.0017269716066910955
0.2569524607120408
0.013789439280426643
0.052700397093577475
0.08432924855334813
0.004555019759262954
0.007859097514428225
0.002858066398000195
0.0018040238798254751
0.008835107564036543
0.16432413217100206
0.029649919738834823
0.07239791495541237
0.012190560000600707
0.039745943571707805
0.026157421277070027
0.11487003631226327
0.0428054592079392
0.004461740100589219
0.049955666638572246
0.27620879499215456
0.01653861678494777
0.006607024917114371
0.051952913180840735
0.04030289839756612
0.014146379909775962
0.010837553084102952
0.01727341434977605
0.14037889303823506
0.19583073899559797
0.14165992156294704
0.14136826342194103
0.00786483209239402
0.11348232155378968
0.016403160747407188
0.012947014460297931
0.011424992980171165
0.07269718501955492
0.8623201688976295
0.022068125928224665
0.017423803630509313
0.05758304350225884
0.24599197533932476
0.16767313186656846
0.013618177540374506
0.03771192332519026
0.016043284413860635
0.013377736408802647
0.07907744836175462
0.10164211082480698
0.025491624209888025
0.09340621309753566
0.07707973704532374
0.018240200666653834
0.027043473019087928
0.03365080065907903
0.00713066019919588
0.01950705671893112
0.08880111670390851
0.0017739434227322815
0.010847240927768991
0.010586769434426697
0.09439706413185395
0.883933529673363
0.8348651588238942
0.0009556530191664652
0.12900358498818826
0.03243462014042826
0.18773079721278893
0.19799469774843967
0.049141721094269335
0.015170895086201688
0.07511456704600912
0.007704677855059943
0.025944615301473493
0.08625128001849086
0.020751364797822636
0.01594172576396279
0.9747908130673331
0.00376816378595303
0.0008313854111350346
0.013774285914857427
0.018087519113582272
0.022079153351056313
0.021774150874795617
0.01660850975925338
0.9085119338915439
0.01578237711269717
0.009468333235417755
0.01887702129450255
0.11221308286079207
0.6788778709514665
0.020761579562784464
0.010497644709653635
0.9362708755147527
0.015118650667505295
0.7994114059390998
0.009426020563972784
0.09162625341391195
0.008684025184695854
0.03636292170660144
0.8718029594005384
0.025557566621322608
0.02302110877035026
0.020159557393359777
0.01215311286561927
0.010549517724993835
0.0008796687468951863
0.005033591398238546
0.39434659408459355
0.022632631606926117
0.022272917098215664
0.026887654297071583
0.029351747525232147
0.0037295269962671963
0.007276553088637193
0.007235981739711008
0.006142706544425016
0.08447788626530703
0.6947202123811996
0.03481508299508548
0.06264034056497815
0.07647114851074051
0.012547219447461923
0.020894017048826905
0.018537082657676802
0.027809446936079313
0.9656922480591886
0.042549723748180245
0.010288332500782113
0.0019419351993030737
0.9812198330609452
0.05904069235398039
0.979719607978818
0.009352261076790904
0.01530695401807858
0.9828162236510292
0.9611321214629931
0.004117449500842906
0.0013589397232365128
0.046870078185023985
0.6641055993412729
0.005990085433642011
0.04478414137623951
0.00808239507788778
0.13803481716039706
0.014646954511297631
0.003855983907452596
0.008523830557357129
0.012268883214119418
0.01706451887139651
0.9567943314443265
0.002860311639618396
0.005070270461548904
0.025994176649356694
0.9428348346301748
0.008703845208902038
0.011323547649521851
0.008710089847941664
0.0025217635911596588
0.03818045058407791
0.029946675904350836
0.004442981847332622
0.9502972298751472
0.9460329146546733
0.028971473442476324
0.010884093022339156
0.9617190436192892
0.008687512869973244
0.012064644966204944
0.02069030552239008
0.07864406544200564
0.033686418441080335
0.04807737811016982
0.007995468136876599
0.016470077254487153
0.008182791021303384
0.004645189572729514
0.0058981959715112995
0.030960288964740568
0.9535778394679
0.03666697447310753
0.9828056510355153
0.007347265744436766
0.03738615655148066
0.7082175489780116
0.0344080641316757
0.02890117457761972
0.007980066350402978
0.025660802396433466
0.02120830031528442
0.012061739407113454
0.1881827709037988
0.12077619208680487
0.9654005532593934
0.023981078278820112
0.02194417922556676
0.009278637332609894
0.025273868844130708
0.014933368802890049
0.006550827946038915
0.34916978433230383
0.006002496292941692
0.04217236591452252
0.07278038851839261
0.0180011370558474
0.020870979615975414
0.0013771105459157544
0.22269475035075978
0.0032135109386006518
0.025359830226762248
0.009951729214556275
0.011522132139499295
0.18705217725143342
0.943887577257856
0.05394898037172327
0.05010765104825539
0.054361645240983435
0.258577419604588
0.19285694888422575
0.16558836844694988
0.08604954636311848
0.9307423713379529
0.06822469578299696
0.00263035739535353
0.9459004740814274
0.05147379070773628
0.011661411239655178
0.033945731960456554
0.9795353101139838
0.031071118974671463
0.9550004762531346
0.9693252012277956
0.18454957135069
0.007394165058222307
0.07200701090072442
0.008272173953576677
0.0612221749812999
0.010451802950877762
0.006293908007642949
0.03151055727778893
0.06378014422094758
0.04890206596346912
0.015906234515222707
0.09026001091256342
0.011397040545817395
0.10938170885319452
0.02554318213003565
0.1480187007561106
0.04993373688897574
0.03588951185662285
0.014103971308344683
0.05144916073203615
0.017257188505297158
0.01817629139051588
0.0017831878266705698
0.03983392005581147
0.06975279892548313
0.007382441938582092
0.008365545472185366
0.0008651056938093777
0.0009970124680058238
0.006181985320691919
0.9578867793652542
0.013465789212067472
0.07913022241202897
0.0020971249520668673
0.011799386330494266
0.01376128003983152
0.022641618672608745
0.9909191315636419
0.0030713085410207044
0.9050900206838092
0.11522919807452323
0.07094581574531067
0.023744869842183998
0.0850101710900938
0.9826231050769001
0.3078020283845525
0.21955875574825304
0.024865848662820537
0.06029586327363103
0.016280633005973932
0.9478853723714668
0.9782807259918324
0.0013790410331287486
0.012674319814534905
0.03269460048883876
0.048373551621751845
0.2128076306592451
0.33276536324536127
0.0030991110288988424
0.1265639343668601
0.013375702525087402
0.004303335096899901
0.11343187238565326
0.025950533859645148
0.0021619588104613784
0.03683059749196906
0.9530131531995806
0.002384780810095726
0.006806811502225734
0.013205654229020784
0.10990068616812997
0.013770663137747637
0.014985772220227485
0.00972101620519609
0.016658356279653428
0.9235954839792969
0.02747321842470107
0.0686144585811161
0.00889975551547486
0.24164204300931186
0.8069118170002679
0.02802016352954033
0.0018750926725980709
0.01672183265789583
0.8205244269362906
0.05493866657994076
0.017135586522313416
0.018081642275682645
0.014258459959999302
0.9549578942475628
0.19982600428331626
0.18125299925110064
0.9380045123979059
0.0025715703540660786
0.11629389562118146
0.002360593539628895
0.022293845628860103
0.20478739628234913
0.9424562541046745
0.15084025919578856
0.005836082064193433
0.2743381497853095
0.009283499884237928
0.003632129610240473
0.003390941763744225
0.01750978200849872
0.056211385211840215
0.006720702279382465
0.06443882411273448
0.0810613625024044
0.012449177354759868
0.005314773563259409
0.0040884582039647
0.013441241545386631
0.05238967072280259
0.0035012677033340774
0.9327781666758715
0.011407173696087188
0.1112481593960374
0.019521374326542797
0.004469165682126585
0.05625722478262183
0.03067633853004964
0.02843653835059959
0.01576335377910494
0.005521421238899144
0.006198602180147698
0.018066956896454964
0.0350286500008288
0.07171857506619903
0.017210737508947388
0.020505437325491583
0.27632364351438243
0.038921687212583954
0.04996384012689449
0.9683343712495418
0.012473833335481794
0.015014186380879282
0.9692069382152906
0.979913920258569
0.01208366950314583
0.9655116156967266
0.014490520426360306
0.002236912060364107
0.008822489086579455
0.06258876417620798
0.14042698618565755
0.003958888412227316
0.007730342603247565
0.8578045889326751
0.029895548097139887
0.015255965571484733
0.05735588731301999
0.05510016692246857
0.02165374684379916
0.0602266695200353
0.018627339837461884
0.03831825964399596
0.9684197949248966
0.07173061664158183
0.11682115379663724
0.01790740314983158
0.012969128414251855
0.0019781066887982882
0.0054366132600414206
0.011988579322494211
0.006665541954254962
0.0014973196277778573
0.022238638686039612
0.02126097901552009
0.003690468639859185
0.0019688847328005773
0.027199304938383323
0.032258179577761475
0.02694574824686398
0.07821302721791927
0.1924657857530175
0.04518305271502438
0.011811932820173201
0.9115727239488659
0.9031117207853796
0.005835443780593021
0.03163978349684394
0.011120675015867923
0.0020047168289678125
0.04359855687485434
0.029454049804391265
0.014107307369695355
0.028563789255914754
0.027780500982588326
0.03074955338163335
0.054520529298539636
0.009438141186247657
0.00949155507253659
0.1181751506691411
0.011123848364477768
0.904941630289794
0.009765478954810537
0.011693163559496421
0.36457814425540214
0.4080394972685244
0.016412772498703133
0.0013115825186427283
0.018563804924167284
0.032397335900446446
0.00428362944672966
0.04925237138140334
0.13425824062417882
0.14685500609635205
0.004665125128140551
0.008582417543163669
0.05161036874031022
0.018613037926857458
0.039041672265027035
0.017970629714673416
0.010955651899440338
0.011400413567965737
0.003791615128543065
0.0812532629201019
0.007014455896991707
0.02697871625105904
0.011250999948008756
0.02697238132512518
0.06324480120438805
0.009325269355081205
0.0386241577205892
0.03937388895333392
0.03908337722241967
0.040981367786049695
0.01040216720259624
0.024377872183414098
0.02487130403236905
0.014816866939598442
0.925793463514659
0.010162698667951085
0.17727174123368544
0.08795095843037871
0.05831826745796635
0.15995254953532076
0.06822456246074234
0.009536091399629071
0.1129821010044454
0.014690307206656912
0.06299086154645397
0.0069239526742042885
0.9602266433861087
0.0218758507680209
0.11303150059348892
0.002435128093687857
0.10027800497926723
0.02867129614997123
0.00207478307999605
0.231155003200327
0.09489501100736157
0.11006092412676691
0.9790644079798358
0.9898959159438511
0.0063501347328191494
0.021361148330629964
0.9384191392494119
0.009106410283045468
0.050892868529464556
0.0015568906046840494
0.02496106783449302
0.0008443496502559313
0.03233588533739317
0.010683990156367892
0.014395515087140851
0.22841606009507406
0.004461672911750609
0.008468572772841255
0.03941331888455364
0.03093654915168278
0.019109744503616646
0.9837057612046317
0.0050887281965611856
0.003590438008447633
0.03671125546776959
0.0019068663632871021
0.029747722480824693
0.9369910093867093
0.12983537931274294
0.012147111726147084
0.017808674079490862
0.9835857228365442
0.9570460161081987
0.01558188733104867
0.061668724589438964
0.9778562637582692
0.04090529311035096
0.0032373114926093466
0.08711993765916733
0.018300134281846164
0.035714031538218144
0.00996398074886652
0.03369818350209374
0.019627263019831757
0.015573600468882976
0.02371091028422419
0.010816741705409872
0.9542402652477222
0.004770617647122754
0.9683239670815545
0.968114927321171
0.004310384797200038
0.9591160826884417
0.9583172663970109
0.09011807378854775
0.8092677984664024
0.9526283967078266
0.19997822512296787
0.008775373363157918
0.09289004420478324
0.026786416625483953
0.9887345568977494
0.978669053596603
0.9646757880332443
0.9390899865652125
0.9763857639447805
0.9360233563355373
0.15141594543877532
0.0198806949656209
0.05611891519671849
0.9386319800341099
0.06492132121041891
0.9545371825747734
0.03831274823495706
0.018126941111306097
0.0016315079337125803
0.021127086234526672
0.0028039237577227147
0.024662974662300274
0.024681624086473297
0.8883247900862863
0.22998220873993938
0.09414198803822205
0.026120821353412944
0.17065266806585797
0.10601033773962472
0.09740599424426667
0.002508313832585197
0.24137820153000397
0.3638453018093393
0.025593589565227975
0.9530472876303644
0.009157659268152962
0.0506066615206432
0.008438189388478014
0.11182293695643494
0.015015685509347912
0.1240752429358804
0.033652306039040354
0.026913140481045192
0.9867612000995982
0.02840316513406219
0.986416525348309
0.046684498314873805
0.026516738343934646
0.02305891933367198
0.00874844921974224
0.1583401373085946
0.005376771309829266
0.02333472718052679
0.07550265452948098
0.0021291171808341175
0.009062580326411792
0.9269589264319462
0.9664552233260595
0.12467610048292506
0.02094864708256065
0.009500980562291754
0.03430908248624269
0.07809164160151286
0.004188661447027975
0.03723729409952801
0.023834028742646337
0.1243177247879389
0.012101867503638921
0.04562554672898897
0.8500661624665071
0.02036335438902138
0.003278434522140932
0.034656545674363264
0.08507869976018677
0.0019861932573467054
0.014055418835797641
0.003610941151606853
0.13696256802590148
0.01646348176898625
0.006754336191567529
0.021176748660547164
0.0041684939950955725
0.05143620049253239
0.014412656508567476
0.0571094942254181
0.093206335260791
0.01748603012173253
0.0010804214354983566
0.021695862688967255
0.02565091273888691
0.004295300484418313
0.010461188135372276
0.040305427395554184
0.015351261158465714
0.5502223105606782
0.007987517652149617
0.03755518381426214
0.003982256294904213
0.014125994744083593
0.0025165664391030517
0.04374501906462534
0.00711916125402226
0.0019874072802016276
0.018377711608762084
0.00452038001930435
0.01873548329809891
0.01890500899206099
0.006408162869265704
0.0014345907372316016
0.897124761553406
0.016521542326675694
0.764657478387018
0.009433579333184327
0.010677424070494818
0.7515236935074461
0.013754080826407708
0.027217185829412748
0.9370462985999953
0.02531258996177112
0.0913153222746833
0.04845033013540056
0.09107658473754023
0.0059406373437997755
0.23728650613487284
0.04260847287005464
0.06468655843869021
0.029176579710877643
0.020636479021145727
0.010018488275306082
0.02885211645984182
0.005165816825948722
0.006341708388462454
0.010920638908206345
0.016400225602249675
0.0015011886649017134
0.01304048842717627
0.01656672279418818
0.026513570073676326
0.009704701637975342
0.035105238789307845
0.1782419532002168
0.017170902128561694
0.02251694724363658
0.008555511840834586
0.013253765022538796
0.03066993007263745
0.008076385097912307
0.027624830355607182
0.028894786407280413
0.01307550576433301
0.0016309625204985825
0.9705799172864993
0.051252014879898014
0.004011695513528831
0.004717415782989295
0.030490296389868127
0.05593883869983187
0.18178016270187208
0.008193329751713628
0.017235604736814316
0.009381070987476045
0.0789292665520646
0.01555520688957446
0.19792512864219264
0.03805582982502994
0.0007524080014758797
0.010683567662925122
0.009765814965965144
0.012781237826150722
0.013232227746012558
0.002232031808246117
0.04924741032295016
0.00883284437361067
0.2837532304986945
0.003245601547174043
0.008927945346609867
0.001412991589383803
0.05121250706223756
0.03315325413986552
0.002984465832394749
0.006906858680937598
0.040901944721457605
0.0279080903923106
0.011673128673503341
0.004490268964677431
0.020868070872484996
0.012729788086852082
0.07557393030475236
0.0405486725128916
0.008079141163439402
0.008478862513159791
0.043186819061670295
0.0103297675507759
0.013388628720305284
0.02381895731244554
0.005560668033591992
0.025413263624660537
0.006906858680937598
0.01009051610098182
0.005464479834804513
0.007303542359916974
0.005184857983522976
0.01701129152662218
0.0065062765361629275
0.033478290599791044
0.00395920705472238
0.008764501201273837
0.01639001529694971
0.1099572705939752
0.016270372400320976
0.041837517602593584
0.04332650372134116
0.13400259837365427
0.002909890371125731
0.05441426895332045
0.038941825422419675
0.005823736415089539
0.21985888173900794
0.00769078069193402
0.9580138905414112
0.8387237606493971
0.01633078028073749
0.02122703211472325
0.026643586133381855
0.010083195117783265
0.015483291012521359
0.0035706726385907072
0.023938821371269594
0.0019932135547060794
0.004398064850624208
0.023853669106990834
0.0058584784464295915
0.015172272427284679
0.001696765262729642
0.03842185546799125
0.02468637472189939
0.0009388900531531371
0.0026524575423916646
0.10806168184689426
0.003859473116654744
0.01579706323252291
0.9851084399164202
0.13474060142977773
0.01760403197386505
0.9902827164322235
0.9841248807293305
0.019189128081300785
0.014812739534783972
0.19778097416124166
0.02000216130291128
0.976782019488885
0.9791735483132598
0.012466311164835231
0.01373634464556296
0.028171848652423517
0.9815881239650143
0.028375674038453168
0.022018589878415172
0.00205432309407515
0.13341213551426997
0.031251514342693125
0.9517008473963712
0.12039403554213772
0.027512406406851594
0.034877647823383845
0.015733638680807523
0.010279634213027163
0.9727092508565804
0.9845109285674958
0.9833656375203496
0.025096452203247945
0.9767924953147535
0.05375834769052199
0.003770866614247013
0.9813043653171167
0.02538975109830888
0.023209246257316022
0.011936565502536583
0.023158928653883724
0.02841309429929937
0.009382138082768905
0.013967274302381077
0.9503024895733332
0.005357635411919504
0.9502195224167603
0.029898572213949974
0.011516115547116474
0.13506198721910512
0.012525323054826837
0.011500767005262902
0.0099417105523656
0.013547329191157639
0.03766362041836921
0.0038405606294791513
0.7063935224996728
0.014142442232238971
0.02554312296476283
0.9762290107422408
0.9452284003575369
0.007554464733510549
0.08635416542603405
0.026008878007989893
0.0164621423866903
0.003979156444639255
0.00744001828092573
0.007003598483258855
0.49051594856445535
0.00954802686577969
0.007810921635636105
0.00776547284214872
0.03379422656653077
0.022089302154103364
0.0038822926375254533
0.025985415902337577
0.020950887137607028
0.03104335421818713
0.003264333459952647
0.0030297203641732762
0.02153778613954095
0.016752948950357047
0.1386284425570973
0.1675865052237525
0.038875866166803205
0.013761792606976414
0.019894947523962654
0.0060501626811829
0.011303470134326988
0.032997617077154935
0.002099715748362985
0.010909584449804744
0.013873358642097159
0.01021503822985651
0.009186202307768196
0.006772640057212978
0.004307184587385872
0.0023487137370293027
0.009640972332230135
0.008383905031026304
0.0018956949585872606
0.024006369703368276
0.002377809759708516
0.06501856598155649
0.0026616279397364572
0.01909174872724537
0.015311272425553487
0.005273584409852245
0.01771686867928545
0.0839410733091116
0.016955370262757626
0.04367624203484195
0.016668549286416114
0.015275483717290794
0.01585760991741229
0.07745472976471518
0.005830401404470641
0.017811164729726492
0.3993726107563034
0.010255876461717581
0.02089286925561074
0.01742115079230988
0.02503875485054606
0.03100326123156798
0.05696955083338433
0.02884966413437248
0.05355577264487431
0.9871973301392342
0.03838761847984547
0.007981834209309426
0.9845006248087621
0.01026689762999593
0.9867385267033804
0.03771177228787571
0.05233422810054218
0.049443575012789974
0.0019649682578989276
0.984867135591483
0.9722438907908642
0.005649004745816654
0.001827342337569808
0.9803071495441448
0.004554931226196202
0.9565082478897439
0.0114322878220153
0.017263366396198458
0.011164337049377145
0.009585115173916385
0.016415414319642493
0.014173972992515771
0.9334567267754851
0.006399009962071769
0.003210932997018098
0.04796880922932947
0.02532026916489125
0.001939937219331572
0.03432706958462552
0.009596128684618434
0.015078239713666869
0.043234251823048936
0.831431717266898
0.010609938221558781
0.02107527134571133
0.024867651096051928
0.008540643635140226
0.004771777666444003
0.013911539578208001
0.06483150685744675
0.005146687426061652
0.009947692444939836
0.013052197523103758
0.08371654521292964
0.03264407555259478
0.024370729375020966
0.009433579333184327
0.038057929550106194
0.02099283547058863
0.009569254739991142
0.02267300063747936
0.004200189309986131
0.08744241502119883
0.026302490544756158
0.9516054239861637
0.009231183742933444
0.08436844433346827
0.9391755148089881
0.9820441819302492
0.038036458444151655
0.03242288514782375
0.09093826278708371
0.011987257422043368
0.008812873172103148
0.01577922344226687
0.022828115655398152
0.07346079714419473
0.2433356376975363
0.9904535059277496
0.010552141921511462
0.9828900551985658
0.024490561184244048
0.007714230083603954
0.017795171121264844
0.02741123311965547
0.9831092693723996
0.024641625328648584
0.024878732275252696
0.017828838658808802
0.030300495040471744
0.00914070381290546
0.004391861785560737
0.049496756764194676
0.00940441432485137
0.9816650034733744
0.984396660648651
0.013381015847098367
0.0425036997621602
0.9790953487677532
0.02466961750825146
0.9895277912481296
0.021841379369337423
0.059739553941588405
0.01336621670354445
0.007195341505359147
0.059141382046845645
0.02657205134545504
0.13647853413075758
0.007989597072947536
0.09182692416889429
0.01408702251729398
0.4879064949855191
0.03172681272583203
0.005277384972620059
0.03635928814322481
0.07839715996130367
0.03907640376962539
0.028773404276154466
0.09418680139000066
0.02399211731261588
0.08379748423392815
0.05800190828825369
0.054515418452322606
0.01281982086464199
0.03215538659983287
0.16463114590242098
0.03583499555551058
0.0702231376540504
0.06393632531450746
0.06864587702858557
0.06151018874863629
0.01691675430428947
0.0510844369419612
0.9148549866555457
0.06110008778876723
0.05796115471867709
0.13692475651806763
0.008184472884586225
0.006488160646095406
0.09719796174886058
0.3406333759792944
0.00524091789974961
0.01805121960756493
0.0037734015198743146
0.029772697805891504
0.9191769949423885
0.07970829648738313
0.024752480731525098
0.012880736574393897
0.03471346348891047
0.058432789684364654
0.019160634516621415
0.17651447991474786
0.003397441638133293
0.9871863898932207
0.011034954198162925
0.0342352065805604
0.011353315849549262
0.9860124631829648
0.005110589686323014
0.015633641362925534
0.00339624108872283
0.010061852902323353
0.2253772631983993
0.09354105046546951
0.0012868550390845001
0.002025367488370594
0.02069555403838097
0.011329782876948646
0.003484783098839928
0.05978229537282426
0.020247058214993195
0.6818184021586541
0.034861093805015744
0.0996961647453611
0.007928959106580664
0.952746230252175
0.017666700299120233
0.01984761846464351
0.012092629708691646
0.01309527750340288
0.06578323634934974
0.84161685674921
0.013276830291581134
0.007050730022219154
0.00789787170800529
0.002318716250679634
0.03316444597855444
0.007334364785627632
0.0072027559467216385
0.11441026269297319
0.013477322027782016
0.001113543350315625
0.00182493365243687
0.001858286478236443
0.020164954239855676
0.08456181320140085
0.029464003359638957
0.008158710256070728
0.07379018351836555
0.004719472582080142
0.021947918979162782
0.03969101059790259
0.007828692456709408
0.011049861779948987
0.008133783976008157
0.01441944314476758
0.04289251363969604
0.9757497770443266
0.08857723243092791
0.01679238348802948
0.01787767327578345
0.00856440862551225
0.9071764649572124
0.02286125009284029
0.008575551130025465
0.0021332078654399123
0.8806837751803839
0.049181574281346396
0.007088839867713659
0.024564077238415232
0.29642159470591384
0.018127727721207205
0.032623566223599694
0.0066225079433977745
0.011753153020705797
0.030181943512696284
0.003312205822026972
0.004870416756536036
0.9763981659048613
0.007828692456709408
0.01152649808992063
0.9563861129415501
0.0506716862121706
0.9713907168494641
0.0021978899774554475
0.9698184487945327
0.0056275615039121886
0.9766640983299257
0.07513692983122165
0.010735407781343142
0.9286331157345165
0.029849413653988136
0.02581187722533797
0.9899678568131122
0.014722243440209993
0.012309649394096664
0.010420097370414251
0.022659932127525716
0.01975135723817715
0.06287266744693734
0.01959019264951651
0.07768120508494335
0.9869649975606618
0.978231159137201
0.9813481252796066
0.013880450560075636
0.9619403472080457
0.0073629913174627516
0.9761340146808075
0.9816469351029119
0.9795831149131655
0.02907571988666315
0.026824294195786944
0.9741159184406314
0.012461859462356818
0.9670905719360428
0.9841343643475657
0.016759463513630495
0.0015074715663916727
0.08619881001571818
0.029129279754451225
0.0455352291142749
0.006245009068856017
0.024176465189246023
0.11037374308131204
0.016712490981246633
0.023863627651293816
0.9759066954396365
0.01098333299919109
0.9670041197371075
0.011991098377138293
0.9725618856636036
0.08335989500367506
0.02762174325182105
0.9866869922818927
0.05370700426372849
0.004656346998259118
0.09960583754636336
0.00829135295094581
0.9746096241329889
0.9826663819610364
0.0074636491306673885
0.043375328853550596
0.022430928533509868
0.9810039183760885
0.9827484687428413
0.9874543048690945
0.14971812997843198
0.039236106969442006
0.002819090142859051
0.024931500393401328
0.9628109618699577
0.0014422000876873507
0.0012191188564183357
0.013822000204548894
0.25543147124528265
0.025762767479736173
0.06741286680348543
0.006394123555985717
0.013568125840098299
0.0640327507472565
0.009382422995101544
0.02349142490692571
0.0253339424723402
0.03447849862635639
0.023044124816062866
0.019708861418038202
0.9504495545343079
0.040033573348594885
0.008203653169453585
0.04714904455851872
0.002119783596063399
0.903938574637073
0.025395466816083116
0.005643065392911522
0.31895460440314627
0.9536952733736982
0.015572271795855209
0.010551918887193546
0.041294005797843106
0.005134793389748495
0.9767999223157923
0.9819387865947958
0.029609743862207643
0.9769602883877844
0.9677785660801831
0.9814790310387943
0.010905973634167065
0.978916384162155
0.005115867726593351
0.013336645728216788
0.01351474588303239
0.007793368288845025
0.04978093735206742
0.04781573155149342
0.022198221810987333
0.04134348999416399
0.014008990384584002
0.029439126228513784
0.061040637205588326
0.09179836004760339
0.005752265754028399
0.014460140022536098
0.019190525518803115
0.02417369785163913
0.02149587984328233
0.030106014765269428
0.02547232154827435
0.030912243829191305
0.9531907709621571
0.991076347756676
0.00712568195577002
0.02231364757084627
0.007390876946028536
0.046443373802460865
0.03942018738007826
0.02760429398721973
0.022528883476855145
0.008928962829646536
0.004258508825834273
0.0026802152757938683
0.041740563843029495
0.05941308685541731
0.0995075771748742
0.0167858564762411
0.9593531422646364
0.030779913529678373
0.9503670926822558
0.006291569670759638
0.032196302765461274
0.007715263743071457
0.0038425567600762333
0.001999680899212004
0.0016809796870777501
0.9652334589090861
0.038465378042375604
0.04499262654158238
0.16076274934761503
0.025106059516649754
0.042528554879467904
0.0303817619935039
0.11581507658017758
0.0347320754966634
0.0038913449761873308
0.08297360669607509
0.027339199894762897
0.0017271105545856168
0.04252259559347832
0.00917288899386635
0.014958516829242631
0.10639908015839536
0.013583928367246492
0.0007599346892021635
0.007263919677902193
0.04162770255499181
0.12503275240828082
0.002629718604948909
0.0694490456372204
0.009644384532648301
0.08543171049734945
0.005517052579963994
0.01878347818575098
0.96061856780801
0.02178018257731994
0.02772759730956514
0.008625054094982328
0.9626360785720389
0.01883845390439343
0.03096720716616447
0.014674998878212352
0.026210628735927707
0.0034389492075352682
0.01260653700221931
0.0022220078390875896
0.015141399357380788
0.08221580603169071
0.8490137472259798
0.018206403572293285
0.0224645200958893
0.012560150501614886
0.011253423453738164
0.01183848587765327
0.008911473851831159
0.018821002506895057
0.014197320751753206
0.9531402020554793
0.002551195845364727
0.025901133185483566
0.015085013030299714
0.02492299410689182
0.9777157561771495
0.9509084410880454
0.9694030768954706
0.015143640913622962
0.0017588498943303895
0.9284132187965622
0.08169298298446781
0.02788635267068293
0.9812002471664835
0.003283473509535246
0.20381410243056433
0.0022022880909710785
0.01279309930698994
0.005901298366015713
0.0016110228964329489
0.005963209229792673
0.012000331308680695
0.0330944489530267
0.007320235770832401
0.011138623710367782
0.0008568612480841134
0.07186574388154052
0.018734681508231817
0.009528500249671319
0.016778950995710067
0.029046556626508607
0.04190849263570412
0.0036414269526063013
0.0011685202908220226
0.010515428416157756
0.012550255268837764
0.0031340141515907
0.014272680891218182
0.988757880443426
0.9850084215984742
0.004495390993215272
0.015095247163310078
0.8937245015843821
0.0113778413234693
0.005515362144407825
0.019074296404808445
0.05451385353839051
0.00947518908097767
0.043821984367315915
0.014497297246380391
0.5025520166865561
0.03229920351784034
0.07708850542914573
0.017193590683987778
0.004365456352902883
0.026631726015685534
0.008761373175572969
0.00593254635843237
0.0006573182315466175
0.016554119291024377
0.0036658849670080087
0.006099201502752033
0.0035037657799735847
0.0073308879864707405
0.008705145912353447
0.00807641843095467
0.026646278008867357
0.009024292205609224
0.42070533873558214
0.012038579815894025
0.01561928132901494
0.02028987865119293
0.007694247285531346
0.048991468439683904
0.8896606018077993
0.004231640238362147
0.010990891797102777
0.005114489089310185
0.02547346415828411
0.15919244461255885
0.016659941419566383
0.006677896517259208
0.026659581580398176
0.0014817929548423152
0.01607092719422304
0.03577481322026083
0.9911580079795911
0.006319712740665623
0.0017642924307546774
0.05768462319063182
0.00855719027798014
0.010274179176888122
0.011285404357898123
0.30229273998064016
0.001642965844207223
0.018001752746048188
0.005734274491743097
0.07054708726380868
0.9513195883217969
0.003993646927388038
0.03339047359629105
0.08427375453790499
0.76224230357758
0.005318451557516433
0.017607315109836364
0.006448804662647906
0.016905825503332975
0.008052282565616003
0.9238790946318309
0.006199258991168265
0.9808363127236301
0.11164585925921182
0.006672423316543269
0.0027357546237984933
0.01990150840022377
0.0031096350728554408
0.0498924917079942
0.011195121925806595
0.8429121802869427
0.005331815798484812
0.05286896758824685
0.04673025950639672
0.9284093359257034
0.04941567635480851
0.9182529674224116
0.02773603340573128
0.5208068963099113
0.0670258943991952
0.0026548056913226407
0.07271586390668086
0.019377150882817426
0.016590946833357115
0.006340659987565777
0.008029485373343661
0.021054249238801045
0.8656444583333416
0.8493873298141054
0.020718458628831562
0.16793490578902928
0.03415905567461887
0.0034611357007817527
0.3562450276636106
0.040804790422089454
0.040610872202105824
0.937957144522702
0.05596726842118685
0.0063072140498082714
0.9498993973925723
0.019375603955314687
0.010404444883119585
0.0015176140017009571
0.04007725745441328
0.00652125290349071
0.0270895239943666
0.02785719913685955
0.04380061724519367
0.44438343972852185
0.0076349054543825515
0.4006085510978754
0.04118302014091254
0.03393008708810593
0.22086274776610137
0.008834363437779524
0.9017852229263569
0.001796951888826956
0.018789522996462974
0.02158784067196786
0.07754567918657476
0.025582627824802955
0.007248263153893044
0.2793398064925229
0.009455095905073365
0.011450355438226733
0.010904656088340986
0.014798756618633398
0.00674513104993482
0.012930818487923362
0.0914440234771064
0.0911779616226829
0.007206280501790174
0.967520716416489
0.003726643650244465
0.04298298882891931
0.8687145415564603
0.6571558947690296
0.32058937268370047
0.004717197779787176
0.007694707804715225
0.0041471395218372125
0.03136829903849361
0.006343498642099766
0.017749588914111738
0.00904219825216601
0.026059830528157718
0.011372697349352584
0.19648559155615578
0.030604496677207098
0.04062860734181949
0.013873548595079164
0.08107038682404752
0.024826919040374266
0.023658210892434528
0.009778999426020289
0.0036347126539041457
0.007357793944474004
0.03286947449644828
0.030746570657685386
0.21275579092119498
0.004112654948535643
0.17535525800286358
0.00274218924888553
0.03719388106031088
0.03328607570606422
0.7867527574939833
0.014795706127345688
0.025142101217605146
0.03950245431699737
0.08356507196947101
0.020325350306317495
0.002003455552745519
0.008396214102811722
0.12965884416785048
0.941607214412633
0.07867465801170663
0.9700418585046661
0.04573123992509493
0.006476612303389034
0.014036548437047729
0.19792376841037526
0.011339180418711726
0.01660468675807347
0.006997227822364746
0.022993099054145125
0.029379764025903112
0.0138180295915325
0.0015507976080797073
0.0027559645209355283
0.018302687604606488
0.2768443237686429
0.00947818187274803
0.365938692425794
0.007058997126138843
0.0325584949132114
0.005252322421738397
0.024357087461296667
0.01883783636964039
0.014016676818361194
0.024630224411331385
0.0037253854277493775
0.060196276462289824
0.007909142668912524
0.003484572830004465
0.005077363548731774
0.8811181584394788
0.18289721119650387
0.012091248364955417
0.026729705832554487
0.011992699415223788
0.11351718598648369
0.13410652818649627
0.6664916237916075
0.10793320881020807
0.0219838598264265
0.06715260991550888
0.02315665228893272
0.003988773451872973
0.010029709646438
0.9020481976209211
0.9493211575061977
0.12572283799470566
0.12390460817683314
0.009252158273256317
0.011199708123359384
0.024532138879360347
0.0025241943141195654
0.0034713983477279208
0.05296677710261056
0.0034230043152932506
0.0072011601735470785
0.016065048069188917
0.008644786557027339
0.028282857595497944
0.1414971216700354
0.010374676185868376
0.027421534335715574
0.011737190221022509
0.02599615742051252
0.025424590163549133
0.08091374421384767
0.024697402884237517
0.13989136824791412
0.3707847002061218
0.021818918728057298
0.9524547079288184
0.02810833560517903
0.021649583223078295
0.02330718052567847
0.9330224866816813
0.033237225781310366
0.0750352376704872
0.007962462725202046
0.0254578975451497
0.023969333331287458
0.15406823985358545
0.000942851842971968
0.016702804816971256
0.023260613547434014
0.021604423838278274
0.029672665379304068
0.025311987442209263
0.011316119526504418
0.024886003659648853
0.19496511956625642
0.014228960519254933
0.0029340994194472086
0.011412284700761607
0.024869252487159377
0.002830979373811017
0.025846345923644067
0.034597140448928754
0.0026745326267831222
0.012834389517569175
0.015415482526781104
0.4100672271231337
0.0030065491403183883
0.009053456758996653
0.020564388842573573
0.00724211910668333
0.012750559898170638
0.9295902178037462
0.04064699225451205
0.029708596347441923
0.008317017914296471
0.008523287217950476
0.027990398556568628
0.02563396775752654
0.9590128189435004
0.0034755552716063173
0.02064439439218194
0.047928055912113236
0.9708233203336487
0.012787352691029508
0.06257486010416212
0.7203383717274024
0.09446079136407431
0.01284960907466951
0.0027889788827961926
0.005758140229541082
0.023592643908102374
0.011959147580647485
0.9020691178053867
0.024855192979854453
0.9086690912894335
0.07341123577027776
0.023396211672991496
0.14040744420667145
0.1377590444640598
0.028526598577568167
0.008917771985342177
0.022746932948975878
0.027334761630703544
0.9729549793395085
0.07832775820164596
0.08352702053345934
0.007036317887802005
0.002228709658633448
0.009798144069565399
0.05478649796955911
0.10196258003946179
0.9044634870251695
0.013424609889863125
0.002823227439416168
0.10369021439875112
0.0406574204707967
0.01847085386218467
0.01277304114450826
0.02659844359579718
0.1550104188346382
0.03411831650108746
0.017630559272198018
0.11791996959067043
0.013154469776446092
0.15411874358510108
0.02264203872014663
0.004608409740333923
0.022893118848275038
0.9860332399617585
0.020428199047337992
0.015051069948014532
0.0024639087889338166
0.02590396858873567
0.026493756663355263
0.003572065817619433
0.011456367887321246
0.0023288167833244236
0.0261576551268068
0.03611684969769647
0.029666562532610886
0.06342281691139086
0.1027269824051865
0.00745716431647573
0.06725837128820535
0.12226790707602114
0.08511561928196237
0.028620629560468524
0.017692192412135797
0.0030255938882302155
0.07615354961691725
0.02464129736353974
0.12839403996433446
0.0033667194190713477
0.905256360174771
0.05450623907710244
0.018775020869719987
0.028449101269822176
0.029325988050370438
0.007543236278005918
0.020339169591585358
0.00987411136980038
0.9205778581240749
0.028422136472582373
0.05426466893488648
0.022970767269504484
0.0013745852348657562
0.060951335929211384
0.04236013021302705
0.03007650938963079
0.008775043618903506
0.002320456602031464
0.05209961971265764
0.03936954015202243
0.021763445270319204
0.0019328256000752614
0.03845494980457148
0.022620233159978614
0.009528192564424217
0.13335472988394229
0.838536498279696
0.7691722917349575
0.0031591839380132407
0.015913975260915043
0.03647589106129006
0.034029506360306834
0.01871516013586893
0.318352420682841
0.026555816276095098
0.10545879623549918
0.006916649765977106
0.15683927483041307
0.017512665844366324
0.03190387094780068
0.017913599067031775
0.004290805006495793
0.01599310733799623
0.00437160189885528
0.12390599424763224
0.02159080013736234
0.009620430862218723
0.001610711677894647
0.01516090337684173
0.019129311133307014
0.003972004282409496
0.007461273752787784
0.013625442552279945
0.03893259962430615
0.011460327157223902
0.01717889371767073
0.05706415654971323
0.07446575011735122
0.0096450482906197
0.04386096777683123
0.07097335290401718
0.08757073219552954
0.034670033403914065
0.025269495322553872
0.06088559722315846
0.03138375088044842
0.014946551188204286
0.0224161788201714
0.017744989166479666
0.009957468746915265
0.0012266562090612145
0.033838674682858255
0.027827995634954864
0.006796277724619732
0.014140842089458674
0.029414157119018028
0.01085680930533928
0.01706648096790247
0.032594508144546445
0.016580205150223154
0.03653184321233632
0.9385268339398865
0.03807529222793379
0.026321436874623245
0.9837949210926934
0.01807779212023518
0.03430060016654832
0.011286484287995483
0.0017136737196083564
0.02005741064706065
0.8721735484108345
0.013461070071860268
0.00968228522698235
0.014991272458099666
0.019213091444813382
0.0013022955292809342
0.009806817641202833
0.7757499506469246
0.11870453485069728
0.010468363649308346
0.011352097927177396
0.012442863511123777
0.00852259919866421
0.3298423814592179
0.003255721245141116
0.076709729616593
0.011854952636780113
0.020076623534048443
0.021421143368051516
0.7992064229735477
0.03170127179674547
0.04181932589079194
0.0015897047128329836
0.013448453947772348
0.008233451152304873
0.017412039945722903
0.010807319012122743
0.04219251122817589
0.31786786949699863
0.6347846718592857
0.0022125490922184276
0.023462787323874208
0.014091862283643793
0.02277337064944469
0.019186928583769188
0.004344294324273961
0.0037938918992539137
0.01926708598662942
0.015233881133223203
0.06697428283453583
0.001290879026028484
0.002319273738259185
0.010093340794299667
0.003418346703209245
0.10943708401323303
0.016153664850604654
0.009909236703243347
0.01215276143839003
0.007262126025885772
0.2103205032369817
0.7590654618942049
0.01695018128753252
0.012783300662685097
0.010664973044128542
0.001864947627081176
0.002312536202647856
0.04345383773890011
0.025669076806396456
0.11933027766110008
0.01544106999881076
0.011773419260488634
0.020337118310877172
0.021862957352647476
0.0012565221848099886
0.01942147401165138
0.014588744826734236
0.22548822587722533
0.03041391635527354
0.00938416903940571
0.03654770642973055
0.04240468303040029
0.028438064357893526
0.0022074858706184093
0.8820022895173418
0.03435590917416813
0.06046028183389574
0.09880558704648101
0.025053021645145387
0.027385089335738248
0.013719064156671137
0.1988324828586609
0.09470316680545296
0.014285876988387805
0.9318416379316475
0.007261660297415283
0.06436512809190625
0.0029941811016130776
0.18161590734634173
0.013029917098306615
0.02817611408901286
0.015172825361958426
0.005311643290968884
0.8897276898078653
0.006494252945180458
0.9283930020209371
0.01557012470636068
0.010853149327857768
0.0969401192441175
0.022095888881199406
0.032164404394087416
0.02299477118370341
0.9128204835292352
0.03270452802390668
0.018873661894584497
0.01997951700607419
0.9247178586709965
0.0428525754004592
0.06785194337936616
0.006315827385751739
0.04709261204564125
0.06526588627760453
0.00381974853012433
0.001841651001259905
0.005239863584221243
0.015439639417606723
0.10536935726052518
0.007047754147111589
0.08339210899221676
0.9235549096404809
0.013371268772083895
0.004070313355936796
0.08094889202753093
0.025663062915594972
0.021892005075144504
0.9727496044963345
0.015012422656726159
0.8653023696011753
0.8586506061302973
0.019320767575330407
0.011308042980544311
0.03054174716590967
0.02663499433896807
0.006130959332662619
0.02536259429502205
0.33096020740623994
0.010838671741771399
0.07434439389089051
0.010609173743749986
0.021777762476319438
0.019794881918926838
0.01047738652317972
0.020998935450467163
0.005083664829211625
0.0013226582008710691
0.8502228518475643
0.017132137699930675
0.03472554560998691
0.7382583950567086
0.09424820135764507
0.8380190532744917
0.0048445326137488455
0.01448976581444646
0.03059154408356608
0.0024338217344623022
0.9700855251312972
0.0227682717028022
0.03417387709268043
0.02830174992379959
0.009245967493114671
0.006034914245542217
0.1378359720228652
0.1289396864315965
0.13760186539787994
0.0015938177618839823
0.006984834282936856
0.0026915689766894443
0.015413766362397842
0.003778890734056596
0.089129738142217
0.07969699254926847
0.010337260404952711
0.03451439662583611
0.015612834449817115
0.032089062422396696
0.03013969262425604
0.015480188446698373
0.011480054357270437
0.015490325465185964
0.004883980189776434
0.12543222076223046
0.023323350352555557
0.9741347784975329
0.10079003674649491
0.005477088631356518
0.01480318389480182
0.9919242879670218
0.015554341689490714
0.0013369116903138656
0.09721742340843109
0.028894963307772283
0.021876971150835006
0.022942633990746475
0.01733931206051686
0.027063222207690783
0.8293385767065459
0.001840810130567664
0.015248914566668043
0.01396285921641526
0.0010884683229666148
0.019191849380284676
0.030519079898328562
0.006139237076881437
0.20843060891862375
0.07384535850224427
0.006749419975208575
0.9406339331437147
0.8971341976231441
0.027404362101294412
0.043612383897754355
0.0030926429142497614
0.028329603915860365
0.02032246805610703
0.03005187384447698
0.01826362358566721
0.007555823922546752
0.08268602804215615
0.031093986852564794
0.011266994086033225
0.002961502284908284
0.007668365734631228
0.031644163706493846
0.012647993452588309
0.01645477897938135
0.02651295393720934
0.042768793331589415
0.004811799730663909
0.003361906434755235
0.003627715049030118
0.00867773588810816
0.01720229984899756
0.052178347506688726
0.005280749840606289
0.9817023987440867
0.03409169757944802
0.08180716033023992
0.06400674150158896
0.01850867201910146
0.021833986580275872
0.02947876340533223
0.15596399711573436
0.01819539254737017
0.009573315081817281
0.01697185390514291
0.04553004620819216
0.0024489162264703435
0.10550028459724796
0.002343473806808938
0.007216498615289773
0.9497283919911083
0.02006887619170481
0.03162734253500602
0.10484592695075916
0.9347693557317018
0.005043783175752973
0.04502402821980179
0.0033906816815478043
0.001850498154731563
0.05612011042084292
0.020517545094275672
0.5946180285945345
0.14824113952721696
0.022911001196191026
0.16363438497729316
0.03127775523230923
0.02043162822472941
0.0038592774535420754
0.005154094249911441
0.14498015601535313
0.0024824012082635106
0.023691223624723524
0.8306315204576611
0.22757188631373204
0.12411503499839814
0.08247227671230943
0.05575202993056341
0.0704372521511865
0.02007924623258578
0.14231636965592823
0.004295345933159153
0.005067578264953166
0.002653304940740811
0.01711161239227995
0.027419848407821305
0.023854305194303264
0.01999463154814811
0.009431061065454192
0.005126146621728837
0.01419622184554481
0.03679507392600556
0.04402286638017054
0.017319246498749337
0.017297167338605576
0.01319667714055263
0.030584762878650775
0.0020119347808049966
0.021519066582061597
0.07263150655858419
0.009654016862635333
0.14423053763466476
0.03050786038155907
0.9358898410955058
0.05444814018460716
0.025050966885145257
0.9672565691179663
0.01079378762080435
0.05179289697451117
0.00520965670544867
0.008138338353043614
0.029954686829103398
0.015151756886671851
0.022424082244958857
0.03472075997126993
0.024147708298583266
0.007803108154639607
0.028385882625740728
0.007766461154968267
0.024531749274888357
0.03396430090537147
0.0045655763333601685
0.026382320492161087
0.03847915906013799
0.08410812044275841
0.09867442534674135
0.1404472410998366
0.0842857380693862
0.027231002900492303
0.02429253242023991
0.009781247724626052
0.03643386809721247
0.005583641539351039
0.027299589249937327
0.011099406868136914
0.040390206025743565
0.033077911532949526
0.07540664767357962
0.042679197154723014
0.0016347941716714663
0.008548125461930326
0.006704576395533029
0.0013449273360905693
0.006725516053118247
0.01418387724524864
0.0208416052627645
0.01161041503822586
0.0036462705755465597
0.025675097945788667
0.05549138816258653
0.0020589285022381623
0.024676203754548407
0.005214760860765571
0.9452048681981805
0.0060590756064756715
0.027810618834014575
0.01982620495052187
0.022870350964481312
0.011452957732177369
0.04432962478827687
0.07229380585278326
0.016137483625770176
0.03448591843101117
0.2746466064198293
0.021623470760082267
0.018286671018514847
0.03303795885070361
0.035388831705475056
0.024265219056260185
0.0036819540388127172
0.08272492131023501
0.9819668129788562
0.025254398597188282
0.015306049112522197
0.9808872280460065
0.020882712697812524
0.05470066921068706
0.010224731321034606
0.8479997567669824
0.05910867972265637
0.9363720593201809
0.03300157391917028
0.11355756884765979
0.04520954087977422
0.02661068774236003
0.9107150732480196
0.2022831950842664
0.04181987235169076
0.8201905700861875
0.0176375927619604
0.005178261855325615
0.006415186516872591
0.008941970530473398
0.15216821092843866
0.10399976020653218
0.1952272154855639
0.0212591724878581
0.011609961991340893
0.010990921681274616
0.11170846471990084
0.0719937032857834
0.021676190588399914
0.03266820239167867
0.03731761750909614
0.06605860427730516
0.9032561944376742
0.017408128527635725
0.03137047952772933
0.9395118725821313
0.03293710893658989
0.010436119464329641
0.03242247347880302
0.02469599913801741
0.011677581601263387
0.005170045839671725
0.13822449537286594
0.02390048877008086
0.03060013214403319
0.025890304724554607
0.0018785768526026526
0.014195533395114925
0.04111506193973449
0.02298099283845566
0.47370922092154344
0.03457365921346864
0.024217742528697114
0.009740549902943037
0.037252700005726704
0.0025102446919964797
0.025388783960860178
0.14008469676910795
0.015211902274488303
0.049192984918943826
0.0019100900491636715
0.004923310093337131
0.8617557425277853
0.8287134907292084
0.009304243705684771
0.16467242923428496
0.016189626148996283
0.0035773703217359936
0.004839964277817168
0.021974264919864542
0.11494653078191544
0.026689465532959755
0.022436559878550724
0.08973710135229886
0.010705054984920508
0.890074101859345
0.01004600034210891
0.8993984741780379
0.39065435865811887
0.9911161783990516
0.1321907934058451
0.012947184946371157
0.025228884739892415
0.005089526335851742
0.945899261317189
0.8647245603018753
0.9293490905633831
0.9926539811124504
0.9923464741894292
0.9815829647508298
0.8899211411788643
0.9933090941547709
0.9845395094174666
0.9839338969004185
0.9932834626952567
0.9345192392364773
0.06256783316789222
0.021892786816378847
0.038539026403040036
0.27922696775567024
0.02984702781745017
0.20011098442270475
0.01740058155978648
0.10759954142174188
0.03319956486651822
0.013232227746012558
0.07818823886250495
0.023091962814253644
0.0766197200681345
0.05446378807636721
0.1002545577926917
0.0025458299953692396
0.9834650011756148
0.1473492716948813
0.9192306003477781
0.007749239667712858
0.02460251026090569
0.001849279043470831
0.23814338912032776
0.001290572046374889
0.11617796188989268
0.6878725431611912
0.05525241806061411
0.0734937846642543
0.6762461897599036
0.012916712522846457
0.18443562669481814
0.026456423450859204
0.008627628885032518
0.02445993480892719
0.05902273579989598
0.059926573720082275
0.9827955145837789
0.9744033854482279
0.0677831681714699
0.09337852000929721
0.07875291086820202
0.9825567388257931
0.010819243259229136
0.04165383323362394
0.003512142855110248
0.021000848991877236
0.9732821248035953
0.03271540777119478
0.13777347840549778
0.0033638550378826673
0.03197555945054604
0.03766047320996998
0.05860361387301317
0.044366363523230784
0.9790953487677532
0.008286480225581707
0.016379928168414836
0.03336460418378088
0.017314895109278902
0.19466634798763183
0.023374705057810356
0.03243964010031442
0.9022510911899421
0.09221286916130415
0.0012175494207284248
0.08940053022307723
0.08672426218637572
0.020251082088690833
0.0466513225767119
0.07717200963116053
0.47980176791871215
0.1696517491953226
0.006775705749338096
0.03764170754313382
0.04115604955723265
0.044098205337992406
0.011406054079453935
0.18444022299991586
0.9381243955514882
0.17938410839784566
0.03817321796842808
0.06939312375517363
0.00986438573846869
0.02681804626864915
0.008397200350416304
0.026007933078304634
0.41482489895171476
0.05458964126426785
0.09154126168147662
0.01557630784206199
0.28450949672036036
0.048098821247442504
0.14026453289507335
0.004508242817827885
0.7060801959893308
0.9168350942797423
0.022703254481783883
0.012665066774752915
0.20383859048057107
0.05249947747850782
0.003488043727089908
0.022329306123491724
0.05191833453449179
0.017046799587723833
0.06379662554442977
0.04499473103777174
0.04702030786308763
0.9330329965756934
0.010209761181555059
0.11165335193865414
0.03898253430523719
0.00957487580261748
0.003623165515450005
0.18215731255070808
0.9778372953812237
0.015992067279268406
0.01596929391995513
0.01327396229778361
0.8441615842779594
0.0675196428173034
0.12974794863525543
0.011870215750073994
0.06496204172289877
0.041319655831813164
0.09065991731914214
0.009542164897382249
0.10328021010926436
0.01550223838997361
0.006054593994973201
0.009944618281583347
0.019391570089350166
0.048915460018193975
0.03899743813735036
0.05828307367949685
0.013536157200179923
0.038165776460958846
0.10211673195039654
0.0968277863528012
0.0038325293756950093
0.013650331799215501
0.00981270837355644
0.02225273524858991
0.029405551851527736
0.026989127232108376
0.0039773286041143475
0.8659465560056798
0.16519270375480963
0.08501728714573036
0.17888063828035644
0.004194661232359239
0.20589329055668326
0.9690513046512165
0.8382964697309513
0.05627205357156819
0.030531239320077196
0.012566045164653006
0.05358467765608955
0.011366021765597959
0.07905284288745636
0.024252029781896153
0.21945896187119598
0.020545361547013554
0.9747410194038574
0.03333565248534077
0.9934127507271636
0.08262996033427542
0.01813655744458487
0.9799921996147233
0.036312516156274795
0.12288620635568326
0.09036933810043875
0.08845076649122485
0.03763876705061217
0.02000154927577215
0.027842072847009264
0.02765601469324217
0.02687712087625578
0.022918111546506796
0.2748968802689886
0.14256090847759567
0.08489871358828112
0.17227027472063092
0.043582024249788374
0.07066850091875125
0.0026866256240323312
0.020954255624428465
0.0014379517391803855
0.012215542789994007
0.04858941318348784
0.11689654486964639
0.015232554854081889
0.03341170918509085
0.013746747510650872
0.9854215818334284
0.19943392625828593
0.5065282513672132
0.7688620245663358
0.14284897709324237
0.00216702226172083
0.0027456124216112708
0.00339412053057898
0.015104529794123373
0.02805820924246114
0.03422194796926104
0.020184321740605207
0.03692778400834658
0.07741754213132077
0.9026184914558221
0.009044528219662019
0.016788048045999905
0.011861353536785978
0.8161866248437175
0.015475495648017213
0.8711786953133724
0.8929795867654405
0.18962997113867117
0.024518342608672604
0.9348725681796772
0.8733103603593392
0.13378722420706557
0.024507442493411514
0.01209941292790157
0.02072563443590008
0.9405081827674806
0.008319859556548731
0.0012170547048824
0.01588989625283844
0.015720561977945847
0.0823770238965317
0.016482629037917685
0.001587643238121739
0.004570755333476662
0.14517387433802398
0.007369063596046165
0.08499928766094814
0.09137314804211186
0.10333963358752186
0.08231924463279729
0.06811744180352279
0.04042626364487593
0.5628519549806825
0.00921142077467796
0.011772441205339726
0.7081146732016559
0.03893427138247892
0.9676104194802234
0.9404459329493708
0.007028514786769527
0.029832921709222627
0.00178578565100899
0.04587149947785362
0.0025573063816134527
0.08311445264698888
0.011682201413835231
0.05741898438800691
0.018334719135625174
0.09878168419711063
0.09082005211908
0.0025481196224554454
0.07704559044433025
0.0027975074424907566
0.014330810001004982
0.11559021754081247
0.08015280709245964
0.9646592801526988
0.006407983579604387
0.023788946350063494
0.0060809026388577506
0.007091250706679505
0.062335869578828154
0.1027765643436885
0.001758815547010325
0.9788967718057974
0.06250991343438393
0.6909367257482981
0.010453733385274435
0.9582837953520432
0.0036086536528064923
0.027235293683646678
0.022141494382288664
0.022837790056827272
0.010995206823075938
0.7793404812871301
0.06006494531032089
0.11776381774522575
0.006640013773252144
0.007898740185862254
0.05719761002568924
0.035690472825995107
0.006088291385846207
0.10046637038930534
0.04187818748427748
0.04418070199050947
0.001695033007372898
0.0022125490922184276
0.04971197736904911
0.004515073096758075
0.006925623514137874
0.01706599084247839
0.04776791239880194
0.016859048212727688
0.13596750636739371
0.031111093370815614
0.4265249580126269
0.0490210763024655
0.023197593094615474
0.0509259252861566
0.12418254251408584
0.0074146979719939944
0.21569300599284244
0.02761333747842416
0.13503900789673356
0.05457406812099783
0.001113543350315625
0.9520395612331342
0.4373403701671538
0.9038892738055035
0.0029958211888431504
0.03609580444417415
0.06772992345041418
0.23813841747296213
0.010747099702464546
0.3687728389690978
0.015684142803604105
0.004775874885653459
0.054497973335014105
0.015675098901614115
0.025927976723575687
0.34964730453223175
0.1595172784182211
0.046311157358685795
0.9769527012754425
0.0046476420355919
0.06999753247587957
0.8867485092634259
0.07502795205404277
0.025196701561261376
0.037931166448037894
0.02348502569316309
0.9308092832865874
0.11259894942432633
0.9351296595812653
0.16310848405263495
0.012188501524048061
0.01210484450776944
0.06015104644679616
0.0020676401423509044
0.011689911956975418
0.06754086334487612
0.04958894360361673
0.01624189996154972
0.002393264642679175
0.01916140616764269
0.07492800629075276
0.015100884878560214
0.019366738851139216
0.006036888767711323
0.017901527128665856
0.910724919078348
0.9395962403309297
0.012294122622970851
0.017177386487850718
0.9739358581873332
0.00220315644644708
0.0808362788381913
0.04554688385556067
0.06039419965137179
0.17733282768390804
0.9861127235072963
0.9373306835461648
0.9758212250918998
0.0009968333887989636
0.007847265486197484
0.011822797059123015
0.10170360368365922
0.018374582859265503
0.01408865508940432
0.021775559703699564
0.06085740700951826
0.07305599301276833
0.9265319151456816
0.019069421288079196
0.05671816079863079
0.9559061497451581
0.017607987743665735
0.015947070894158425
0.9692252324620636
0.9432323772485763
0.02961919262716326
0.05919087265329505
0.06772170591818213
0.02690583578514955
0.03206408902457589
0.962144629944913
0.015555852758231589
0.7034729163060713
0.05221619867057874
0.013110530624506218
0.8173852807202443
0.04344567725068872
0.08078864557484874
0.031029944186413146
0.038030021799451946
0.006237079141256443
0.06296213558635208
0.008328180090206484
0.03547972576033039
0.015280763629303874
0.05557019441655427
0.04826379066921118
0.01827448194488128
0.0058284235063918175
0.014767412752203732
0.0019621989597750525
0.022542250197677964
0.01343729570317059
0.8881348294409855
0.985850743577198
0.0038589804316429915
0.010246841688395278
0.95095268629938
0.025169341871020486
0.039168673336111126
0.00438313662345354
0.07179189918512591
0.03327051906805617
0.04190849263570412
0.019466475840192385
0.9665956135438775
0.04615988148778162
0.04203503512207688
0.15653403655701903
0.060970174394680804
0.013328457677731564
0.9813937585874986
0.5066485205297605
0.037371400659894354
0.029230666862440614
0.028957324673639116
0.01090380110710608
0.05347738724849344
0.08099219588909645
0.006739229943360883
0.027997296930676163
0.09108730895526172
0.06307905255129029
0.03925474962878568
0.1583742404028221
0.9393050870199201
0.22933638783092747
0.09810677104848382
0.026897064601528322
0.005561427478107437
0.10176816895632318
0.9292852576659842
0.05898975216403986
0.9597283057496343
0.060785170773816184
0.012409137495000054
0.9125522614736552
0.9360991729021638
0.053507793919181035
0.006938537807271472
0.028708864666862857
0.023760710532097204
0.003814601476625087
0.9930135605718088
0.9683305249289468
0.03652595450644321
0.035329086786818106
0.007198794953403076
0.012863565995396403
0.008326313100953716
0.05283435855912586
0.9444098330496948
0.004463787154202608
0.08653025098230104
0.06310546657220917
0.015597567719803659
0.9720104213120008
0.018782488725271215
0.04068747212730353
0.13557457319005303
0.05503517016359384
0.9452117069895103
0.12634423003780595
0.0372202741732031
0.07574575588289204
0.04532047752795788
0.038294435211943825
0.016608472257950178
0.9719815717848537
0.031475429356098206
0.03321381577424835
0.4551097101467497
0.9592323957159428
0.0569306246135356
0.02375643725343283
0.9763058487364309
0.017117883702616292
0.07119716736532074
0.008075863346000413
0.0012565221848099886
0.007103948736539282
0.04231550564638586
0.09389155985392833
0.9881012338689728
0.005741934880639764
0.011698456881562937
0.014054214057693486
0.1858823190545
0.11005598559314554
0.10389771567473303
0.07119564107857192
0.06867125540590012
0.02473010781889642
0.015921460541083662
0.014370557404647736
0.07583800134839681
0.011214196169224401
0.012327477691560599
0.016600297421314053
0.13278179887420077
0.019471080938989513
0.12055646109296599
0.049227743067183645
0.02155404307527086
0.8907787568090341
0.11231752778276681
0.029316442681897956
0.033447393270973534
0.056766311032951065
0.9421414133062282
0.03990833750609273
0.6297646753522731
0.03203755489866203
0.9759486014934831
0.01655114538365259
0.04365046702113472
0.05916432742884605
0.015469258316239095
0.9142599692393578
0.006615207084157683
0.009079436497317437
0.23272871904094342
0.030148311310395113
0.21106010354576366
0.04538861576384355
0.04683557179801675
0.9805113767178338
0.10776181325452305
0.9912133721127883
0.06568219513840674
0.10791223443448048
0.9756099702201839
0.04186533118383059
0.6820304493527922
0.03666202150482376
0.02119268425069715
0.012257817682627157
0.049960469091390104
0.03469821842592382
0.05681682963889897
0.07423634150349522
0.11383685193871071
0.12781246138670177
0.010494698535801972
0.09192978019727131
0.012170502147984577
0.05658680100667407
0.03323568966367344
0.005243818765000771
0.024192692969337085
0.10884231007917819
0.021727075836802376
0.02913510996482402
0.021499557654796907
0.008385315437787004
0.25978613723252975
0.01341733971224229
0.20592232974797703
0.04398144850082123
0.03881545386381434
0.010083342387793707
0.9644554884807228
0.07269136334905411
0.026273356168744506
0.5516606343858168
0.049799613943716285
0.15643529180641152
0.021534440707265054
0.055960309908632065
0.09597615141365257
0.007976623157890649
0.01052326736366234
0.07142936774276626
0.1630394218665004
0.02186563699301631
0.007759507240554037
0.12223325868396193
0.013941292699760223
0.21260045953817794
0.012471075372640203
0.12280262300914388
0.9886816209297901
0.348328141440792
0.08678317811849015
0.03285869373994666
0.12930958934015663
0.001963303463868389
0.0019841080981248633
0.9730040599402051
0.05503255444895772
0.05096385025260023
0.05371764350102246
0.8857861237816252
0.003453333748766699
0.06582980350886078
0.01616141362400583
0.0007242279309787856
0.023487200524270096
0.05418853548227215
0.0336744809186702
0.04802435809595739
0.047919665428381844
0.061928866435710585
0.02985136826524192
0.11423685849829486
0.027735573439597806
0.21712067110591304
0.05508492285302763
0.9594805069000626
0.006067465002972914
0.015367224402941483
0.02522381477166815
0.0029484737804047357
0.04274388038053475
0.9501969103715658
0.9821906358346318
0.034804546592154414
0.9389137909775754
0.005144124213756201
0.09391808458882651
0.0916206664145135
0.04875402046621857
0.0065504431638139056
0.002679953617184813
0.15186853631587088
0.0020286721116503444
0.12246298876237512
0.046224274171071264
0.04044759671542855
0.013862906778687248
0.030949607458287853
0.011866402140093282
0.024017560158137705
0.0480516364925617
0.0032245402178068885
0.01862929775698364
0.9809406910255332
0.041910316113607106
0.10842222718172495
0.21884214884149966
0.016323068543192994
0.022631810932804145
0.8668922249790245
0.004233969468099523
0.009222809135098205
0.07958974815768427
0.14740845309476305
0.0958686189187431
0.051900363411965994
0.021105872011459068
0.0768306751269582
0.0875867511188775
0.06195575586015342
0.012812353223672317
0.00758719218118409
0.9667981420587349
0.017412039945722903
0.016451825775671402
0.9517008473963712
0.003657715581257748
0.022524745456131888
0.09623117488028611
0.15839448566771364
0.10104436970099624
0.02100297177402185
0.018635252321478606
0.1738283345383711
0.006258356127053701
0.030951191218505314
0.1255800485863596
0.9036229816114512
0.04649206853087766
0.022229977133455814
0.009295302966719855
0.1336159775805658
0.9606348798242641
0.03778055928318482
0.03119860534010766
0.13711369959000147
0.012253903353325905
0.13976360016767736
0.06585915566957731
0.973063484626028
0.0647809714325159
0.0312437919015436
0.0108986437554042
0.9793288017743327
0.07701729602593
0.019166952639886776
0.017043159364088515
0.017993378719749407
0.020129643996495764
0.21489017378563527
0.0027168022557033196
0.9880706466963032
0.9707154960270774
0.019593659316191794
0.01938178895462937
0.02572245917713277
0.10541387842803404
0.015722461210002498
0.01574202022787027
0.008289873755245447
0.011404729584510205
0.025568420462329877
0.06353544715655475
0.014295355389116035
0.03161285132835856
0.07914757769607768
0.0022093964097457206
0.07547781062505249
0.11974714340140341
0.9806915807331059
0.04429637839656966
0.01662951639681936
0.0037267628288787462
0.022373682981476028
0.02120040073443802
0.9857165527072788
0.002197616710218201
0.9457155829696178
0.026422518172822665
0.012298019551770022
0.11862036941956104
0.008986655803398578
0.02107442106281769
0.12454654179074141
0.07067961943871753
0.9757306546537543
0.9429952766292716
0.016302205092596656
0.9435522231782262
0.04587920923946754
0.023629845265760115
0.10525020309918744
0.9750179013189447
0.0031614025659766967
0.03340139404664692
0.002409584352514837
0.019814159718192937
0.0007973763906366356
0.07447463765715331
0.0038965584348573954
0.10653147338598391
0.9454169803462505
0.023596448030153486
0.012663337158446565
0.006369459444186405
0.0958124229118353
0.020563737278399923
0.033491296456947484
0.027475896104161623
0.0049750025353779296
0.01574279040290047
0.006264797006674177
0.06608392786827401
0.9558869066939034
0.9824685802375024
0.035345522562681364
0.010535769005990842
0.001809309598166227
0.011267585826172447
0.0020049830632690013
0.11386064388232195
0.10774170102607245
0.13350265783878826
0.10114867450778689
0.0792586086014089
0.027649537240121907
0.0232063667335724
0.02480662394829897
0.0652920308289064
0.9733394903195802
0.029306375007787506
0.017631866391397383
0.12096540777085649
0.9945683190751782
0.02634724805197036
0.04522793821348142
0.03919202648967978
0.062433828565158236
0.350542060319315
0.07374836695421041
0.08293110039896599
0.9503693664174659
0.9870871722949036
0.38952381141059794
0.013287163452311969
0.9832433814248246
0.009189937041941487
0.9625056509734158
0.05545161907702192
0.07172612247237001
0.06163902818514501
0.053208331377557996
0.9832886960327474
0.004508501585572382
0.15394122668931653
0.022456337181502573
0.027520639621802415
0.21185178569217228
0.025300542870321407
0.986447922099241
0.7742982895251167
0.985584588961493
0.31043695621453976
0.19803075425302127
0.14108523283025395
0.33760358878967484
0.02005147521712102
0.008635552912555649
0.011338756650151475
0.00874696071752974
0.0021062148263051436
0.09884642136396665
0.008576885804377715
0.9613943315392549
0.047256108408549
0.004108337893481642
0.014907420104117235
0.012975260291132768
0.01913430656672718
0.01609574975753568
0.05793345976864178
0.15567091158988602
0.008408129390947707
0.9810721089234762
0.027073674514104574
0.00776991071964714
0.01988190970101411
0.9840912572252036
0.9674581091776701
0.02662390409394275
0.017651018615161204
0.09611863426448337
0.004548662356295599
0.08782897466660336
0.005479119645799569
0.9330289051182896
0.9752108042564693
0.029427833244603716
0.9612807994498155
0.007557375530571346
0.014542857474252864
0.05614511476141018
0.19532881568055616
0.003780568416007794
0.9259240583465214
0.9286428093385112
0.031153561510146366
0.030344263178443454
0.08064957294612919
0.02185091773111936
0.005064882182295424
0.026446278625957095
0.07120383530529933
0.14788228056704394
0.01718997752501189
0.4527921897508098
0.010494797556555984
0.007589299487386377
0.05010862992152085
0.06833389038114207
0.04258254500493178
0.01882201787058104
0.0014271416435791054
0.05110104406879286
0.5970925516309605
0.012465621658270433
0.3518668698814451
0.009439702844744937
0.008835403335589265
0.0161413840218796
0.021515347595766
0.04877754454512913
0.0653857296898262
0.09916401695117556
0.0163084140751309
0.15748082703948937
0.09751864469414825
0.06659545495350706
0.13748381841993096
0.002108591293013243
0.018342086241993027
0.10777488373790702
0.9820701174092357
0.011537769055068018
0.006687788487532988
0.004358475053808346
0.4229527380592709
0.9726643908878712
0.15523354536196995
0.10348095575464804
0.03730232600026442
0.9837639033383766
0.16836034002539868
0.03054573645056772
0.04614129873238401
0.03253162022828971
0.0018958627178949315
0.05035895653437116
0.08506752424369483
0.9859329389907021
0.010009468571748633
0.02637969848816538
0.17700189671211125
0.01572876281039512
0.04303497435936339
0.020589443580970437
0.022568636627294907
0.01583340124488863
0.9686930430406696
0.7219695684313628
0.009045675219970406
0.07849082862877853
0.008338877238640664
0.205403373680621
0.12354229570343805
0.04386806424286123
0.10527065921102755
0.020190201849078233
0.08480024976362122
0.005341734107672098
0.10202010713641699
0.005120303749953264
0.034216662559199876
0.0027947984875980295
0.28223236048628575
0.33801199939867504
0.04506464820459848
0.05074866245507093
0.31474238380121766
0.9441806102387282
0.006573303172899919
0.05165094478725377
0.011339141367333452
0.0037971334773699806
0.7511938384374742
0.030586706202563714
0.015050735318982359
0.9783479016603894
0.12756942561438572
0.9650995618396454
0.12614200089950212
0.21741416311737682
0.01334893281303649
0.023827440648106348
0.07684317498121414
0.9838024320823554
0.14161814492544159
0.11273826283136099
0.08639436357846841
0.9676078064067749
0.041585370744318916
0.901841481116148
0.07604781663131356
0.03047055609388594
0.16245944434279536
0.0026502154104393813
0.1333242146201719
0.006652879074822075
0.07098471823873316
0.04318195190625873
0.12402400365167751
0.003479146331006108
0.013205654229020784
0.009470532099738043
0.8518788151097348
0.24198577691539186
0.010271122968036162
0.09956708035744789
0.9790571606543804
0.01316134437101422
0.44980039490859464
0.13289668560939186
0.020498721302911322
0.05507960877880738
0.00974363958846032
0.023870692929025054
0.9576204804589162
0.029376307335505617
0.0022317189869576156
0.9748062735463396
0.8503141585918054
0.14079703403651583
0.006615265400189688
0.03636450433209448
0.08123356224432136
0.06927935564243286
0.28388431687601523
0.9783455094011846
0.038812627399637506
0.03676649789870174
0.005064122246429295
0.026233277665662278
0.05032291450583413
0.0054240962081389
0.06607250547397132
0.0533459476871551
0.013014944952944698
0.008888171454555597
0.9712722556545347
0.02998908499436705
0.0852240612992524
0.019576063455996297
0.11379698109818906
0.019766023510040608
0.1462054752724994
0.9501946696990801
0.01446344453252968
0.03918066701778751
0.9740488720199263
0.03985211280463641
0.09195797927675246
0.21152691835560786
0.24235531775358377
0.012813063524543034
0.005878594011450602
0.015035912671811478
0.0036830875081514326
0.12956666901258662
0.051994648393511464
0.010843296913343688
0.030672134903357032
0.07098343794150204
0.10886658374918472
0.982271605568918
0.07994606779857338
0.020626855295915517
0.03501849513622111
0.010412503710854854
0.17423710538117607
0.08352811302332476
0.3003395079506138
0.08472581055651167
0.12850834349158777
0.9879048412374553
0.0007605430191833383
0.009428303874311435
0.038243553370787185
0.0785246444780955
0.9764948092600829
0.07404761786742259
0.12430808034198922
0.03343574999578583
0.016851345359596575
0.15308268135867084
0.0401519415612918
0.9242716679611338
0.9734621099218563
0.02335860734300239
0.047818667425209994
0.04453662880606087
0.04760088247553184
0.04011499018345126
0.04607998638043417
0.9413327746705987
0.022883458572142926
0.413690930180974
0.00889510800011405
0.006724196383486582
0.0021719867119345
0.0023927052358245237
0.027391554745670975
0.00812207930427529
0.9120457814323398
0.9163094793496623
0.11119920631937211
0.0036182442449762893
0.005526866084843513
0.05354027055541981
0.025292127827682517
0.06027944885803816
0.02794586173976744
0.002000111434838489
0.8714879704381637
0.11960761428310991
0.011293815015812399
0.025598541229024222
0.08670957659398797
0.20481163424896526
0.0792682620665867
0.9831081326909181
0.004500869206909297
0.928191209167802
0.012172530107163794
0.06125770535322463
0.012707968124133589
0.015880208862691796
0.17182084611202997
0.08930607439105062
0.04932652913079681
0.07584358124997866
0.023507935797434362
0.034256345173502456
0.6044101008808496
0.03276935006078693
0.016875433880518837
0.18188992503381393
0.030143677152519886
0.931811503346716
0.15293379654189385
0.004672444059520908
0.9741892568203798
0.06109230717368431
0.011259755307053103
0.0026083260295947726
0.03986021014717493
0.9896249672525937
0.8807297289688988
0.007829076388020495
0.008441853332399971
0.9773642944208383
0.03336601805841224
0.02830437277293774
0.1377787478219452
0.9667087771831895
0.0578714850478776
0.02133498955155426
0.9831865937639162
0.006655682660793933
0.08259509108320696
0.9528064104486427
0.014698054195037396
0.018790338091012753
0.07573331604466628
0.009190291016545853
0.34092401603248906
0.004840286639204
0.03680722009079791
0.0033358917838034723
0.002731242846253485
0.010777676861932057
0.0037890357463580535
0.02586729486616986
0.8720642422797815
0.017122571751744992
0.2299146436802993
0.009861325732811507
0.0029752908023010904
0.02944312932926119
0.11148527964529102
0.0218676783384607
0.3215000132688725
0.013638888144837023
0.00573703008269131
0.007809104236123321
0.1521916684064927
0.013112901975974306
0.06604389362607099
0.022735910417773945
0.011699741734350736
0.0031893068263425636
0.026222029079121436
0.9784247081431081
0.0286126122285716
0.018887959325878976
0.04609867368673278
0.06902631098384317
0.07474131841292879
0.16569855523334734
0.979719607978818
0.003397441638133293
0.03938018834098748
0.03935261597788956
0.024786789409908656
0.023429795449557138
0.019487872701458717
0.004481696475543014
0.017896013514550533
0.8335681673316002
0.2867586341912131
0.028071196327105072
0.22752511515300058
0.0037205318459749633
0.9837830490537302
0.0031866904567693245
0.05871187612378183
0.02127334745812236
0.02971467049854442
0.12009711436081379
0.006648237777939601
0.006074737256889013
0.0464913478731503
0.0035189049625928065
0.20355004056795592
0.1815234368136353
0.009378680300445905
0.04450063474128297
0.006682670436012543
0.0020915698938710537
0.026090048349310113
0.7452998320533978
0.010283195614104764
0.1193931907008138
0.04062259286857914
0.9853928701509543
0.05757413621303112
0.04868888064436182
0.005543498352141271
0.030036402066213774
0.04281366717951817
0.02143264534792828
0.9710609924348206
0.9652735662188106
0.9772305831852754
0.032199828650989464
0.023528884351859642
0.06635393895159625
0.8416770937631246
0.9548433486225341
0.026747158902737947
0.03669170748915725
0.013261599299936056
0.8716630614708987
0.02871971742459813
0.027280821944781868
0.003866119272026474
0.02116763824921308
0.0018300522393307854
0.9672560676451704
0.9913489390261315
0.002181355236214696
0.026484319983862532
0.11159868755179946
0.12634895282073838
0.9746584463751082
0.8871353816769363
0.04510799581334791
0.9355762103916195
0.9446355971470155
0.04284292110850796
0.11506610332880406
0.02410200954632226
0.030712034520968733
0.07112690938599435
0.039672438088993886
0.9856718406612828
0.8115842993520034
0.014231902618981258
0.03549829152670751
0.031441568647121505
0.002240732188600524
0.1641755241799783
0.9454103164068015
0.018526272835100117
0.3146658660605085
0.9824822699617294
0.07079951944625794
0.18919491513889536
0.043645440667005354
0.046304433423366244
0.0030316097371446632
0.006934732490406585
0.02173369737404529
0.02072951388040472
0.9913365925615243
0.014906323892842245
0.03683917469189008
0.9326070241451763
0.0339980901438141
0.020300791880528964
0.020360592324008393
0.006127865472212232
0.009608941958884804
0.009047705529313372
0.13887481138504107
0.016054714379019883
0.0016820933377518525
0.02287370551299362
0.023645888473075805
0.9855186659962861
0.029980720062344875
0.9870485407285723
0.9360379112432773
0.009056816305778951
0.027811078599811
0.050641806006145706
0.010906270214027266
0.9860229978221108
0.026680798130985783
0.923121166114201
0.0870267112330261
0.0007292854260744462
0.0340868172469565
0.026587022414075984
0.868239953434129
0.17030794726998544
0.06419017048037737
0.06554496060960764
0.005893757761625482
0.01904613046500362
0.973962096810813
0.25640585505920255
0.008753538645631475
0.013320794841519698
0.36823976781286144
0.9079058227860883
0.8820798705495452
0.8014437482021751
0.9332229475133075
0.02788730724434818
0.024705068945796816
0.0995974909099733
0.004602856245645603
0.03220060817068816
0.16585475315548293
0.055208151459313744
0.9712508861989353
0.021744619902416076
0.012582752596399889
0.033742980285855664
0.15339791933666636
0.05829673929824613
0.10028411257223699
0.9597224016950258
0.49313105511554245
0.9699218170524492
0.07826620145290811
0.11124300912214326
0.9160596633287261
0.05039076316762808
0.05335683152988815
0.8647869259999722
0.009099132107826625
0.11704016283940988
0.975658066578536
0.9333211677002385
0.9191789991721869
0.8954983564932741
0.8590824945651931
0.028310960027301317
0.10199479711277275
0.055700917792329975
0.9761782959610799
0.8440825419425031
0.3963621645262399
0.978190181079807
0.9537564626417527
0.9222804167680253
0.8471150471149882
0.8639385642791928
0.8176075424356811
0.9678099553363657
0.9817456740359845
0.07375856701850501
0.05921561148414476
0.022586337530227617
0.040746044949864446
0.8564789501405271
0.0448988564291324
0.9609067244307705
0.9843052652107279
0.9838510166822115
0.12088014572431549
0.3111968781786321
0.8619552430224878
0.8580969562517395
0.9861674871700867
0.9817002993109828
0.9328953355647908
0.09081513976399463
0.9699776206209674
0.030517782757417757
0.010361525166880357
0.9020156068809875
0.9769409876663202
0.9782589933905214
0.9717386285658077
0.9914749990939173
0.027722103588432426
0.02172447623469202
0.08526380854781482
0.8884989231383046
0.04555158724137044
0.9770977627023607
0.02331903138888114
0.07210433773695064
0.9787902019643421
0.008162787124617907
0.9647725810218888
0.9887333379646831
0.9670364930021069
0.9779797801020125
0.9778187863039925
0.9968606277610811
0.9564917526473347
0.9718821091814628
0.9763758494605869
0.021074340338865905
0.9884961449016643
0.03495526605625204
0.9412395217933792
0.9251506977280002
0.8702939459504446
0.8831871811163766
0.9410135948405078
0.9448815884178882
0.4206626779826156
0.10389198158829407
0.10989164902637003
0.1017490126675065
0.08179154551506111
0.009849955517000512
0.12670633429061115
0.2233418295004126
0.043487591964294456
0.005218992761072492
0.03451059408522705
0.18594255385210648
0.14636778807529802
0.9659620018296641
0.041534568999204186
0.9600987936534814
0.014983695837633142
0.03668990880066343
0.011990516681327543
0.9507768104840296
0.012540556201476
0.14877288849891246
0.011260818902342554
0.32956477339260515
0.05947455852922445
0.016834560934047928
0.03403564353529459
0.07957540588897528
0.02245242438788986
0.011212346918398551
0.13915120794816363
0.03220825843103328
0.9834853642266486
0.9827641320676104
0.18519789132054063
0.01617145450931961
0.01729488111489746
0.029798840724469457
0.0740770405100241
0.9786668249668944
0.9786772263411025
0.9678548251113475
0.08902161756807596
0.975210944587355
0.9665725893652851
0.9619906268752623
0.06132570156517725
0.9791026910796291
0.9534370491036823
0.04986527700199935
0.15094573469060296
0.49038270399953476
0.021098226666202494
0.016175014194498606
0.9176130296487822
0.07067929708665517
0.08095317956280439
0.044227672494510054
0.46810976035027774
0.021619959065535585
0.022748869981385977
0.024146277510867734
0.028139057958814207
0.052548975680153154
0.9078470372998269
0.07886059524071304
0.027999287258665295
0.9595604091338952
0.025183138546032473
0.0643791909809938
0.02508008181226994
0.014753438917529258
0.055932099756666756
0.03497730118256134
0.17878716384966079
0.9660946656205055
0.1918286826664243
0.03787152587367625
0.04882360202598426
0.9808365916237852
0.9801869253454254
0.9877143807681802
0.9512881565881435
0.09655085703951302
0.9869172342579857
0.9663879683441933
0.5871774039562553
0.12712642390037454
0.48347213744128614
0.05102973620017457
0.19977530303485208
0.03707360971887583
0.014615878492253175
0.02085301826595154
0.03031927249670276
0.058652349406907583
0.9827855357573786
0.1158377441867595
0.06438546091871059
0.010383918763998377
0.11858790762275712
0.09591541743194226
0.00608085940833193
0.6668288694102027
0.06417414668660072
0.11692807972492879
0.05766799767880044
0.5625980715903566
0.035827533394259946
0.08428282887702335
0.024202531002892668
0.012581090363720838
0.0173003941285671
0.1693258645770577
0.3260273724838799
0.935769776131149
0.31189610875568674
0.31978054455083765
0.01952701392450689
0.16248772796869992
0.0071958447491793885
0.03146018696867723
0.09539532885744872
0.0766886316712738
0.004525139775125735
0.19192340283105602
0.08764106934422287
0.15851601175387298
0.08519382756499215
0.11849062024245013
0.15683772155836542
0.2740342160294773
0.08389989004996527
0.06702111156012949
0.3345225365875863
0.9807386566287825
0.9901753628958113
0.2954721563624822
0.1648744764885073
0.01665768533417139
0.010593342019240885
0.026625226729580207
0.004134092281661357
0.07421186411266802
0.00529003571751996
0.050521526880004775
0.07603237353826629
0.021713432976286796
0.017420150489476996
0.03185883270218595
0.049498895820442444
0.24174846427009816
0.0565654538018576
0.05394072315148934
0.2565352360746095
0.32598582561817113
0.06273981254731849
0.08216820740180664
0.06348195691256026
0.01664515349296201
0.7763763717092758
0.008250994622687068
0.006184602017042265
0.03236095155098079
0.38624032547288767
0.009373757848478869
0.9405371032096087
0.03277240288324242
0.011794344471192802
0.900672769655132
0.36387874129728365
0.2345849122119278
0.11642478760690401
0.22496808427086537
0.05164566588232281
0.255592105481201
0.011114902812577375
0.4239676339851092
0.24559332196508793
0.073035109728102
0.004172931001502472
0.17042275120189276
0.010088208052259727
0.1080614369640226
0.1613489864541175
0.02093812801626209
0.0395131676251623
0.28679835048875346
0.016380699898258744
0.028371562944051812
0.0766085760483127
0.058867373926003545
0.025824985288928792
0.026223339977882034
0.1823950088728713
0.16273774006038183
0.1723416012506492
0.054457063620348585
0.9567984298350457
0.16920868048836338
0.13985996058006436
0.9474794803981761
0.9470645403355135
0.2698648954201371
0.016916859173893253
0.02861691912950973
0.1452533705155176
0.1872510837025125
0.00806362846957173
0.8488089724428807
0.02994391049943304
0.08486815176186119
0.9578186430658528
0.9935556056616551
0.1222387946012848
0.2739619270431009
0.01551034081970033
0.19777872256089962
0.009227562417976861
0.15588934385828326
0.03955245267997632
0.16570822425488343
0.9879749448933934
0.9211833473188267
0.9262487975644442
0.904783266500793
0.3339764518579344
0.09529963391317188
0.2185623159063328
0.022117063478278066
0.09556443663239055
0.9791730901736853
0.36708599332008773
0.00526399342256196
0.04145945151252539
0.010239947235462565
0.019634336782241392
0.3466045551986157
0.13854340955572106
0.04141912546949613
0.012508891483670723
0.010294017908830314
0.9786688696942281
0.01216748657464482
0.015536018648767885
0.062456130539968194
0.9633688154782794
0.9563730741183828
0.09611784316793659
0.12702493451474703
0.01150370515803429
0.09669536836051132
0.1116313539542817
0.10539026195501969
0.0957656033195742
0.11353452988479476
0.2113455777096437
0.07981028479716223
0.042760132753018675
0.21613899945388976
0.08391488232347546
0.9810947179400822
0.1339264587089445
0.02314123920305125
0.10709582885259535
0.019785475222199547
0.009760058278353214
0.04894620257482624
0.960773471545317
0.9902773049979291
0.22562866313384577
0.9189101606646388
0.0453814442559644
0.8604601523155938
0.3537775596594929
0.9268855082991347
0.19618491700678817
0.087520153716913
0.9802204118378327
0.07702260125366804
0.14344890823920653
0.1488418838137025
0.10268647687886587
0.17170480365467825
0.08373212097048799
0.9384188150346475
0.225747842102783
0.06114399157070832
0.12315197970966896
0.043829720351240824
0.009611259825323942
0.04411058814554269
0.6412414216381875
0.020397029363183248
0.007529157830466794
0.45373259269727023
0.014626597862796988
0.04357595844856281
0.06505030143199036
0.020834548560649948
0.09886043651736515
0.004620599399885442
0.005098943257533693
0.06869277991197137
0.17526383616447916
0.19819569646745092
0.021115898941695237
0.03497475949417358
0.07917037765513801
0.012723321873892246
0.06243153428262233
0.02693640941278691
0.033277765114480364
0.09644164935018078
0.006196685822828522
0.32366875701904047
0.9860394815644974
0.02850514219475338
0.03937573885960028
0.06315666977662328
0.04465501243983065
0.03924279463758526
0.0283207396676271
0.21256889483280864
0.3193722564739086
0.06791663365422253
0.0309788750146793
0.02518704270716778
0.04274596264063306
0.21609477326760465
0.47717446144541975
0.07370763364754096
0.021961640606359755
0.0036594762205547668
0.03471835725060799
0.013302545378003938
0.0268253486503977
0.004230924778928057
0.39789050736111437
0.00811705926696423
0.003091147882970519
0.018234995270632708
0.15688688032630432
0.04959359231635358
0.06447994808898827
0.012617630066485848
0.05830455745809022
0.018610664057933168
0.04100972122839423
0.05477194474844174
0.050570689249946975
0.10185899338586558
0.01979370642126861
0.026355346868495173
0.029740978478518098
0.10431094589568432
0.05210458809220851
0.04643949275261936
0.35805761096330596
0.008479260532430366
0.00883065637177109
0.05305133311308135
0.13846863516301727
0.05000056294892971
0.007803977978158661
0.3455659890681443
0.13617887382530625
0.011812564229205309
0.11149984502134012
0.049629692419550446
0.04460533157814804
0.03934379536154181
0.25740477427057346
0.024202461410000126
0.04187080492215647
0.05923969104063583
0.10326061669588008
0.9399940098106534
0.0851969980561835
0.0532753877683659
0.058830368247108765
0.07122145405474428
0.002862575351435432
0.05496242918713155
0.3822157893504756
0.003714175039494879
0.005528307737852991
0.11059833743100064
0.058384225193470064
0.004140574259938814
0.3548058788538641
0.03458959555991315
0.056796745166014365
0.14195856602886928
0.9564076948574665
0.27831800569453513
0.9897132006832747
0.0941707856923875
0.013833341040969279
0.013077827361885237
0.030739942540927396
0.11161839689144666
0.013765545576333794
0.02906549685539884
0.019754189895637226
0.00588714277382394
0.9313045785359976
0.012649186153796512
0.01543283572976035
0.030264789245298063
0.039558892850395475
0.9761004929254671
0.027645108616607236
0.1083802491842417
0.08577293627331387
0.6765353256765538
0.006113938513478668
0.05746358948221775
0.017440589433217076
0.01450441385909806
0.9406934573020407
0.9776971845543536
0.98648412639615
0.007034904525577361
0.01783043976038473
0.015409688957322662
0.01929084020861596
0.039177127566485906
0.020090740788882212
0.22775606104659174
0.054219186628765514
0.10870597461481663
0.9533103116855423
0.0459782270804871
0.9758138041608958
0.042042922596455416
0.04346912617522
0.04713702665985226
0.06097012923456696
0.015120861873442281
0.026197404793257065
0.025307998600754427
0.07581189038024601
0.19264494577462793
0.09451357029657988
0.008290160849104068
0.4661264032450583
0.007413206832484317
0.4493226565027044
0.4575927853765109
0.7634850510592399
0.03433436322843529
0.007503606849774977
0.9197808022264922
0.12547791145285614
0.016958992398418367
0.36528645611587973
0.32853377361315567
0.0032013188408443415
0.9291427629795497
0.022426058547757623
0.9800918639452371
0.9926082937952185
0.8592853437562089
0.9931102109549924
0.38313953279287777
0.04996155353353767
0.06489177278970243
0.062498686954479334
0.9737299153436865
0.4179437757494439
0.06700360712493247
0.13770434677579632
0.0020510189074181067
0.07524104862001474
0.04033661711407651
0.05613141084409861
0.10052233532507009
0.02052425088390891
0.1114272751656678
0.0023387074953445043
0.379596277249933
0.05562625780636234
0.17812604929664214
0.3407038635994503
0.3748908044726931
0.05131401617018021
0.23554999269973376
0.9805615015568824
0.249179057210191
0.00764451153878797
0.006313182865105415
0.12957389445037606
0.11025751570617313
0.7268091905959465
0.027300589340809683
0.15216033119325234
0.024463081315286652
0.7710314517854485
0.05704751673789589
0.0022469909004158755
0.041000059628170465
0.08102904055571668
0.020496510947997072
0.0019695846186102805
0.1375777306283968
0.10259357330922966
0.26309820368125303
0.002775536963462863
0.023456468561398453
0.00534352811106563
0.04210601158533203
0.05034288898475127
0.013431655106419305
0.009995479632799287
0.1494780864233421
0.048181804613306685
0.058686648016831565
0.09922640419049296
0.1649496201872444
0.010979242430250006
0.11893496681016194
0.04423604549561791
0.968485945305079
0.0022591571972507643
0.11088522820513706
0.006463598727329094
0.01656053587616001
0.0038144252773316383
0.326792479205087
0.0028089287359206643
0.12207255924718143
0.021667958002961105
0.9772906986573275
0.27406432346245924
0.1919789829327479
0.02944147218708891
0.02132738543236224
0.008695942746511122
0.012430775729338178
0.0013224302153094075
0.09075641227533554
0.05270393027043328
0.019518450226272556
0.9063888806359841
0.02721548032279426
0.020444696916229205
0.04380789921168446
0.022349001766881562
0.0046247978084221686
0.009413829165278314
0.013124395515097968
0.025455193721091406
0.014824876857729246
0.009855872578728423
0.023476682616430208
0.08962117116660673
0.05032853378498637
0.06819437084073028
0.005085897715352359
0.023689514564297083
0.15115853872005014
0.04631010565144744
0.9949308896632247
0.03605976814232965
0.05657842488852164
0.03652815183898418
0.008089670547225482
0.01921382753095507
0.019730269934166312
0.04024014083542611
0.0739172147645661
0.3550940622612373
0.007887680406157154
0.013575353967374849
0.0027834910468158757
0.023038024517579615
0.005640720580178808
0.2780848199727909
0.020401824039876188
0.008810289337078048
0.005404747516871676
0.026264774888973018
0.9785958800284771
0.18979825746474974
0.9640319980691741
0.07037753171662234
0.04571480157793777
0.012958947505540925
0.009251690716223865
0.08466906340928546
0.08770011629920753
0.04887612422459891
0.0684598332608567
0.011583316645471381
0.9138452241850659
0.19466046770628523
0.0522307937328846
0.014131030069398445
0.8786513592152322
0.02374493297329745
0.08545719473929468
0.02491937887476975
0.033839355244816516
0.018621155259115146
0.01582959320456916
0.0031045328126782837
0.0453044074128695
0.005970121422251455
0.06467964739352189
0.0010402321920446214
0.04577207232327114
0.030599092877945412
0.05706000975847546
0.9639035204684219
0.9844607021818428
0.7903709154236599
0.019697332367963373
0.009286408175382323
0.003291361491103095
0.24584013657169748
0.1978794681412396
0.11519346827070231
0.015307592864051757
0.022619310307405913
0.09041357096375012
0.03721945406009075
0.07074118677896017
0.05090760614109928
0.06705763056559243
0.10013732501142092
0.09763975068372643
0.1559051343899737
0.03840486776598955
0.07717101307907612
0.019110599839553957
0.1826969346857151
0.02687992160652134
0.025988717229229654
0.009414738196349415
0.2356954194785935
0.09262964676129949
0.057190300371831114
0.10776515677525106
0.12183955279956346
0.9715936926912541
0.05389432421938967
0.06725679859257652
0.9830976476265076
0.16983997649561514
0.048976053051197704
0.0645386171706778
0.052196143983805024
0.018551894651088863
0.07243546847519314
0.05833539847396556
0.06710944963220895
0.03340696449643262
0.09571556121124795
0.2825411870573644
0.1799606207226735
0.0076274949956564985
0.030961992152253814
0.29096614654577885
0.008389614176812128
0.05316859811974417
0.05636985472390614
0.03247422032842172
0.006904260447501362
0.024411809922041026
0.0546086858795825
0.8597394053115084
0.21081585891957028
0.06997499327878842
0.04257792171498615
0.0010259771504631887
0.9744207035042313
0.019925553653248156
0.004782821660031258
0.026101603493239277
0.15273993791521376
0.02871067720881435
0.9527677525901358
0.055177138400586107
0.04766232368443404
0.2749741362126924
0.07467979317351045
0.28165518140374196
0.026251467519462147
0.3612504062127534
0.15969456476578905
0.9698709054712137
0.08785030204164626
0.10878903847980713
0.008558568042327885
0.09586561633133431
0.22058852771305384
0.02170933542866752
0.15262819388323207
0.0861559407039156
0.0393926330251536
0.0947568324475843
0.007426644253547914
0.03759090242450087
0.04824474138963079
0.03311558349057395
0.03232135839800375
0.03104633864426266
0.10125377525772136
0.9615245599356438
0.6244115028066834
0.15582520010480413
0.8410571005138102
0.13967929724902772
0.002832820404799502
0.04568712344828001
0.36460348987316965
0.0008441967062207185
0.978563660737839
0.030939200782278867
0.016946685025462257
0.08638601752998397
0.961340474763365
0.023302403918768325
0.977015262557979
0.9761025366526324
0.002992630372346144
0.028510211037484072
0.013240241454074429
0.019239031737742475
0.03667471736117007
0.07294606793557204
0.07175087765952783
0.02208004442211773
0.04572256161702905
0.0556562266529623
0.02041612741995793
0.01945948884352456
0.04462725980995695
0.018328864979102483
0.011564880406880565
0.019199027768533
0.0071146359128657025
0.10489738484728423
0.044568970446201485
0.08655640611562607
0.0441502273910209
0.202160871238168
0.006421368328049563
0.018296036796233147
0.14745458882133525
0.06413848095508498
0.025995602407764884
0.014796487996276888
0.020928053603302466
0.9648059956126697
0.004859386941803268
0.05960818888485978
0.17067987140214255
0.02180013121945433
0.005424177807102484
0.2180498867786558
0.010527233653009224
0.020642105820109783
0.001199296447351265
0.07019907468436151
0.07899024835350632
0.043654100424205325
0.04594135922944085
0.02982360598428609
0.07481991714815123
0.04578105129902822
0.009733715223649273
0.1245059784962677
0.022417939312523436
0.2945083951399331
0.101034730342636
0.02354160952390175
0.10207479764011623
0.05301719325132191
0.02687918458208462
0.016619454531620687
0.010448637923448797
0.036403594560982
0.16313159688900258
0.04800352035923558
0.006258793674345815
0.07818079007737433
0.005998154331472184
0.014143605157802287
0.3231505941387607
0.06353885217491428
0.031113163452431238
0.11370910751891342
0.08929666580298261
0.00317542460918953
0.9296277733260897
0.41265486537224433
0.9942788190446505
0.9392779762925767
0.03955190562662561
0.10378797098531475
0.0708497342602194
0.04385923665502303
0.03997303938896011
0.09632522001791761
0.02196868944180676
0.7771243787359358
0.16955549006807
0.0400058084835385
0.29943260100361546
0.04250765569118046
0.02349104907348501
0.04767832894369027
0.02315377239347101
0.025628427528413263
0.001578949893688036
0.053579299560606
0.024582014963153948
0.00774400584845079
0.18910974921875048
0.0689046192925608
0.1414607811441526
0.06645230125907356
0.012753054565687023
0.019617056302086665
0.013698059635183635
0.12199279427765268
0.057154531491605536
0.03763862244986624
0.005757441972998714
0.03163487262907633
0.04465483886599868
0.04312176452031039
0.003935068458497128
0.0034758268061708805
0.039571346037222246
0.4862567263197813
0.00316837667113642
0.011729094801694857
0.018266836881281966
0.25792491011535307
0.03607308468851795
0.014653344091131592
0.019302871836906085
0.8097279216175909
0.05103464756292491
0.021406196007315113
0.3575786815956513
0.1746961046582527
0.0022518547561494306
0.0058692995928063315
0.0692005232211702
0.10489304507670011
0.035962799785544425
0.9930782041686794
0.1611894125933833
0.26949784437236096
0.02277047776769693
0.008951188786050649
0.0010049449535784385
0.07442748382582536
0.08505630284105391
0.9497357039279518
0.3829790953520417
0.020936321168011987
0.17353500791515064
0.03518777112047766
0.19312138784855742
0.004920357066580305
0.15487241786237263
0.03767252997941026
0.1260013456775875
0.11667244864772863
0.007776325570530347
0.02475004783608777
0.13247826992899064
0.9801233636749674
0.07880577278151019
0.3258229679258803
0.30377158787283187
0.024598480358114277
0.2281667070852028
0.05805034764664827
0.04744607290762146
0.06552724739641515
0.08368996159239499
0.23711404902327216
0.09500215865538829
0.08045126086372871
0.15114623803765043
0.07674589597847127
0.25810619509520566
0.05326027403475424
0.8742433664557393
0.503050337666327
0.08837642877849278
0.026855789725151576
0.0024151848301127727
0.037978877558952934
0.15225154431030538
0.013687669403206707
0.0624224380830187
0.013326129256341648
0.2643778564700883
0.11199376401866108
0.05669873375198923
0.04380850825303639
0.06864291432206293
0.049887646616229936
0.008681508718548161
0.09321492696533579
0.0015239949530659346
0.010533101639728652
0.051006704252192926
0.03297883049152437
0.0509879882363463
0.9627008322143602
0.007822453911663849
0.03993611307910144
0.9860695542548528
0.008652746224890035
0.013203222133161297
0.25614574342041413
0.9747500735808436
0.024501933703757618
0.028548298015785695
0.027433368717613423
0.05296340176392792
0.04283000669072308
0.020925996167798624
0.015243959868709708
0.02601180753999667
0.040817502798136514
0.044511034953226884
0.9796890991764612
0.005332516042223997
0.023792165204713223
0.008604640803895657
0.23074488794645026
0.09849025675627537
0.058032307411344894
0.019912764850390577
0.10653962199557843
0.11392837862054066
0.02380274435339773
0.01696718959073805
0.0028824654760676418
0.08881113147647636
0.03545499123557484
0.04047670048382589
0.1430016838189226
0.035591721199999066
0.04849522498598944
0.10607245221329026
0.02629330779031758
0.021733315332298962
0.11750455788262808
0.09990264423770998
0.018489122808544672
0.009307299765643082
0.005573490573972056
0.01553557693568005
0.0039147389965126555
0.012027016127823748
0.01414424701575571
0.009901653058962337
0.0032463946426470004
0.015827245331839872
0.03805659793510154
0.014008793917122023
0.040139975865137324
0.8537740938441034
0.07423222545090252
0.970054338149473
0.1028334206046612
0.14276984099263137
0.7840070450221892
0.0609112109978051
0.07192042310644411
0.12468626531124771
0.006291145583449197
0.01974908899537598
0.038613802536878614
0.014353398964563082
0.02615647730318171
0.03593044434246258
0.18389738348393933
0.03955609021582036
0.012423311037307575
0.008705271120075813
0.012346645400390885
0.007884959672178036
0.060448470929218116
0.00524575011855323
0.07424233150381378
0.07820351908509256
0.049059482207935615
0.17504704886826125
0.03046454741755544
0.23393221276548218
0.06615802050846283
0.005656453501844772
0.09484904015858502
0.06243398856054281
0.10456440683147018
0.07807222649315615
0.014506810704068401
0.053812707438761244
0.3427107188006141
0.010946515451489227
0.9407249281376853
0.0017574745549640525
0.04758325426088703
0.024397877256360553
0.0038086957572283212
0.01535957904374521
0.018787021089040585
0.14332818912586862
0.041208430457462746
0.005131077254776517
0.016057361729476683
0.1762300100009428
0.005768884493152529
0.03833100475396548
0.02828879917659756
0.01794096649655402
0.03147304333329392
0.007682620711143122
0.9932395290158114
0.023381813505415166
0.05080163017711997
0.06766918174057432
0.01994167105244398
0.07653276190252732
0.030242575172874063
0.06709313692205965
0.08838912890569439
0.09239967149167451
0.17349449461125374
0.02590855148752432
0.07070572341496896
0.002444711745098324
0.0011120890271171808
0.04034358586668118
0.0016710664053613549
0.07182602956345877
0.010543419068376182
0.16011282627162543
0.015395879982020447
0.08387284912354889
0.040766070330583236
0.045096370757620775
0.030445350688865037
0.026018392087277072
0.09039789409367839
0.019072533053380945
0.08263261242854143
0.020381493481234338
0.028373418176795593
0.04717426550183437
0.20201145647379565
0.02903978413210097
0.9858706710012769
0.14824407896224948
0.2567651466868195
0.31268176008150456
0.025695080926516397
0.039978798519206896
0.8239174812726459
0.03892618447062747
0.055660713687362334
0.201912797795242
0.2591313921344828
0.01791367796411752
0.02858147796901749
0.04106466317449941
0.31291760344034725
0.3023633987262678
0.259727674646603
0.027082145484887032
0.0169704752491224
0.009530392950575669
0.012358937761078131
0.013974065711712159
0.08149463878130776
0.01430180684432663
0.023990451759965406
0.8642837265830532
0.13572964223216216
0.3628120263750638
0.07600820739518183
0.1637628069845567
0.08628617089304129
0.24786317238737052
0.008726492190187396
0.8870289598216173
0.018295911724048236
0.01929182528540113
0.2140246995220915
0.03452498330658812
0.013443415411610793
0.0019584001489165543
0.05769820838002877
0.06972791149214444
0.03959490765599358
0.009002786092085727
0.02732843995051696
0.9589574610517995
0.0014381831916454718
0.5843765499471723
0.052048662539228976
0.00641250325718435
0.031431259099898516
0.009114022982383577
0.1987351118289217
0.016219855927448696
0.009485618832020312
0.00979558730518
0.9268077456623813
0.1507659565407747
0.024439654906752643
0.0689198082797146
0.05394102383863861
0.021807277704620744
0.015050865755644707
0.00887118703798442
0.058398687849513665
0.0024924348360806357
0.002100984565097057
0.014938497136251207
0.023850291384373612
0.07288364124675077
0.017507867276720424
0.030620674017028095
0.3085702541447504
0.004893948427891212
0.8265632606381813
0.0049129048435480015
0.4379572787456754
0.0043332318219092185
0.026042551739824688
0.9479107964591241
0.0022464683432396387
0.10528262082059832
0.09015451979226326
0.14840890051604155
0.007596624729106959
0.04625263226728916
0.0016261535964685017
0.06519444670795757
0.0053007352899240925
0.3043964569423253
0.92340026336653
0.0252877529381988
0.02417392473188138
0.019921355232696152
0.9754470899408636
0.050220769135424066
0.00709072278373688
0.0029178101483105425
0.0014302888550471542
0.04704382409664713
0.08050178237092337
0.08648641572158389
0.043044481584870314
0.9188970905100183
0.02684082081650998
0.0047547254137132785
0.06318544714315139
0.9938694601128014
0.0944023725849217
0.11056946587614813
0.22915465582405156
0.0346277326734838
0.09898281822330544
0.03192471872388651
0.07895071051820388
0.059698905713527206
0.019400026053031642
0.14269268139563898
0.05401888994478644
0.0026478406106740823
0.06449161100571346
0.021301250074760806
0.060342344711599244
0.07618829092700238
0.04709684837523677
0.6092496279901626
0.04021814052886082
0.03354326840413805
0.02695002378848983
0.0044122089974642864
0.04349540936744027
0.8553054085983983
0.13884171669715173
0.12757627056603896
0.32035998372185776
0.017984278005084137
0.02009402798702921
0.09047342557312538
0.028765532915058824
0.028575701025176783
0.036559557161278226
0.08194309435052054
0.019207945868737725
0.05071136151152949
0.024297677375769926
0.026027750147915037
0.015549634299142648
0.01284858270408136
0.05114598051275247
0.027246053221831424
0.07321982180141957
0.8613314824336887
0.03189556186475543
0.0067989345261851705
0.03249067419235062
0.023981217437670153
0.9810253183696177
0.21430855147525274
0.9488563160905594
0.09992672363295158
0.23385134854248146
0.01486734859100625
0.9780679557916193
0.027101727040524534
0.1058556635410572
0.05238415644812184
0.10451833908932756
0.0653737756085864
0.10641385240331044
0.10173077260208613
0.04283261850907896
0.1697717810794883
0.8810502103729991
0.01908287911332583
0.9888834096825452
0.1294889807900959
0.0697553227260213
0.959079029934215
0.15584729644527537
0.969033021279874
0.2720513544339131
0.9572662695130605
0.9650314407078635
0.002381208472411033
0.007196532043108287
0.10444405961181599
0.21679093555724688
0.06671937142414981
0.14400189296696123
0.34697276885837064
0.10757125885021988
0.06942434052687535
0.09319410641019749
0.2084502615451403
0.02521505700334179
0.18773689140875338
0.36936898765897896
0.4328230920386882
0.07208351576515142
0.20605110206679889
0.008073194509054549
0.8247839124449426
0.9518332215946655
0.3931417194424832
0.013311788506683974
0.00970659380451919
0.007178403569207363
0.015990433909961823
0.9705235270111974
0.2907310597050464
0.023597266207686443
0.007485035632736171
0.10277536057057865
0.026257065927462735
0.9820576980300458
0.04911743113975652
0.057353068261050855
0.010168075547210258
0.03843409486200042
0.04267923885523671
0.004542405291184505
0.24569002427113198
0.00523062129067551
0.019735310724928134
0.03346704582671227
0.9602812758957658
0.009233062482328675
0.03965896299093657
0.09924130602701618
0.012948976624884798
0.046833869579812865
0.016061786375520498
0.007124480013765685
0.10127896260126452
0.10035407180625039
0.015033599088737665
0.028196505106979634
0.9008965361998095
0.004624545808504657
0.03441033709386121
0.002271894486083736
0.030797638931571884
0.02499416965170311
0.2161236381330284
0.06790133081472334
0.045076969449488816
0.08663937867482578
0.002273565277175925
0.14964414910634272
0.01067881648435845
0.26942485533214333
0.002032245766772248
0.9834405943740604
0.012253925733973058
0.013554776713712158
0.9552972857983726
0.027581229069310202
0.4829686120920895
0.0188763574390807
0.01768628156495464
0.1162885655266066
0.018029822433589398
0.040480260292408
0.05670181191145774
0.00943678445790816
0.030279897317574647
0.021766164952862203
0.09328595101685157
0.09181693278598309
0.05293854675798191
0.0931988526475431
0.24790134058986246
0.029868002055170477
0.008981929364091904
0.9898190738305087
0.012465061415541575
0.9202688742066399
0.0018557200492311074
0.011700112051668264
0.013457716389138856
0.11366385978961106
0.0008644709401722982
0.9400580925765303
0.3845940372518108
0.9308925811087424
0.10405200724533874
0.0030559231446765506
0.03961918102766529
0.09442441436225175
0.01969274279787203
0.09906070951558146
0.02207164677822187
0.02640712282093562
0.06453183341680782
0.07763710273278479
0.07458620356342907
0.0781157265519536
0.04604366398258021
0.023744601285486295
0.6385887105217465
0.7545116507194555
0.005168984121544456
0.024913923198603662
0.03626267147580609
0.048016510073801935
0.042480256288678936
0.11246146600821803
0.0986753754512911
0.022739025970239364
0.025289966965069046
0.03691544375235505
0.03679919560508681
0.0013107736493192426
0.06811205247549454
0.08833938172172413
0.011201260997987857
0.051244971672708965
0.9583808363403142
0.017658471077138648
0.21187388446090802
0.03798945892970697
0.004135157320535175
0.0059957974553416045
0.020707705005616518
0.9784539491270533
0.02237097198472461
0.011280834663081234
0.09627189994749012
0.0766789562941494
0.02130440421286709
0.059187799615404144
0.06611811153210255
0.031965362087828575
0.032353031803345915
0.0321455319478357
0.018012610468603762
0.07546880764521664
0.015018435622748336
0.11004972580252981
0.02383781089750397
0.049701892063785495
0.024809881884503098
0.11290680316559144
0.29998107605750907
0.03512608180576321
0.05445244530029794
0.013138600037677707
0.111982097066812
0.00788625024310924
0.6570859148773416
0.004650388199829803
0.2242283363565099
0.08977072009040515
0.055094569363534324
0.04962247863675075
0.0333290236194888
0.6816706130400266
0.07291045230262373
0.042174851483914845
0.41093631188007546
0.03034577500631401
0.9679668570803202
0.023790767317609346
0.014367881560414075
0.021999810633574465
0.03515004271491961
0.9684792431863243
0.12453297661726927
0.008917623655435063
0.034877567095600706
0.05421577495975851
0.03184677388311077
0.112438742866372
0.029785515752682044
0.9888327356265788
0.19020521234360274
0.9900190828139478
0.9726317539186831
0.0014617295232006353
0.223097276199624
0.09735218207650248
0.9550234902049791
0.01767540349084166
0.9784146954733931
0.024096512829390654
0.10199245598909101
0.07029691946469355
0.004825941058113053
0.017209309648318127
0.11013601975705421
0.036474308990327504
0.013961571679001944
0.0045663196764932435
0.0413303288170946
0.02536707349410578
0.012164747782604067
0.032443084215297215
0.9862641458380997
0.13958718204412354
0.03044525201517842
0.14969149578904156
0.9551167482224203
0.0514014366302556
0.09694837555745567
0.0012060266492810057
0.021603660809458892
0.01906519860386347
0.41166359497057614
0.04232611665879856
0.016297309124776057
0.0030180632958579897
0.08241872925078135
0.9865470899839348
0.09097045272341492
0.017432656701499172
0.002547359187551484
0.004144732809963258
0.0838875766420911
0.017062872555378777
0.01743059468182588
0.08192937817873841
0.9903157223067146
0.06259688361113423
0.15797230526366454
0.8137477391903805
0.018820640162470956
0.07319039513529911
0.04261835426429382
0.007143575568017063
0.014600326356991844
0.920166482270208
0.8127360050869775
0.027926356619686753
0.07062559400263045
0.9812490144869671
0.3516150552919948
0.24941934820004652
0.05347120158342131
0.1903006745956189
0.031831593181143134
0.05684955496474782
0.01720904052489982
0.0374549737396466
0.007183120970807978
0.07045999899250144
0.2605264249935553
0.006277806769087525
0.07461057319696082
0.04660257792934434
0.02374221813903955
0.06050651982484194
0.02774474472778416
0.14070007891267922
0.13159078941611352
0.8745391081825994
0.007084899942119617
0.00749139940394774
0.007712386520625835
0.015130279792549316
0.01693617609110885
0.9823919205104039
0.030690389550938644
0.9948981037982704
0.1118198361599723
0.9820067933944724
0.9823984346386883
0.04866178184491846
0.9895879214266943
0.9898513861777214
0.9114623118537856
0.9900038129389522
0.9889857315243968
0.9141933755531935
0.028841944354774333
0.9927423474751459
0.9880844753710829
0.9906663804713162
0.9908383904538758
0.10396102250178575
0.9398325883248165
0.04220309387153306
0.9771936486949614
0.06142587897742598
0.044148051651187105
0.96941648109216
0.0026750578654245027
0.0016046029215320459
0.9738175978623284
0.058723509189905695
0.002778133910636049
0.9825247722877332
0.9762225525601621
0.02896063217209348
0.9665165486720809
0.062012721562999286
0.9715277262736183
0.9719582639738938
0.9509654063121327
0.9699921373455624
0.9782419998040763
0.0430751440823036
0.26187949504229846
0.02662226393060957
0.07038008465278042
0.9845462599637979
0.00803204981594402
0.03857532074280085
0.03938168789619924
0.08692027107966667
0.0005799112142506441
0.06647686966498326
0.048048826876679954
0.0066508625442183306
0.019159389479733762
0.049147157820956036
0.0008800902949605467
0.047584380701935616
0.02787299313791588
0.08761928616241031
0.05586877360210545
0.010985874855122488
0.0705967457785769
0.008588583181609488
0.014033381280014419
0.008683881105012652
0.011493771587884597
0.21026928505811276
0.020811218947493024
0.9837471391035078
0.029683959013182853
0.0014498974133980754
0.00595092518110032
0.07551512002765984
0.07394974294531406
0.006900100543522275
0.004421897448598367
0.029700005880707606
0.0045259013565310145
0.001870098028956533
0.007523182229014412
0.08411394725868097
0.10955197771312553
0.625179680160944
0.0021035785191185806
0.007976919149926147
0.001418300116085625
0.017609919696124368
0.07548351355349019
0.00739701754692403
0.0009377904816141631
0.08458717833591727
0.011530988281106585
0.9588523631558676
0.016499971063391242
0.9779570395316126
0.8292027540790797
0.1545364282379724
0.07364543710869292
0.13590796871455926
0.025599554649793365
0.9424252573341189
0.08838084749407385
0.1230491341115276
0.07331084000775606
0.09593801157802799
0.03342173180418479
0.015012330675110121
0.036547341066930444
0.05789191348592604
0.05022887907358772
0.033235534328389355
0.030229067733224497
0.031764089083968314
0.04780786635537033
0.04190445582274051
0.052835950044191136
0.03362871941864053
0.030401386186946478
0.17531172554631919
0.16179090015886594
0.9779841463547803
0.7125268380180757
0.034843442242498475
0.04343880006723779
0.006741168816258681
0.020656482578208398
0.05809817138862115
0.0017334878065403238
0.05565672302257111
0.04464237331069808
0.008990639729145588
0.001989732852258213
0.012234891032428086
0.09517851948445648
0.9462799222061371
0.19671918117368498
0.6059434779648067
0.01961933941745741
0.18573778243160094
0.006257656143009353
0.011239030352630892
0.022039991398357064
0.054938839701186015
0.16036591880234027
0.032956656793387364
0.0016402795447669673
0.031039492422278193
0.02220164446786238
0.0013082335599265665
0.9637378884020587
0.01757691427870457
0.11371757145773578
0.06402824049882644
0.12552158136204808
0.03394218512784645
0.0749175748593235
0.03367478813803327
0.15101255093155302
0.13799536146781913
0.04561749615193602
0.30871396701626336
0.40992980701380455
0.21190360480015505
0.22017382581518471
0.13254330947723758
0.01602302511893532
0.0052862844483909524
0.011978004265423376
0.003933834290647593
0.04358826140542396
0.09391118360840003
0.007057133099609329
0.011880114359209826
0.04939150624161107
0.045110658737426965
0.032964030046329605
0.017642024140442865
0.2400307335645526
0.14409470132088173
0.090583566043037
0.019516988067983434
0.1320140631832165
0.016009063799033867
0.18552700897340005
0.06334594755072374
0.0030724733993076673
0.06457805109603346
0.11048528599775922
0.06594542314211424
0.0022164796317321427
0.2594592711876867
0.0012933166208105402
0.033104208198356695
0.031463825499712494
0.1121903486418469
0.03320159547334443
0.10657937086246633
0.3138375813383917
0.0029529091399811773
0.0166258912630421
0.0016157323916300894
0.021450230011905963
0.03948357528413684
0.006605892045725233
0.07994207609046462
0.022471897299759628
0.020691628923891696
0.020507515558224824
0.06362188098439178
0.9827642664383004
0.012148353681376945
0.006134472287614404
0.1064309374443241
0.020380876203474164
0.042167935310757305
0.027237180010716625
0.8680230904625126
0.736841265972595
0.24032081133059116
0.07540861061602874
0.9418897282680943
0.0820249001269512
0.22394153018560464
0.30851670103061385
0.1362350789961222
0.018417154574303995
0.9784064725783433
0.08949328500415545
0.8816151015580656
0.008378592064038234
0.01507489530535427
0.01658115938092116
0.01580102153252789
0.951491767830356
0.03040916321505875
0.013087045772102526
0.017567773397085498
0.01948091218726648
0.0052436940548553
0.03637799562307263
0.412368300142993
0.04568275691025836
0.02247511242962812
0.03346948212063949
0.10888477345766738
0.022240432382844927
0.0433992372259149
0.028744135897897233
0.02217193625576347
0.9846058809598692
0.07073771314811941
0.003405067194005224
0.16785754671329206
0.021152371704866904
0.024105789848473023
0.10254616727560115
0.009723338889677729
0.17402521570883275
0.10580272543731614
0.023430713086319242
0.01025302045723006
0.007408286853933257
0.016513763496803155
0.013888039267973678
0.034914685539788985
0.004450190217127958
0.48614663087691695
0.013660806532136648
0.9414555873659131
0.032265050366230445
0.021443718026267215
0.011261010722257861
0.04570613511646929
0.039097066556806274
0.015638374356333796
0.08151847514727825
0.024108337939318363
0.3903328224292687
0.06696497624976737
0.06286282410452282
0.03436553916066251
0.2556976387829892
0.013317172923597534
0.0020074596517266445
0.07498897290051364
0.013903173575938734
0.9905054037276503
0.1467956574700393
0.009378680685880481
0.9502438686319046
0.01423972220857631
0.9803955874244936
0.14152365258641558
0.05380025347250449
0.003469484780462639
0.03497803845428793
0.02167750085398756
0.03770983793992477
0.010787822596762194
0.02648351349560856
0.19786537709657614
0.053483165276730735
0.23303876065704288
0.21416160981695204
0.10056496988157967
0.04463068571220234
0.017245326229698092
0.06488976295105965
0.9715508696508813
0.21202068096833315
0.019232266433502065
0.06246386005228963
0.037449496076413256
0.046126526750940894
0.9836184096489852
0.9599596718781371
0.4144741454576141
0.19265560028464623
0.0698703737424676
0.10450940110869833
0.0033056420776900793
0.0033455099119179526
0.07042641766285196
0.006399323102802448
0.315512211987764
0.9867485868779601
0.0013008800152524212
0.00878832052280002
0.0016756702683910466
0.01905250568758624
0.22702506010372248
0.9859753170653517
0.016904190835935716
0.0018604441538618954
0.9877517436153433
0.014439355026774231
0.006294810994843158
0.9766201293841922
0.9868578025934843
0.016115654941685893
0.987963024290075
0.9914457698767895
0.01725447410275844
0.011163144624058532
0.07309095556445465
0.9891285715148637
0.0172270414078565
0.0486699539754438
0.01667449323643458
0.9728322139267577
0.0033759446593995554
0.03962423077100349
0.008657758846888252
0.0070973301591039355
0.04470114696633277
0.7350763342258603
0.03951201919566586
0.002267040438026069
0.025805014521055096
0.960444390108654
0.052469084970101026
0.04350551618236848
0.3100875074207709
0.9013321328149004
0.9397156818846905
0.0233006964085722
0.12821533635957613
0.017124522362305883
0.1704240705297414
0.01735078385736055
0.03449295108944405
0.006095426106490784
0.0337071756742701
0.08249372405561163
0.02135118382946591
0.019699018028786014
0.03362446423818542
0.03841435125022806
0.13592556327241745
0.05223298551496444
0.0807257294136699
0.06616641371499456
0.046238708141748366
0.039432470849879796
0.005036005620412749
0.010396096314961249
0.08433653962889871
0.03595798518583242
0.054247223108133936
0.024971896709071264
0.9353541857440919
0.5312557924658907
0.9731753946153432
0.4619917548590794
0.20936765392895995
0.022093690610466482
0.0664451075123773
0.1296973478827621
0.00780510160547464
0.010409720902055622
0.020154407189495446
0.1497425472370193
0.035888724370056774
0.30815933915559046
0.048662904033785204
0.04801281104480704
0.06131016402698241
0.8684968359970238
0.09368979803684852
0.9709710173266103
0.06281109797299614
0.02245035424109591
0.033985686237921475
0.1707331339437203
0.025277351385593512
0.06569704628089976
0.0889990245392636
0.028177079214159642
0.004754309366817625
0.9473324414701838
0.021025953183381033
0.005177595331913624
0.002493532190918362
0.03985695587113132
0.10838350421383741
0.0308480040635757
0.017171218388328635
0.022157236807610194
0.006097905835412408
0.06158929880618125
0.028633330068568844
0.05499022976647282
0.025539780217289025
0.021211589976920787
0.00112814981266018
0.015223341611314821
0.012027218488967071
0.016842796971897517
0.013790070183365241
0.9730040845495218
0.01699397803981072
0.0012253752237433254
0.0014689575232400673
0.06372285998320107
0.0020360792668953492
0.0019377394502779726
0.006150684177540997
0.005530791226333597
0.0052745473049943675
0.005369989716320653
0.021490207005889966
0.01024206910010513
0.012667391811859614
0.09144555416857057
0.006272104725247341
0.014386186532771496
0.008595188457422737
0.009818098557338846
0.0008113482299397203
0.10780658158656842
0.010056215019524938
0.13676753236235023
0.900258751541022
0.07751261780632382
0.010530036545272101
0.02879226729763669
0.02317908436594084
0.13656514287194538
0.004607575229729775
0.017197363150443266
0.007923674597763795
0.019828840779231475
0.030662043356852787
0.11741150093008303
0.004815512948608972
0.08853106086462108
0.003934319220905096
0.0175219143993713
0.9647208551284632
0.9327452035762304
0.006480084112980451
0.1634909818751841
0.025377695506220464
0.1368988873072868
0.016011291583305793
0.025357827092928525
0.01480810100094796
0.07556126087386415
0.03316871656478828
0.05408330124543521
0.01813192406187263
0.024192663061094095
0.017639467241272657
0.04125537472621041
0.932129331934953
0.03950310079310946
0.10590810214726996
0.014300400296809155
0.0014605194458415136
0.004949511858251689
0.012109965324770412
0.9611934819289317
0.016579160168096775
0.01081413656999002
0.012408048540555695
0.01627413954509568
0.03723156128022642
0.014149176636869909
0.0018864681871899813
0.0068961665061982
0.9085247337377536
0.05611217055366184
0.009099847614064613
0.002928489044538738
0.00776656495571929
0.3424773620080258
0.019865486473593142
0.01564291566879588
0.0068698485300695625
0.0023145345827597025
0.012721512627975091
0.003215813598832936
0.0012952541871966978
0.13851312425101886
0.00880080035977949
0.9620719519210084
0.11094572887871457
0.06560892843400275
0.0034496039264552635
0.013405830282290707
0.06584903034994626
0.013006939447121255
0.007594292497849722
0.03791382665181743
0.0007209222735070492
0.3851685574638221
0.00571965353315933
0.04240270092263034
0.03783686772110148
0.009794099766470178
0.018531022503041256
0.003928609668741364
0.05740128316978821
0.007601983402765
0.03259308327581517
0.013866554031854427
0.9648827738604426
0.16617229767274483
0.9401564763572487
0.03452470529822926
0.012984811945515252
0.087379748201318
0.25797133591157206
0.09408205286806219
0.029586389227213777
0.0025119676638597445
0.02151078375450198
0.05830888011483095
0.004745642815350371
0.014156092396843014
0.02389704074073407
0.04795436565678604
0.01329933638093354
0.02373768854074553
0.013643528679725285
0.9618671391167901
0.023591663344824456
0.005993688849345135
0.028412971808187398
0.01627577980089973
0.008815360511605898
0.011738419130104101
0.005214037438087541
0.045490687908790406
0.007925586848222494
0.005988153969733874
0.08461965064316987
0.011714749902390943
0.01042820815835081
0.0771357833862337
0.0017340025173803654
0.015369442052562835
0.0033353856398652616
0.006814613795009621
0.0024274956740794004
0.006991335759609914
0.02709332798306553
0.042136827902000525
0.9601164486565668
0.027914637193752534
0.9364546377181363
0.005410513863181404
0.002563349382411466
0.027017263397900785
0.02634475913055786
0.08809878264284539
0.14159122629069723
0.046342858566772366
0.11917494235411673
0.024120084405673776
0.00821907130567271
0.03572557876055828
0.4905144554252248
0.011588426855000215
0.002901233855553057
0.016310563390411155
0.0048199801995996985
0.029569064275568824
0.004406990778509062
0.019877182850478986
0.9708978379332706
0.9069296564372478
0.005081650617067065
0.09418364335072668
0.08907237492001537
0.9863384155407725
0.9867748022289428
0.9787441317246501
0.07326075891638231
0.02822352541535396
0.012429034380693411
0.058853990339460295
0.17915028768599234
0.04888355589263758
0.9325545903903925
0.05548421561202235
0.9676725350299819
0.12472296543782516
0.017920305837409684
0.024302050977294005
0.08767386494330581
0.01886027622234425
0.07583102482200296
0.07804789912130719
0.03919321987958729
0.5759767745834891
0.0038612798173760852
0.021450826881850633
0.03369946366642238
0.0551530042180671
0.010703025078776393
0.006130323338133378
0.08044258718653063
0.1661330150601755
0.09455754551412375
0.035406465264587614
0.000765714305400472
0.028741577387023497
0.9393500368557107
0.10666097942074015
0.045953414269283704
0.022362768790183757
0.041907565501432424
0.002025090857661584
0.00907945826680472
0.006527310871488907
0.2105088492177464
0.003562777406721184
0.017308241340292286
0.001245874811690414
0.009777510152522524
0.0096048411876721
0.10555913569962322
0.046299928660896245
0.9893553868699413
0.010144036157444714
0.013374852112074755
0.029684143059556634
0.20719986506803295
0.005838565687591633
0.009967103649941732
0.008151485859551874
0.009237358207142497
0.03400221756651065
0.05285445430632647
0.025805613013904567
0.9085368833243516
0.01176407545529543
0.0077690395993254115
0.012975913622404942
0.020065839162163427
0.01932590194255254
0.0310330075995982
0.09235392719695118
0.028654081161626
0.007474623808378289
0.01161868752685604
0.017263679250194074
0.00459260996779725
0.015897307348848182
0.014651018691333933
0.9934986837259675
0.024516622654237395
0.0034185557107176555
0.017737017779640374
0.06406637696929406
0.0029403316184394477
0.003892568586144586
0.02107577052572304
0.0791291936344931
0.01528435210575407
0.03335513224727862
0.010417982822818233
0.006874912197018124
0.05345633749894848
0.0036243982974624024
0.8934394039591533
0.006398397814708682
0.004108707204792454
0.031048214636395576
0.9663966792952541
0.0031118153311455966
0.03287684694316813
0.09583099522656598
0.014667634077172965
0.02438022596050275
0.9530295309839092
0.9051528943320024
0.03746183182843609
0.00438539320957609
0.11210950896258567
0.0016710477395469633
0.009188502617053555
0.07496724630493339
0.015129902120072402
0.9342453502332936
0.00443211305471117
0.009955425793057568
0.03426547668998452
0.003976671531856745
0.015078949127812494
0.06653032787136047
0.00761415170241756
0.0965099514233573
0.11102071207815181
0.005991065652358994
0.016175178793772192
0.01248114316233632
0.0008096711681286565
0.29847539359698533
0.07269142767072992
0.025124954671686538
0.019074264908901562
0.014705938027324506
0.0011222509887130658
0.0594846534612333
0.006591113367742475
0.07030273013637647
0.011200573130237137
0.015177744657406868
0.011976618888103478
0.004344798117878278
0.011640554538516737
0.01812373585029614
0.01080369721127672
0.014967106100450073
0.032083295867814
0.026740369297593245
0.004835017016036222
0.017584853981890143
0.3832753037067725
0.007729488775190143
0.9818963426309193
0.9913761277703786
0.09821702336605408
0.004198761692100865
0.021818613271668726
0.09055867521780508
0.09754010459870084
0.9259270433007364
0.05204502336938265
0.9821229002538623
0.08086454154121188
0.010674690752474758
0.03377798668463063
0.08083536562306552
0.013113542522763878
0.003480125356229266
0.035152154254078055
0.9523202127216626
0.004450978664486099
0.9639172450441551
0.03854695421060409
0.9894470007910657
0.08489050991594388
0.002759936551807029
0.11579595174311444
0.9794233887423753
0.016584844689683145
0.3006975255534774
0.9416328906077108
0.9695164747597492
0.07957973184907016
0.010746847873649778
0.02874488247259881
0.035265677533355945
0.12905291758328274
0.01253194916154936
0.013247946308412471
0.018994168430434038
0.01715553087481852
0.02358027106187926
0.014343149054942037
0.9860376169062794
0.11362720704895733
0.9809262373866683
0.03251441936094547
0.07250083993010359
0.9327294575817073
0.01627124857232523
0.013720650407230204
0.9749815320083983
0.023693734550376197
0.9731718004670473
0.027917907951751218
0.0499415256085852
0.008016475698893815
0.01045763843199814
0.005454204470687256
0.2725683988016361
0.0738589188755722
0.023269252448291224
0.015957477989316952
0.019935339487378717
0.003003333520668963
0.33707981835828127
0.09230992447365137
0.006688605148006657
0.005054310260034569
0.9447221969285406
0.8223673588194526
0.01498624359817444
0.014282911126296958
0.018714795421120454
0.016638319620456966
0.022330140187630573
0.030366309194089187
0.003735305930266028
0.012415525512357905
0.8893608917904062
0.024740769345138754
0.03851732553664338
0.0018427471310004085
0.0526604316177489
0.010083658873400875
0.2944880588956994
0.005577377544091048
0.21488648615594702
0.008788791291935067
0.008323344521708905
0.006298328407144373
0.05577670070469105
0.2471661273231151
0.6469331733627859
0.0070360125772571955
0.005622774818516075
0.11717233959055764
0.025971460276291127
0.13552384852226276
0.02511702544614754
0.02048678256410503
0.031421845940087734
0.00658587729503061
0.022147319105832015
0.04544172778681436
0.005938251651859998
0.0013889904544471781
0.014087720572654523
0.24196517289184657
0.009681800644753422
0.34086473662267114
0.012294662575446522
0.04222890159130862
0.014882308995823273
0.19443885419654405
0.2035023681106867
0.009892230612765085
0.1414971216700354
0.9756919464901332
0.0018989605899429286
0.13267109290471812
0.014801358264570103
0.06691347138673827
0.020811370026781018
0.020885092396845637
0.02420208803094112
0.6654193399641491
0.113194850772642
0.02984266391839316
0.05178511517910633
0.09162560226610779
0.0070268977786571585
0.022233520813682735
0.031300934668968355
0.020783729738384178
0.014117541127312415
0.7595671626660904
0.006986433926253507
0.021416019776867183
0.016220304260823624
0.03664310452020635
0.030060760784631848
0.01893966974700642
0.03565510820996399
0.006954850501508778
0.8076105117772617
0.8479238223227449
0.013289499109016254
0.07423959184662511
0.06870898154839096
0.019049314072554162
0.02290133914630299
0.007055366660071914
0.019142563652648173
0.06983906898061905
0.010913567077885806
0.023553141651452735
0.07095338951814364
0.00326674505645478
0.007132012461076646
0.10655587680133165
0.02307722969168538
0.011926844114849384
0.11003116229396945
0.02182948620992089
0.9126282101696078
0.028102884975969952
0.09328651442205921
0.028412403363519474
0.12770472996072202
0.011767368073088778
0.14170257896553626
0.9523998655715175
0.016613879688040914
0.03477063095913452
0.0017882535281366389
0.0009795988448277138
0.0037920807603362035
0.013204015870218824
0.009099491377021433
0.04587858989109537
0.03320965354623609
0.06676969778767325
0.014791839135847192
0.01876824817066735
0.0023613940568398177
0.05563723159119624
0.25151651585975326
0.02981346370248997
0.944917072948303
0.013347410032844122
0.03311551422769182
0.030538299610612656
0.015934390904144124
0.03904108685644402
0.016031790993436403
0.0046054331979101335
0.008946774274417793
0.059617382719693746
0.8249773501031432
0.006070314044009349
0.14941805286955376
0.020636591094977317
0.011851343836744077
0.015590681983758164
0.021843604849744336
0.0008936811349192369
0.01937552583257583
0.024764951818723985
0.03619183697769498
0.015539037832862585
0.008235722321319703
0.24269056515685
0.05381132661810327
0.10775198367113549
0.02633819900426227
0.06762435573858229
0.0012484600098723443
0.014970065091029338
0.0013522184520205762
0.018847362999801318
0.4734409929316024
0.02285070176565626
0.025587187669070918
0.14210556104730546
0.002602515118369692
0.030064175557469788
0.9357849198021854
0.9943377680056672
0.009810441411116717
0.02089706358527749
0.0030312621470896606
0.012137278465490606
0.9907105172403922
0.970365060085905
0.06056045408545396
0.017845586567269242
0.024903416117540943
0.05848217197495573
0.03960069619949019
0.18043238944793374
0.001293377659080507
0.01721165672761258
0.9785797006152478
0.0844645991316919
0.09127566943103621
0.012068997018179647
0.024846317919991322
0.026901398274479144
0.9321175124465807
0.09247056776361172
0.04427502524385505
0.7767932884776015
0.01212280640173679
0.041320969395051796
0.01648792803697805
0.0048862634430122615
0.0381691580220465
0.05581038826353906
0.01708843989818884
0.02197622575983264
0.014505565009084797
0.8108327332996461
0.004065402394412053
0.8059642243283329
0.0017995808073086662
0.03817945515997889
0.0014181496359753256
0.05010675543324228
0.10501605662652197
0.018644597407693645
0.19045054481551144
0.004195618635516829
0.002922796994958701
0.01554803801384426
0.010584225492266357
0.1313876942713282
0.9481301734626928
0.030627520774657736
0.0018314257468024446
0.9292080340706559
0.031065642008912524
0.07959251839478562
0.013876747122403672
0.03553547731180838
0.05329318828485048
0.7686588919011279
0.2309887053255728
0.05726807888594861
0.06186845673157307
0.02373885430191876
0.0446675463785392
0.060571694546628474
0.18284751584317802
0.9562301218611161
0.02336602452266559
0.018444966940172745
0.09496317378474906
0.9007712314913539
0.021400049424905605
0.9909275763406479
0.04861016969747033
0.1565035942226248
0.04340171112007724
0.9365158304862771
0.07096727356197627
0.022187624303303687
0.9868861828115926
0.042087289700744684
0.08445797728857504
0.0023978140287115226
0.010240487920723466
0.004362818722471367
0.6284715250722237
0.41736600839757404
0.03154624093563952
0.9446077210401972
0.02008651642278542
0.014136016749935669
0.9872325175041863
0.04057962006750589
0.002161988329223824
0.7661680439887673
0.008768141281177111
0.9798717832244361
0.9391781939526648
0.8863710980922612
0.1306931495456911
0.5951508200069322
0.9878341056114196
0.15918760517055228
0.05702438839823421
0.031292220226782665
0.17221475435626676
0.1024662751191818
0.001807202418548495
0.12701157694370915
0.007703970080812861
0.020955491006074894
0.03227426224883946
0.11740443919595832
0.07579400864176027
0.025628427528413263
0.1568158190385231
0.021517928560336224
0.06611811153210255
0.9268077456623813
0.007462267636043749
0.8589201439784218
0.017954681194377722
0.09722975845921983
0.004588193252606328
0.07583102482200296
0.27087390448399024
0.04208840050136913
0.2566472803264816
0.018957399989811257
0.001850724152736957
0.030824289528812467
0.05162503231773595
0.11257702057590908
0.024254560614042808
0.05491726048683076
0.019008605780760756
0.002300220973916867
0.9132550768954883
0.08838064433519877
0.017656070488140024
0.1241931136675435
0.013060818592918922
0.6549060450256614
0.02127625129048948
0.9322096256419832
0.9545082022103568
0.019394369905920847
0.5959683847252818
0.03722781824065498
0.1312923265569
0.03611413628544312
0.02890188716422106
0.079764377352508
0.03291321285600308
0.436018356748983
0.9719850948672251
0.03359121078391554
0.04556671922257301
0.10221264462607185
0.9589996499229408
0.05886723963930834
0.9886239549251555
0.8925287234291829
0.037169648650852614
0.05223298551496444
0.003766917324411553
0.006211596492872086
0.9766702496957638
0.26882119729572396
0.062391614045745815
0.054074479232991926
0.0032714782253621213
0.02424863994870164
0.050357773832774386
0.01347123431281259
0.19123616637537544
0.02490493697115253
0.01768628156495464
0.08373043011368955
0.09870659819269616
0.15946475566844445
0.013431655106419305
0.08295849531667929
0.036095311965749347
0.007217338449517439
0.12336002486724057
0.0012616733318069188
0.0071767826509264105
0.04474996407691399
0.9840387634965346
0.026259684463176444
0.09932809067176453
0.0540583363914473
0.11512848479833174
0.007729933932543877
0.03229492795481506
0.042548956895999406
0.02009478605510427
0.09420716371174759
0.09742468228598525
0.9478487884858465
0.034999424183393454
0.032083507826138835
0.1305878706451855
0.03269639014141316
0.01805963453394972
0.29485274440761455
0.02765076090392377
0.0174970703721594
0.11905698250004414
0.026732671826502973
0.06666006411942954
0.15970797489233932
0.0016532191323187946
0.13586233818699875
0.06345140318025473
0.008330213592491116
0.9703560711484511
0.017212990587523968
0.891445723827588
0.021541932810269743
0.06185802231923693
0.1749980074845867
0.007897116369351222
0.028220488749170283
0.9601307454404532
0.001239962824715219
0.038411468421578464
0.0011549974641203746
0.0184543660138582
0.02766482491771439
0.019165927626415176
0.006745860740270832
0.03397543847656832
0.007347298138651081
0.15065894253133502
0.9519533499078613
0.04566672869527731
0.21916580127010293
0.008577779257839428
0.9877854328154849
0.00907985030793806
0.8983023556894663
0.014358655659595158
0.00281064998413802
0.1569353281844768
0.022849930310154636
0.011675743942084628
0.02514006915794516
0.06175925285359762
0.17818045349740785
0.0175310895238001
0.010372685715708409
0.00988546018453767
0.031923390049885245
0.08707821642062505
0.04940711606806395
0.30894505719807785
0.9393001626873625
0.03391139425813952
0.01797206676367106
0.018317617590410833
0.14873334122065235
0.9852340994997939
0.0395948816923519
0.048290185861249245
0.003632166032413083
0.0026236673261738615
0.9755867872425202
0.7084642741011925
0.26434221623080834
0.0016269273771230418
0.9144726267328511
0.023456990780620815
0.009265916333129055
0.006458220026071039
0.9959147600079826
0.07284900194855774
0.9810906805884838
0.9621873870654645
0.0022476241809140144
0.024188663437204612
0.006478188015247392
0.25358596284244506
0.34697276885837064
0.003920213206905288
0.017559104179675284
0.8992294454794766
0.0007389554620709416
0.027983545436519364
0.017848180179078067
0.0572077097593256
0.011593095994431252
0.015231580892254033
0.07326472302162049
0.04474797196368474
0.0728446373438266
0.9824878663650087
0.00718409912567799
0.008798256393710093
0.20820066160977274
0.08009808208208426
0.8022034670214483
0.9439520368681253
0.07376813482777583
0.129976595490526
0.003277656589932228
0.2011136949107301
0.06522057439404268
0.02080164906721794
0.07325203432035564
0.003888748055001272
0.009827005145575678
0.5339952804826342
0.022157236807610194
0.9432845126718276
0.06700736545365493
0.9419992752901163
0.05709085844943548
0.3827613544350209
0.9736998799918175
0.8674041754401252
0.03522258931256703
0.01773472364223499
0.001508186198047709
0.11793555661222228
0.1195485433341796
0.22647286917406628
0.0200299043847675
0.9606167060543618
0.07678874581910408
0.009869805197051364
0.9718927161424026
0.08580968198352427
0.021651196334473925
0.058239298271076136
0.9520252420633991
0.04596975375262748
0.06648947422207002
0.12189295523824563
0.025897479373887224
0.05298553602388505
0.9582663251354145
0.035790971910176356
0.9882904296658559
0.9712079064138278
0.0015344753963595055
0.026363386768429586
0.0342266548102323
0.13398432430400078
0.03546612349699145
0.017532235812536153
0.9704009819787923
0.12205080977234282
0.8796636936676854
0.02436316386393471
0.016817013035458267
0.013176003261925489
0.9135883528292356
0.7868097059703667
0.03689960053356464
0.02812061615311002
0.09906284660343898
0.02570688233226251
0.12954555858693576
0.1856092709005045
0.04231503725703602
0.3904938760077651
0.01689313044431679
0.01541732249059375
0.16435992461088997
0.0018659485079487782
0.012725667475184312
0.09372494731504817
0.11574518273892505
0.02536707349410578
0.9069627097435271
0.03393687359143268
0.02088382045646732
0.04748407155355513
0.030112853995465358
0.01615739762056017
0.07882430124359346
0.10683913127654827
0.03357114183531742
0.9370797200863918
0.970063485033917
0.9681948815327203
0.10887877223960112
0.009726857945294912
0.02508008181226994
0.004887745626677235
0.01062617909258196
0.03160179833064738
0.008437384844588572
0.0782231004735255
0.04368340585514854
0.017229004705443442
0.019809696787162143
0.05910879379498142
0.04378958864259598
0.021136338259890426
0.003629362627301402
0.0586888470296578
0.03114764154020726
0.03285965468604995
0.08805800114122704
0.055902010274642366
0.019453179034362774
0.031580725162993845
0.022927785268644363
0.026413836903620765
0.007936728896163295
0.9559695417163793
0.32884511273633416
0.9131370800594557
0.029327082350615447
0.2669354606499332
0.09187452678765606
0.1652266554045588
0.01599306186161516
0.1592910671896887
0.0029260747536293745
0.9694382225898455
0.07337053223413349
0.9311937571746327
0.0427853266307088
0.925405451634847
0.06868318083465186
0.044729055695633534
0.0013294721061605686
0.03235952095932836
0.13481900271164168
0.02130002239612091
0.1051798710561978
0.01383733137782666
0.655875452185006
0.10282127321279194
0.9693080348083244
0.018762397069981028
0.6221799071653482
0.005704962330844471
0.9654639527175305
0.11127879269149832
0.028189321554531965
0.2646021774218988
0.09119264727337559
0.011453346414104747
0.16483606597081835
0.05931975491766271
0.9532482589865318
0.9319386282698664
0.04089184772403909
0.9400511117702816
0.026202708911294528
0.09180372129022112
0.8967755081308363
0.8752632697808009
0.9764798957311212
0.22876452521359286
0.19113134804961207
0.005730885460828148
0.3603668416596869
0.010709125323021979
0.014068549901190948
0.02026018845192263
0.9743054218335911
0.9610419276758064
0.017264535163265534
0.06103706059307353
0.9677295808463663
0.03578185652571884
0.9461415790031
0.9550400960241449
0.04411069826908225
0.015097488343385118
0.020275542277026614
0.21828558429414607
0.9858297856397985
0.026910964505864027
0.929548532578937
0.9204872761867936
0.007441327553694677
0.9288667123958748
0.9513332342832773
0.19980041128568327
0.9105736389635402
0.9562782881526293
0.9762911702670029
0.9783802713244397
0.9748342055028159
0.9749605987065352
0.978249652118283
0.9839977351963708
0.9866201680859713
0.07099567568107162
0.9656221625641401
0.1699809665364427
0.1537406077802805
0.202291842447296
0.9661738408794244
0.0942044207777072
0.01747738099779018
0.974037040337592
0.27521232810304014
0.9682051001604844
0.4583666780081122
0.009847379075501725
0.30524351221228746
0.18716589202701286
0.1964356603426717
0.9491754384914929
0.481960709651599
0.291699510773979
0.9648373739317292
0.1846016337810434
0.12672193937713955
0.9609380114048235
0.9886921527520242
0.21302408284674137
0.10715622326984117
0.9927610578628643
0.0074439224752954
0.8560656132747206
0.08199499548239819
0.010487500516351075
0.15785041690763296
0.014788579757959379
0.29958322028424256
0.15000554856638482
0.9582118485026484
0.0358216498525754
0.015083443910904949
0.06103584720526111
0.020369313694881222
0.7016803337355723
0.12518499088452212
0.4896508213639252
0.1573412814523337
0.03283308207783361
0.08308689282072892
0.0944158944643086
0.021305497902640903
0.027502776028668012
0.03910042328876806
0.03903965286288866
0.06294853909515345
0.18652027151577316
0.10485248038271411
0.009725207420827739
0.07867004295103219
0.02218587155342111
0.03793064356051397
0.1495172539297667
0.09534709387108449
0.027593624721867206
0.2644259517651846
0.04577886568789521
0.009134054238963926
0.13943456327046294
0.022408975361440313
0.17347834531445458
0.15938306250691714
0.1099752722384998
0.024765305937350043
0.3871009771424583
0.07712902877751018
0.1148468449664278
0.1067056428345769
0.3793830274540324
0.10950362055441096
0.03930869669028082
0.03210564705706645
0.039181520755031604
0.017198922911048003
0.07133746827212303
0.028233490327194886
0.04010524743623665
0.0067306126567475396
0.9543914070657277
0.021837144962177216
0.03048907757885466
0.91116114914687
0.012080394689934914
0.03385448411425379
0.01393024256077207
0.014422200517808672
0.04827573252958167
0.06564270015361168
0.0040501750245682
0.019433968699360267
0.00534264141426128
0.09960196884796058
0.030729063451281076
0.009136534209182546
0.05923961222979832
0.024717908632670305
0.9014716649122183
0.12892098627798623
0.9317792435785461
0.9602845820584857
0.004352351682258475
0.06293266332769565
0.012557869962446868
0.0418807222212083
0.35223289736938784
0.02014561144426491
0.03576126405352759
0.012666830321944931
0.008261928914876194
0.023392667989320798
0.7274556967222036
0.02573057505536251
0.11474865316421588
0.911909299580849
0.8644175219562538
0.010907852762947142
0.009719928779328837
0.012332536100173083
0.5144325527325713
0.014168268867752517
0.039656419169703444
0.040286135859805255
0.02752255459510059
0.1394913018165656
0.08224233092288469
0.0363739700698979
0.01637896938796991
0.04974012994986615
0.1302790185941313
0.027481519946391992
0.7490185493982502
0.0038339007357980504
0.00812432936900472
0.01143901834154313
0.015036759898089938
0.03939459067009478
0.9810978749646078
0.0032054725277063465
0.010472472860006507
0.011344532421312475
0.19844667795687762
0.9075485510853759
0.037897054223304305
0.9665586333754794
0.08461243359771882
0.009526692529525422
0.0207728537041699
0.005712491199312919
0.052100535575435154
0.9728253424364016
0.49216493101505626
0.01417746190889111
0.0020075342929539598
0.9821059584957267
0.04611974497481533
0.04688166149571741
0.062038762897342226
0.9350994456625952
0.12110371333358931
0.00997779372241195
0.013187720714080262
0.02646816792302291
0.05087428897741621
0.013030274987356136
0.02776893646619376
0.009432891002549652
0.009566713710081914
0.03821770120614273
0.33872604242131404
0.006985662926701114
0.008069579951884003
0.017564036370327784
0.1200782206733177
0.056509681892437214
0.007047483297115936
0.018418928415366905
0.007287933797614133
0.025033335256157547
0.002193636509486629
0.014093862216319301
0.08232219095423604
0.07302509798082153
0.0031077074996240703
0.003387572788499964
0.05867798736584221
0.10057146002261438
0.13954404677656881
0.034691482210179744
0.9811507154432834
0.01848443009553404
0.028100387655187263
0.385191338702479
0.9537322019208485
0.02057349064845861
0.05149886546872861
0.012618862234244129
0.014663828400825559
0.09333236866530027
0.01853291695690754
0.1489829390015465
0.012443240176418954
0.018021817454575168
0.01681280523129136
0.09700627645114533
0.06463291824306355
0.9204549705255141
0.00813818429735797
0.0487238595388993
0.024866298177755465
0.06356136427541903
0.022294134627221164
0.16768045839756135
0.030585421123356226
0.013298998649897585
0.005530954837142191
0.9595597951834405
0.04555527090193059
0.9791393809463258
0.30770637204009127
0.04199607763476696
0.005772862542030426
0.012166799311113165
0.06007448423431748
0.23100300883347
0.9109231261633189
0.23234013420283212
0.9577987106725945
0.029607039967064094
0.009461317386513037
0.9743839789310766
0.01853412772837572
0.04955556602452933
0.4974603650449976
0.9248239037809846
0.11182936971049835
0.9756847449770347
0.07784716533951112
0.00750967434857044
0.017198922911048003
0.018500461212300513
0.024955510430245655
0.9882688119316599
0.012080394689934914
0.003751908900832955
0.9582160598321973
0.04485328747755027
0.06426380636298643
0.011491213726332094
0.9689280066363616
0.0487238595388993
0.009136534209182546
